-730785.37981	-730639.65543	-730639.65543	-730639.65543	-730639.65543	-730639.65543	-730639.65543	-730639.65543	-730639.65543	-730639.65543	-730639.65543	-730639.65543	-730639.65543	-730639.65543	-730639.65543	-730639.65543	-730639.65543	-730639.65543	-730639.65543	-730639.65543	-730639.65543	-730639.65543	-730639.65543	-730639.65543	-730639.65543	
-730785.37981	-730673.24782	-730634.02305	-730628.88353	-730616.97401	-730616.97401	-730616.97401	-730616.97401	-730616.97401	-730616.97401	-730616.97401	-730616.97401	-730616.97401	-730616.97401	-730616.97401	-730616.97401	-730616.97401	-730616.97401	-730616.97401	-730616.97401	-730616.97401	-730616.97401	-730616.97401	-730616.97401	-730616.97401	
-730785.37981	-730658.9559	-730647.16296	-730647.16296	-730647.16296	-730647.16296	-730647.16296	-730647.16296	-730647.16296	-730647.16296	-730647.16296	-730647.16296	-730647.16296	-730647.16296	-730647.16296	-730647.16296	-730647.16296	-730647.16296	-730647.16296	-730647.16296	-730647.16296	-730647.16296	-730647.16296	-730647.16296	-730647.16296	
-730785.37981	-730660.37449	-730651.55659	-730651.55659	-730651.55659	-730651.55659	-730651.55659	-730651.55659	-730651.55659	-730651.55659	-730651.55659	-730651.55659	-730651.55659	-730651.55659	-730651.55659	-730651.55659	-730651.55659	-730651.55659	-730651.55659	-730651.55659	-730651.55659	-730651.55659	-730651.55659	-730651.55659	-730651.55659	
-730785.37981	-730673.55318	-730661.86762	-730661.86762	-730661.86762	-730661.86762	-730661.86762	-730661.86762	-730661.86762	-730661.86762	-730661.86762	-730661.86762	-730661.86762	-730661.86762	-730661.86762	-730661.86762	-730661.86762	-730661.86762	-730661.86762	-730661.86762	-730661.86762	-730661.86762	-730661.86762	-730661.86762	-730661.86762	
-730785.37981	-730694.6355	-730682.90337	-730668.9999	-730668.9999	-730668.9999	-730668.9999	-730668.9999	-730668.9999	-730668.9999	-730668.9999	-730668.9999	-730668.9999	-730668.9999	-730668.9999	-730668.9999	-730668.9999	-730668.9999	-730668.9999	-730668.9999	-730668.9999	-730668.9999	-730668.9999	-730668.9999	-730668.9999	
-730785.37981	-730694.94261	-730686.42566	-730678.21377	-730678.21377	-730678.21377	-730678.21377	-730678.21377	-730678.21377	-730678.21377	-730678.21377	-730678.21377	-730678.21377	-730678.21377	-730678.21377	-730678.21377	-730678.21377	-730678.21377	-730678.21377	-730678.21377	-730678.21377	-730678.21377	-730678.21377	-730678.21377	-730678.21377	
-730785.37981	-730700.0046	-730683.07986	-730674.81247	-730665.47792	-730665.47792	-730665.47792	-730665.47792	-730665.47792	-730665.47792	-730665.47792	-730665.47792	-730665.47792	-730665.47792	-730665.47792	-730665.47792	-730665.47792	-730665.47792	-730665.47792	-730665.47792	-730665.47792	-730665.47792	-730665.47792	-730665.47792	-730665.47792	
-730785.37981	-730635.81724	-730614.00155	-730614.00155	-730614.00155	-730614.00155	-730614.00155	-730614.00155	-730614.00155	-730614.00155	-730614.00155	-730614.00155	-730614.00155	-730614.00155	-730614.00155	-730614.00155	-730614.00155	-730614.00155	-730614.00155	-730614.00155	-730614.00155	-730614.00155	-730614.00155	-730614.00155	-730614.00155	
-730785.37981	-730655.51263	-730648.98965	-730633.92096	-730621.36161	-730621.36161	-730621.36161	-730621.36161	-730621.36161	-730621.36161	-730621.36161	-730621.36161	-730621.36161	-730621.36161	-730621.36161	-730621.36161	-730621.36161	-730621.36161	-730621.36161	-730621.36161	-730621.36161	-730621.36161	-730621.36161	-730621.36161	-730621.36161	
