1
10 10 1
0.000 151.000 151.000  81.000 117.000 102.000  98.000 148.000  82.000 109.000
190.206   0.000 102.000 152.000 171.000 153.000 157.000 104.000 149.000 153.000
187.845  85.376   0.000 152.000 184.000 183.000 169.000  62.000 153.000 161.000
57.325 187.736 196.260   0.000 119.000 112.000  90.000 135.000   8.104 101.000
111.588 266.181 301.781 116.848   0.000 118.000 112.000 172.000 120.000  48.000
88.803 199.824 299.944 103.234 120.105   0.000 102.000 175.000 110.000 100.000
84.607 217.028 254.463  71.464 110.679  89.461   0.000 156.000  89.000 103.000
186.732  93.310  36.713 155.548 263.500 278.870 219.135   0.000 138.000 156.000
59.418 178.345 197.803   3.391 118.965  98.847  70.774 163.971   0.000 101.000
99.649 205.492 225.938  88.978  27.884  88.441  94.599 216.447  88.909   0.000
