2.76080096066 15417.8072
3.01877910497 17079.44696
3.37715859238 20001.50335
2.75680731616 18407.74637
2.74278976629 20307.58147
2.72305658555 18718.42989
2.74442540986 13285.9314
2.85131318588 21431.88946
2.62230715632 15649.83534
3.12927696442 18345.97862
2.65769821593 11014.72638
2.74500259952 12441.38831
2.70874431543 15067.76326
2.65769821593 13635.43949
2.65 15046.85651
2.2667717346 11734.4249
2.62047755763 13974.31656
2.24802003374 13777.09484
2.4491972767 11573.45444
3.01877910497 21944.91341
2.95694827437 14073.97833
2.19251008974 20086.4205
2.49355821447 11518.7339
3.01877910497 19918.94057
2.13456278121 11646.78769
2.26677586158 15122.2445
2.18478690841 10087.233
2.29371514905 16585.78593
3.28225155517 23236.67138
2.11069824551 11624.98575
2.34500672649 11553.50804
2.2379637679 17323.2954
2.86768873669 15064.45593
2.56693482138 14396.02093
2.51904493946 20833.3401
3.28225155517 19380.18984
2.50994974164 14014.82062
2.40006899417 13174.26667
2.54106157772 13434.64077
2.95694827437 21420.43721
2.38459782265 15380.44378
3.01877910497 17210.14421
2.49041376376 13733.2169
2.47082718842 18082.08325
2.20911319942 12062.5547
2.47049134973 19760.14927
2.44270084324 13774.5105
2.63168708303 22465.50978
2.71550220321 13812.74968
2.76080096066 15405.72334
2.42161220051 16326.39941
2.38196435467 13495.66158
2.32725831102 12144.4345
3.12927696442 18287.11898
3.12927696442 19200.00813
2.46799883996 18433.08251
2.27798538697 11968.28011
2.85131318588 16483.30382
2.53025446485 17713.7978
2.05232119556 12150.3103
3.01049101062 17443.09512
2.56080711287 17501.7649
2.51904493946 16661.0244
3.20066110103 28774.27164
2.99741028066 20365.1265
2.575673709 15726.91122
3.28225155517 13952.05892
2.4365873065 17616.50474
2.1348433006 12231.84993
3.20066110103 17441.7253
2.12281523458 15281.4436
2.16529573032 16292.114
2.65520157918 14159.8613
2.38908807023 13144.12408
2.78466642172 19539.47564
1.88514089623 8969.717
2.92831709868 18157.91894
2.3815326453 15583.54165
2.49041376376 14496.17984
3.01877910497 17671.47762
1.9991266524 10079.1577
2.07147297714 10807.3459
2.71550220321 15142.32233
2.3657256351 14584.8149
2.18821780703 14223.16215
2.84566546447 17073.5655
2.57757682224 15771.2768
2.50888564054 15824.19623
3.12927696442 22760.0594
2.56029995997 14248.8681
2.90235928538 16115.06615
2.22942323606 11460.75549
3.01877910497 19667.83054
2.68632939162 11732.72813
3.26337936762 17748.22854
2.16822639883 15444.6251
2.85131318588 20993.79094
2.57297419439 21713.72198
2.4778284524 12767.76564
2.78466642172 16030.1433
