4.16096404744 21093.8
4.16096404744 21016.9
4.16096404744 20222.8
4.16096404744 29536.8
4.16096404744 30998.9
4.16096404744 27821.0
4.16096404744 23123.4
4.16096404744 29111.5
4.16096404744 36163.1
4.16096404744 23753.2
4.16096404744 22014.6
4.16096404744 23800.7
4.16096404744 26718.0
4.16096404744 27124.8
4.16096404744 24338.2
4.16096404744 25486.7
4.16096404744 28339.4
4.16096404744 24911.5
4.16096404744 20898.2
4.16096404744 26476.3
4.16096404744 23630.4
4.16096404744 28417.0
4.16096404744 23795.6
4.16096404744 25104.3
4.16096404744 22353.9
4.16096404744 26241.5
4.16096404744 26277.3
4.16096404744 29840.9
4.16096404744 30153.3
4.16096404744 23068.9
4.16096404744 18256.1
4.16096404744 26936.8
4.16096404744 26800.3
4.16096404744 26851.8
4.16096404744 34122.4
4.16096404744 25857.4
4.16096404744 23928.0
4.16096404744 18565.5
4.16096404744 25204.9
4.16096404744 25032.7
4.16096404744 29005.8
4.16096404744 33355.3
4.16096404744 29170.6
4.16096404744 31240.2
4.16096404744 23952.1
4.16096404744 25489.2
4.16096404744 19361.0
4.16096404744 29769.7
4.16096404744 23827.7
4.16096404744 28363.5
4.16096404744 29444.1
4.16096404744 22744.9
4.16096404744 21046.9
4.16096404744 27292.8
4.16096404744 26289.1
4.16096404744 24062.9
4.16096404744 26906.8
4.16096404744 23603.3
4.16096404744 26134.1
4.16096404744 24707.4
4.16096404744 23327.9
4.16096404744 31950.0
4.16096404744 26085.6
4.16096404744 33500.0
4.16096404744 25394.3
4.16096404744 21540.7
4.16096404744 18382.7
4.16096404744 26766.6
4.16096404744 31122.9
4.16096404744 25163.0
4.16096404744 23558.6
4.16096404744 27070.8
4.16096404744 24994.1
4.16096404744 25957.5
4.16096404744 30396.6
4.16096404744 26052.9
4.16096404744 23418.9
4.16096404744 32147.2
4.16096404744 23774.8
4.16096404744 23982.0
4.16096404744 20699.5
4.16096404744 22377.3
4.16096404744 28881.9
4.16096404744 24415.7
4.16096404744 23174.0
4.16096404744 22379.7
4.16096404744 23677.1
4.16096404744 27393.1
4.16096404744 28227.0
4.16096404744 24985.6
4.16096404744 26999.1
4.16096404744 23057.2
4.16096404744 28135.9
4.16096404744 18302.9
4.16096404744 22876.8
4.16096404744 21126.1
4.16096404744 26731.3
4.16096404744 27182.7
4.16096404744 29869.1
4.16096404744 28975.1
