1.98789064675 13142.0442
1.91427922482 10764.0867
2.00532498521 12703.8502
1.99367690598 14401.7214
2.04693069567 14400.2703
1.89884705837 14996.0566
2.04693069567 12759.728
1.99367690598 15541.1957
2.11526893213 14408.26
1.97031859783 16887.1661
1.97031859783 10940.39009
2.16096404744 13221.0514
1.98789064675 12957.8954
2.00726235139 11540.5026
1.87299211346 12242.4238
2.16096404744 12799.8465
2.11526893213 11639.1314
2.07751235015 13898.0222
2.03594564476 12190.7096
1.99367690598 14479.8465
2.20553674218 14349.11403
2.03572117028 16699.3961
2.16096404744 14931.4035
2.2157256351 11883.6183
1.99367690598 13518.3852
1.98789064675 12810.6345
2.00532498521 12112.4163
2.16096404744 15124.2417
2.15803337893 11593.1154
1.97031859783 11861.4798
1.98789064675 12812.8579
2.02299211346 15713.5428
1.98557945006 11215.7685
1.97031859783 14509.976
2.11526893213 14585.2751
2.00532498521 14012.51
1.98789064675 16588.755
2.00726235139 13522.1854
2.07147297714 12649.442
2.15803337893 17631.5377
2.04693069567 14504.5063
1.99367690598 14039.212
2.11526893213 15244.339
2.11526893213 14675.908
2.11526893213 13324.3099
2.12857065652 15008.3114
1.99367690598 11844.3349
2.07751235015 14157.4623
2.02299211346 12936.4302
2.00532498521 13852.6527
1.99367690598 16759.4659
2.00726235139 11334.9772
2.04693069567 14248.0413
1.98789064675 12959.8238
2.00532498521 12526.7619
2.16096404744 14073.6129
2.16096404744 12283.8425
2.07147297714 12078.1099
2.07751235015 14061.5142
2.16096404744 12121.6476
2.28131856594 12631.3527
2.00532498521 15524.9952
2.11526893213 17401.1272
2.14500672649 19610.3754
1.92548875022 15450.5244
2.04693069567 12561.1486
2.26776556889 11228.6529
2.00532498521 15148.0579
2.16096404744 15237.3571
1.94393001976 14044.4423
2.16096404744 15010.0317
2.16096404744 14820.2965
2.00532498521 12670.7762
1.92548875022 15218.3415
1.97031859783 16932.2148
2.16096404744 16152.7029
1.98789064675 13633.4845
1.99367690598 17284.0687
2.11526893213 16758.4471
2.00532498521 15910.1947
2.16096404744 12073.5583
1.99367690598 10955.5378
2.02299211346 13079.3238
2.16096404744 12872.9481
2.00726235139 12700.3573
2.17646625065 11816.0163
1.99367690598 13940.0698
1.91096404744 12738.1802
2.04693069567 14905.0271
1.97031859783 14011.0854
1.98789064675 14149.8878
2.16096404744 13844.1043
2.04693069567 12961.7037
1.92220536653 13073.4393
1.99367690598 13777.0404
2.16096404744 13227.2193
2.02299211346 14513.7915
2.03594564476 14926.1528
2.00532498521 12927.2888
2.16096404744 12421.7591
