3.49196845385 20393.01823
3.49196845385 17706.3894
3.49196845385 20610.37351
3.49196845385 25805.32217
3.49196845385 24000.77325
3.49196845385 23441.754
3.12927696442 18509.0828
3.49196845385 26237.17649
3.12927696442 24381.30564
3.49196845385 19819.10381
3.49196845385 18377.16095
3.49196845385 16988.92832
3.49196845385 23382.02934
3.12927696442 17389.44672
3.49196845385 19118.84705
3.49196845385 20707.79017
3.12927696442 20455.71416
3.12927696442 17776.84432
3.49196845385 16703.66053
3.49196845385 22428.304
3.49196845385 20247.86322
3.49196845385 24156.98618
3.37715859238 17802.65125
3.49196845385 21250.29201
3.49196845385 17342.26054
3.12927696442 21673.45005
3.49196845385 22754.72858
3.49196845385 26194.65115
3.49196845385 24410.85345
3.49196845385 20242.48811
3.49196845385 14384.39211
3.49196845385 23820.17838
3.49196845385 21932.98957
3.49196845385 24041.65444
3.49196845385 30083.18348
3.49196845385 21943.44507
3.49196845385 20196.15072
3.49196845385 14200.35327
3.49196845385 20616.44585
3.49196845385 24572.63703
3.49196845385 26087.92261
3.49196845385 28160.57208
3.49196845385 20760.13348
3.49196845385 26613.27113
3.49196845385 20864.4206
3.49196845385 26140.28583
3.49196845385 19781.94657
3.49196845385 25151.29753
3.49196845385 20125.33945
3.49196845385 24043.79335
3.12927696442 18313.89682
3.12927696442 14275.50543
3.12927696442 17619.65029
3.12927696442 18649.71442
3.12927696442 19200.00813
3.49196845385 19664.61175
3.12927696442 17847.261
3.49196845385 19754.53923
3.37715859238 21690.3414
3.37715859238 22616.44631
3.49196845385 19238.06413
3.49196845385 24192.77057
3.49196845385 22201.26464
3.49196845385 29381.58314
3.49196845385 22311.85585
3.49196845385 17697.58707
3.49196845385 15652.13226
3.37715859238 22285.34599
3.49196845385 27079.03557
3.49196845385 20279.20253
3.12927696442 19355.55922
3.49196845385 25467.76974
3.49196845385 21158.0864
3.49196845385 21967.1109
3.49196845385 26848.36543
3.12927696442 22887.55175
3.12927696442 18899.9426
3.49196845385 26239.4459
3.01877910497 17018.44164
3.37715859238 18919.28341
3.49196845385 15398.29719
3.49196845385 18515.93426
3.49196845385 24816.11699
3.12927696442 19707.605
3.12927696442 16556.18691
3.49196845385 18928.52539
3.49196845385 20570.70889
3.49196845385 24163.7031
3.49196845385 24679.60747
3.49196845385 21127.56588
3.49196845385 23965.81336
3.49196845385 18406.48447
3.49196845385 24340.44819
3.49196845385 14299.47852
3.49196845385 20628.46618
3.12927696442 17298.81986
3.49196845385 22232.28084
3.06628246821 24110.41347
3.49196845385 20256.4036
3.12927696442 21296.78774
