8.81443999987
21.3864699999
9.32343999995
27.6405400001
19.78116
10.80643
12.2295
10.3332400001
9.77458000008
9.66081999999
15.0108999999
19.5978799999
11.62285
26.8141600001
21.5631299999
13.1102000001
11.96508
10.30505
15.9643700001
22.44615
27.6993399999
19.67172
29.3121999999
22.90182
17.0538900001
21.6248
261.32143
10.46186
9.32513000001
3.83381999994
12.07782
19.22704
9.63799000008
15.5816500001
14.9232399998
10.85366
3.02840000007
13.0845199999
14.07031
20.6163
12.84818
14.6814599999
17.96069
10.90093
17.67749
17.1372400001
22.8819600001
53.5506899998
6.76928999997
9.01821000001
