11.6896500001
8.45704000001
10.29558
13.95066
20.02256
9.92559
285.08951
18.37615
16.8653200001
12.8425099999
7.08813000005
26.7906999999
16.5226100001
12.8297000001
7.01763000002
25.70414
11.08679
27.6689500001
11.4904599999
15.4919900002
29.90041
10.8003700001
6.32375999994
268.99976
11.6993199999
8.32623999997
12.14608
11.7311100001
14.3972499999
13.69401
10.1174999999
17.1763699999
15.0303199999
15.0459600001
17.47529
8.9230699999
26.6764599999
10.10066
20.4334499999
8.0363700001
13.3117900001
14.70551
12.19126
12.40723
20.32577
43.8962200001
19.8776700001
20.84066
21.35502
5.63188999996
