12.62823
14.78256
14.70049
18.5454699999
21.0964400001
23.1606099999
16.06051
14.8950900001
11.0832
8.73158999986
12.0811199999
13.32041
8.67237000004
19.05847
12.6282400001
13.03411
26.42415
7.30997000006
21.42798
7.95539999998
29.2075199999
23.6162
7.64212999993
7.95074999996
10.9855200001
15.6318900001
23.1153799999
21.5412
10.4932500001
22.4552499999
15.2795299999
16.0882899999
17.4771799999
9.67291999992
8.58388000005
14.5887399999
32.97171
18.02036
11.7572499999
18.9360499999
12.66365
12.9508999999
15.26709
21.27468
16.4383399999
12.9519499999
13.67041
15.6881199999
19.26654
20.25014
