12.5111400001
12.6662300001
116.73891
11.0298899999
11.2029800001
17.61031
8.27082999994
15.90853
27.2473300002
15.56458
12.2509700001
11.5033700002
29.6057800001
18.51738
28.37809
10.53941
17.67719
16.5674899999
16.8588899999
27.6913600001
14.64724
7.61742999998
13.41212
22.89769
11.9395500001
27.0872500001
19.57147
24.6402
18.6088400001
11.6463199999
10.5072399999
30.32228
20.97658
19.18189
12.68976
23.46238
26.5618800001
21.0845900001
12.98893
13.1985399999
18.63421
13.20534
9.82519
5.63838999998
14.55584
12.9887699999
11.30539
22.6788999999
25.51607
9.53555999999
