12.6469299998
31.1754699999
12.5258600001
7.80093999999
7.19654999999
16.7345
26.37702
15.91817
13.24369
20.18489
13.45144
44.1111000001
8.55666
9.12239999999
9.49910000002
9.62053000007
8.44770000002
10.8443100001
14.41307
23.18794
15.0144000001
13.7026900002
9.03217999998
15.3808700001
24.0601700001
16.4751699999
6.25980999996
12.1606999999
18.3154199999
23.74254
18.45385
7.93100999994
11.98763
9.93280000007
15.57494
7.26346000005
19.8425299999
36.2464899999
9.25824
19.74431
11.60381
274.63627
14.1528200001
14.2526600001
14.3909300001
37.89323
16.18383
6.82045999984
23.60724
16.66919
