14.2091999999
7.84916999994
33.733
10.25512
16.2911499999
14.8207599999
27.1900200001
7.81665000017
16.82889
16.6915199999
14.7099900001
8.60187999997
8.24578999996
10.8230800001
14.37107
17.52822
14.93702
17.54376
6.16157999996
8.41307000001
19.94429
29.10971
10.52264
8.55825
16.3983
12.6819999999
8.75749999995
11.4541000001
24.2147299999
5.48332
19.5053999999
14.9145599999
12.70178
11.8800600001
31.49761
18.82594
12.8909999999
7.59438000002
6.76906000008
12.3787400001
18.7724200001
11.60798
6.61049999995
13.28353
20.81213
9.4040000001
16.7234499999
25.3088
30.14779
15.36743
