15.34294
11.2120599999
39.88498
15.70653
12.1343200001
11.5973399999
11.73009
11.8458799999
28.00064
18.0280199999
10.82901
20.53812
11.1797399999
12.56126
15.9765199999
33.2844700001
16.67253
20.36328
8.32021999999
17.8955400002
13.35169
12.18317
9.91299999994
16.9528999999
12.7978000001
6.03648000001
8.47080000001
18.53945
11.4375700001
16.42142
14.7540199999
24.20676
7.95710999996
12.62888
6.4439500001
17.93843
30.69593
11.3089899998
13.4518299999
31.98207
29.6986199999
17.7234199999
6.54149999993
15.53416
12.2164299999
8.84267000004
99.34754
8.50071999989
44.55776
18.2243999999
