8.40960999997
14.6829499999
11.6137899999
7.21395
285.56119
7.95570000005
8.44259000011
11.2276000001
15.5806199999
11.21731
13.0803500002
20.4161900001
24.70449
6.44895999995
12.1745500001
30.5888700001
16.40411
12.2022899999
16.29375
15.42474
6.18145000003
12.9289599999
8.72690999997
9.53022999992
16.78914
13.1768400001
6.98784999992
25.87489
15.6157499999
11.73456
14.6783100001
18.28535
10.8882299999
13.9973399999
29.44572
14.6837599999
6.80485999992
7.68772000005
16.2154099999
6.28825999994
10.3280400001
89.48214
12.42718
143.93052
12.8796399999
21.2042099999
15.0475700001
37.96742
11.44074
15.0928500001
