6.16964999994
15.47778
24.44141
18.9878
10.0271200001
17.0407700001
11.52892
19.43779
22.3821700001
117.04299
11.27729
18.4114
14.6166099999
5.23167000001
7.64604999998
13.5209100002
16.4530399999
12.25041
14.57155
6.66412999993
12.4960900001
14.1916399999
20.4248800001
9.47611000005
21.2406500001
7.91426999995
8.42060999991
15.70996
12.4052000002
16.14157
12.8727599999
20.4443599998
24.7670500001
12.31204
16.6519199999
11.35989
13.9942800001
21.54395
21.29866
14.12762
18.0207
42.2473299999
17.79297
16.6390800001
8.50193000014
8.65587000002
13.89276
12.29455
13.87189
16.8752499999
