15.68629
21.91075
12.11949
32.44547
12.6686
10.4898699999
8.3629699999
20.90578
12.5146199999
18.0948899999
9.37254999997
34.1975299999
38.3037200001
13.3918000001
8.72126999998
14.53461
13.69491
18.8672100001
11.0148100001
7.62907000014
17.15258
12.77247
8.36203999992
7.71693999995
7.89360000007
25.4351800001
6.80264000001
13.8907000001
12.49115
12.0454099999
9.47331000003
23.49462
34.9964399999
8.62341
5.02914
17.58182
15.5428500001
14.9731000001
17.90989
24.4617000001
40.24356
15.65093
35.98676
21.98938
15.7539199999
20.7008900002
13.9526
17.94251
36.27143
24.52981
