8.35072999995
9.89419000002
17.24228
13.0021399999
31.2645299999
9.18067999999
9.43088999996
15.19359
10.58985
16.8889100001
11.1836700001
11.44527
7.79544000002
18.8116700002
14.21879
8.6091
16.3820499999
28.8293500001
12.40253
10.49716
6.02877000009
5.68495000002
8.41830999998
14.69408
10.41367
11.09364
13.0120200001
24.2008
13.29553
23.9245000001
13.9368999999
14.01455
21.4175999998
43.51257
9.10814999999
14.2865500001
12.3136699999
13.51118
11.50289
8.42107000004
4.17934999999
38.58851
10.3772699999
6.65257999999
7.43275000004
24.52419
9.90776999993
6.73050000006
5.66917999997
13.02625
