29.2086099999
24.2057800001
14.1317200001
6.83646999998
9.92857999983
40.0175600001
12.45597
6.40210000006
11.22153
8.81113000005
13.7423100001
18.9654399998
12.19803
11.4774699999
9.55304000003
8.33421000012
17.53443
21.1021
22.2718700001
18.04668
16.7157999999
69.5984
14.4347800001
27.6677500001
6.24397000007
11.89896
18.8124300002
14.8548099999
11.5301800001
24.8362299999
10.3948
8.33421
20.40665
5.10517
27.4543400001
5.7945800001
11.86717
13.2901499999
14.44377
13.0329700001
20.58288
8.24618000002
7.80332000006
257.13034
24.5892899999
23.1164200001
13.2947499999
6.83388000005
9.10307999991
18.5076700001
