15.68629
21.91075
12.11949
32.44547
12.6686
10.4898699999
8.3629699999
20.90578
12.5146199999
18.0948899999
9.37254999997
34.1975299999
38.3037200001
13.3918000001
8.72126999998
14.53461
13.69491
18.8672100001
11.0148100001
7.62907000014
17.15258
12.77247
8.36203999992
7.71693999995
7.89360000007
25.4351800001
6.80264000001
13.8907000001
12.49115
12.0454099999
9.47331000003
23.49462
34.9964399999
8.62341
5.02914
17.58182
15.5428500001
14.9731000001
17.90989
24.4617000001
40.24356
15.65093
35.98676
21.98938
15.7539199999
20.7008900002
13.9526
17.94251
36.27143
24.52981
13.25332
7.41463000013
13.3312400001
15.4494
20.24311
11.41897
8.09351999988
18.9008800001
9.07230000012
15.28863
17.9900799999
15.66344
43.09054
19.3335899999
119.59941
18.84611
10.6102900001
21.7288800001
13.28519
307.49668
16.59884
11.87977
9.08676999994
32.71641
4.14558000001
16.36191
10.7765500001
20.5179299999
10.35543
11.94878
10.53125
20.9872000001
26.8989800001
11.38235
22.93079
14.8783799999
15.0808400001
6.86900000006
18.1966199998
25.58107
15.3643099999
51.32181
15.07621
11.8799899999
9.43160000001
27.4619500001
12.14811
14.73242
18.98546
11.66535
14.5322
15.6214299998
6.1391899999
7.33380999998
7.45459999994
22.41215
10.2019300001
36.2199699999
14.75503
16.9143800001
16.903
16.21516
263.31386
10.2360200001
14.08822
17.10717
8.03538999998
10.2141600001
7.48891999992
7.64651000011
16.7121100002
15.6280600001
11.27565
9.49822000007
12.9683600001
8.91983000003
15.79531
19.27204
4.90515999997
18.26312
25.89958
13.23963
14.80807
17.44405
8.63502000005
8.72730000003
24.0197300001
8.68312000006
3.27008000005
14.40048
13.29957
15.48625
22.1444599999
11.98966
13.07968
59.1826500001
13.9784599999
16.86012
16.0765099999
8.51138000004
8.40960999997
14.6829499999
11.6137899999
7.21395
285.56119
7.95570000005
8.44259000011
11.2276000001
15.5806199999
11.21731
13.0803500002
20.4161900001
24.70449
6.44895999995
12.1745500001
30.5888700001
16.40411
12.2022899999
16.29375
15.42474
6.18145000003
12.9289599999
8.72690999997
9.53022999992
16.78914
13.1768400001
6.98784999992
25.87489
15.6157499999
11.73456
14.6783100001
18.28535
10.8882299999
13.9973399999
29.44572
14.6837599999
6.80485999992
7.68772000005
16.2154099999
6.28825999994
10.3280400001
89.48214
12.42718
143.93052
12.8796399999
21.2042099999
15.0475700001
37.96742
11.44074
15.0928500001
7.2829300001
15.7095899999
13.2515
6.30007999996
10.31788
25.0769900001
6.11269999994
22.58603
14.15943
10.27514
14.5244900001
11.6751600002
12.11291
15.27387
9.67653000006
5.54187000007
14.1865600001
11.9965700001
11.5242400001
10.95065
17.52338
13.47856
12.73232
9.34476999997
17.7228900001
14.1446700001
13.32577
13.2804399999
19.4013199999
9.52017999999
6.37707000005
9.4590700001
12.4547700001
43.3431799999
27.2906100001
8.73434000008
12.02269
18.55567
24.94679
13.46938
10.0321599999
10.05981
17.68447
12.04279
27.55513
9.13193999999
10.58477
17.0774899999
23.4042800001
12.48468
11.6896500001
8.45704000001
10.29558
13.95066
20.02256
9.92559
285.08951
18.37615
16.8653200001
12.8425099999
7.08813000005
26.7906999999
16.5226100001
12.8297000001
7.01763000002
25.70414
11.08679
27.6689500001
11.4904599999
15.4919900002
29.90041
10.8003700001
6.32375999994
268.99976
11.6993199999
8.32623999997
12.14608
11.7311100001
14.3972499999
13.69401
10.1174999999
17.1763699999
15.0303199999
15.0459600001
17.47529
8.9230699999
26.6764599999
10.10066
20.4334499999
8.0363700001
13.3117900001
14.70551
12.19126
12.40723
20.32577
43.8962200001
19.8776700001
20.84066
21.35502
5.63188999996
11.5263
22.6247500001
24.65928
16.74746
6.28605999995
36.98658
18.9510100001
17.7275200002
8.39251000003
22.1822500001
32.3686899999
79.1947699999
7.72094000003
18.2881600001
13.74835
18.5761900001
10.1226700001
4.73317000002
14.1733100001
15.4770800001
12.10132
6.95240000007
22.52611
11.9003300001
136.21573
19.62952
7.0176599999
11.18741
16.35189
19.85274
15.67834
13.12388
15.1828400001
23.60164
13.5490999999
12.1137999999
9.23201000004
12.28197
11.59311
16.0096
27.78898
30.8031799999
10.40186
27.5506800001
10.34488
12.22899
11.5428499999
15.29347
11.3443400001
19.7662500001
6.60247000004
13.4518599999
16.20477
37.9409099999
20.46079
12.53088
6.90492999996
10.92189
20.08681
16.0250600001
30.76556
9.19724999997
10.17652
15.13484
12.0593999999
13.28861
14.7284899999
15.13361
18.94697
13.80571
15.81612
16.2332499999
7.66347000003
16.37823
19.7180399999
22.4606000001
13.96818
7.50835000002
11.0112399999
28.45503
26.62505
17.2469900001
8.98838
15.2657000001
10.91659
17.5525300001
30.68846
5.12804999994
47.73596
15.1672299999
7.75546000001
4.90671999997
20.8202900002
15.03529
50.5545100002
23.8248499999
9.83051999996
19.0738199999
12.21879
20.5217500001
12.62823
14.78256
14.70049
18.5454699999
21.0964400001
23.1606099999
16.06051
14.8950900001
11.0832
8.73158999986
12.0811199999
13.32041
8.67237000004
19.05847
12.6282400001
13.03411
26.42415
7.30997000006
21.42798
7.95539999998
29.2075199999
23.6162
7.64212999993
7.95074999996
10.9855200001
15.6318900001
23.1153799999
21.5412
10.4932500001
22.4552499999
15.2795299999
16.0882899999
17.4771799999
9.67291999992
8.58388000005
14.5887399999
32.97171
18.02036
11.7572499999
18.9360499999
12.66365
12.9508999999
15.26709
21.27468
16.4383399999
12.9519499999
13.67041
15.6881199999
19.26654
20.25014
8.81443999987
21.3864699999
9.32343999995
27.6405400001
19.78116
10.80643
12.2295
10.3332400001
9.77458000008
9.66081999999
15.0108999999
19.5978799999
11.62285
26.8141600001
21.5631299999
13.1102000001
11.96508
10.30505
15.9643700001
22.44615
27.6993399999
19.67172
29.3121999999
22.90182
17.0538900001
21.6248
261.32143
10.46186
9.32513000001
3.83381999994
12.07782
19.22704
9.63799000008
15.5816500001
14.9232399998
10.85366
3.02840000007
13.0845199999
14.07031
20.6163
12.84818
14.6814599999
17.96069
10.90093
17.67749
17.1372400001
22.8819600001
53.5506899998
6.76928999997
9.01821000001
6.16964999994
15.47778
24.44141
18.9878
10.0271200001
17.0407700001
11.52892
19.43779
22.3821700001
117.04299
11.27729
18.4114
14.6166099999
5.23167000001
7.64604999998
13.5209100002
16.4530399999
12.25041
14.57155
6.66412999993
12.4960900001
14.1916399999
20.4248800001
9.47611000005
21.2406500001
7.91426999995
8.42060999991
15.70996
12.4052000002
16.14157
12.8727599999
20.4443599998
24.7670500001
12.31204
16.6519199999
11.35989
13.9942800001
21.54395
21.29866
14.12762
18.0207
42.2473299999
17.79297
16.6390800001
8.50193000014
8.65587000002
13.89276
12.29455
13.87189
16.8752499999
12.6469299998
31.1754699999
12.5258600001
7.80093999999
7.19654999999
16.7345
26.37702
15.91817
13.24369
20.18489
13.45144
44.1111000001
8.55666
9.12239999999
9.49910000002
9.62053000007
8.44770000002
10.8443100001
14.41307
23.18794
15.0144000001
13.7026900002
9.03217999998
15.3808700001
24.0601700001
16.4751699999
6.25980999996
12.1606999999
18.3154199999
23.74254
18.45385
7.93100999994
11.98763
9.93280000007
15.57494
7.26346000005
19.8425299999
36.2464899999
9.25824
19.74431
11.60381
274.63627
14.1528200001
14.2526600001
14.3909300001
37.89323
16.18383
6.82045999984
23.60724
16.66919
8.35072999995
9.89419000002
17.24228
13.0021399999
31.2645299999
9.18067999999
9.43088999996
15.19359
10.58985
16.8889100001
11.1836700001
11.44527
7.79544000002
18.8116700002
14.21879
8.6091
16.3820499999
28.8293500001
12.40253
10.49716
6.02877000009
5.68495000002
8.41830999998
14.69408
10.41367
11.09364
13.0120200001
24.2008
13.29553
23.9245000001
13.9368999999
14.01455
21.4175999998
43.51257
9.10814999999
14.2865500001
12.3136699999
13.51118
11.50289
8.42107000004
4.17934999999
38.58851
10.3772699999
6.65257999999
7.43275000004
24.52419
9.90776999993
6.73050000006
5.66917999997
13.02625
8.77192000009
9.37025000004
21.5245500001
9.27247999993
4.80973999994
9.44238999998
7.0477600001
17.57891
13.3436099999
12.5870999999
13.1549799999
19.17739
6.81950999994
26.2718699999
10.25293
20.68565
19.57818
7.67799999996
12.2079599999
16.6574799999
19.8048000002
12.0341
10.00122
21.24084
15.87031
16.08329
21.1125100001
24.65607
7.70343999995
14.9783900001
18.69712
14.63401
16.8976799999
11.52648
8.13849000004
263.3673
16.56131
10.88984
16.98578
15.5515399999
11.0636100002
7.12355000002
18.58089
48.51435
238.01611
14.2938200001
40.14586
7.81206999999
8.60210999998
15.7079899999
15.34294
11.2120599999
39.88498
15.70653
12.1343200001
11.5973399999
11.73009
11.8458799999
28.00064
18.0280199999
10.82901
20.53812
11.1797399999
12.56126
15.9765199999
33.2844700001
16.67253
20.36328
8.32021999999
17.8955400002
13.35169
12.18317
9.91299999994
16.9528999999
12.7978000001
6.03648000001
8.47080000001
18.53945
11.4375700001
16.42142
14.7540199999
24.20676
7.95710999996
12.62888
6.4439500001
17.93843
30.69593
11.3089899998
13.4518299999
31.98207
29.6986199999
17.7234199999
6.54149999993
15.53416
12.2164299999
8.84267000004
99.34754
8.50071999989
44.55776
18.2243999999
20.64073
28.3605299998
7.50413999998
39.32008
10.46647
42.62188
9.38714999997
15.7962100001
7.24713999988
9.4914399999
84.91649
20.25243
10.2128999999
14.1131099999
18.11638
28.62245
29.7311099999
13.4436499999
20.70595
13.5533
9.94039999996
32.5814100001
13.17667
25.88674
10.45004
10.0030599999
13.5196400001
4.00858000002
15.36698
46.8417900001
16.55921
11.48419
29.7887700001
8.76230000006
24.2475300001
9.81009000004
10.23639
11.0155699999
19.96757
6.27458999993
10.54704
7.25011000002
14.02527
21.21425
16.04305
8.86619000009
7.95874000003
20.8440699999
10.6031299999
19.7381100002
12.5111400001
12.6662300001
116.73891
11.0298899999
11.2029800001
17.61031
8.27082999994
15.90853
27.2473300002
15.56458
12.2509700001
11.5033700002
29.6057800001
18.51738
28.37809
10.53941
17.67719
16.5674899999
16.8588899999
27.6913600001
14.64724
7.61742999998
13.41212
22.89769
11.9395500001
27.0872500001
19.57147
24.6402
18.6088400001
11.6463199999
10.5072399999
30.32228
20.97658
19.18189
12.68976
23.46238
26.5618800001
21.0845900001
12.98893
13.1985399999
18.63421
13.20534
9.82519
5.63838999998
14.55584
12.9887699999
11.30539
22.6788999999
25.51607
9.53555999999
29.2086099999
24.2057800001
14.1317200001
6.83646999998
9.92857999983
40.0175600001
12.45597
6.40210000006
11.22153
8.81113000005
13.7423100001
18.9654399998
12.19803
11.4774699999
9.55304000003
8.33421000012
17.53443
21.1021
22.2718700001
18.04668
16.7157999999
69.5984
14.4347800001
27.6677500001
6.24397000007
11.89896
18.8124300002
14.8548099999
11.5301800001
24.8362299999
10.3948
8.33421
20.40665
5.10517
27.4543400001
5.7945800001
11.86717
13.2901499999
14.44377
13.0329700001
20.58288
8.24618000002
7.80332000006
257.13034
24.5892899999
23.1164200001
13.2947499999
6.83388000005
9.10307999991
18.5076700001
14.2091999999
7.84916999994
33.733
10.25512
16.2911499999
14.8207599999
27.1900200001
7.81665000017
16.82889
16.6915199999
14.7099900001
8.60187999997
8.24578999996
10.8230800001
14.37107
17.52822
14.93702
17.54376
6.16157999996
8.41307000001
19.94429
29.10971
10.52264
8.55825
16.3983
12.6819999999
8.75749999995
11.4541000001
24.2147299999
5.48332
19.5053999999
14.9145599999
12.70178
11.8800600001
31.49761
18.82594
12.8909999999
7.59438000002
6.76906000008
12.3787400001
18.7724200001
11.60798
6.61049999995
13.28353
20.81213
9.4040000001
16.7234499999
25.3088
30.14779
15.36743
17.79687
29.25664
5.41330000001
8.17856000003
18.3902800001
20.17782
16.80293
17.4187900001
23.4540499999
15.5435800001
8.25225000002
10.7702599999
13.4874999999
10.5691100002
26.6708
11.38955
11.9774899998
11.72158
12.9369900001
10.06129
11.62657
11.4262799999
191.45526
41.2697599999
11.1517800001
27.04507
9.72282000002
12.15258
20.77222
15.70782
28.6556200001
11.35632
10.66952
10.32838
11.22227
7.26442999986
12.0653299999
14.31669
7.0650200001
12.3106199999
12.4142300001
17.34566
10.41035
20.29848
19.37226
9.10975000018
7.75622999994
14.83935
15.1200999999
15.53021
