13.25332
7.41463000013
13.3312400001
15.4494
20.24311
11.41897
8.09351999988
18.9008800001
9.07230000012
15.28863
17.9900799999
15.66344
43.09054
19.3335899999
119.59941
18.84611
10.6102900001
21.7288800001
13.28519
307.49668
16.59884
11.87977
9.08676999994
32.71641
4.14558000001
16.36191
10.7765500001
20.5179299999
10.35543
11.94878
10.53125
20.9872000001
26.8989800001
11.38235
22.93079
14.8783799999
15.0808400001
6.86900000006
18.1966199998
25.58107
15.3643099999
51.32181
15.07621
11.8799899999
9.43160000001
27.4619500001
12.14811
14.73242
18.98546
11.66535
