14.5322
15.6214299998
6.1391899999
7.33380999998
7.45459999994
22.41215
10.2019300001
36.2199699999
14.75503
16.9143800001
16.903
16.21516
263.31386
10.2360200001
14.08822
17.10717
8.03538999998
10.2141600001
7.48891999992
7.64651000011
16.7121100002
15.6280600001
11.27565
9.49822000007
12.9683600001
8.91983000003
15.79531
19.27204
4.90515999997
18.26312
25.89958
13.23963
14.80807
17.44405
8.63502000005
8.72730000003
24.0197300001
8.68312000006
3.27008000005
14.40048
13.29957
15.48625
22.1444599999
11.98966
13.07968
59.1826500001
13.9784599999
16.86012
16.0765099999
8.51138000004
