6.60247000004
13.4518599999
16.20477
37.9409099999
20.46079
12.53088
6.90492999996
10.92189
20.08681
16.0250600001
30.76556
9.19724999997
10.17652
15.13484
12.0593999999
13.28861
14.7284899999
15.13361
18.94697
13.80571
15.81612
16.2332499999
7.66347000003
16.37823
19.7180399999
22.4606000001
13.96818
7.50835000002
11.0112399999
28.45503
26.62505
17.2469900001
8.98838
15.2657000001
10.91659
17.5525300001
30.68846
5.12804999994
47.73596
15.1672299999
7.75546000001
4.90671999997
20.8202900002
15.03529
50.5545100002
23.8248499999
9.83051999996
19.0738199999
12.21879
20.5217500001
