11.5263
22.6247500001
24.65928
16.74746
6.28605999995
36.98658
18.9510100001
17.7275200002
8.39251000003
22.1822500001
32.3686899999
79.1947699999
7.72094000003
18.2881600001
13.74835
18.5761900001
10.1226700001
4.73317000002
14.1733100001
15.4770800001
12.10132
6.95240000007
22.52611
11.9003300001
136.21573
19.62952
7.0176599999
11.18741
16.35189
19.85274
15.67834
13.12388
15.1828400001
23.60164
13.5490999999
12.1137999999
9.23201000004
12.28197
11.59311
16.0096
27.78898
30.8031799999
10.40186
27.5506800001
10.34488
12.22899
11.5428499999
15.29347
11.3443400001
19.7662500001
