20.64073
28.3605299998
7.50413999998
39.32008
10.46647
42.62188
9.38714999997
15.7962100001
7.24713999988
9.4914399999
84.91649
20.25243
10.2128999999
14.1131099999
18.11638
28.62245
29.7311099999
13.4436499999
20.70595
13.5533
9.94039999996
32.5814100001
13.17667
25.88674
10.45004
10.0030599999
13.5196400001
4.00858000002
15.36698
46.8417900001
16.55921
11.48419
29.7887700001
8.76230000006
24.2475300001
9.81009000004
10.23639
11.0155699999
19.96757
6.27458999993
10.54704
7.25011000002
14.02527
21.21425
16.04305
8.86619000009
7.95874000003
20.8440699999
10.6031299999
19.7381100002
