17.79687
29.25664
5.41330000001
8.17856000003
18.3902800001
20.17782
16.80293
17.4187900001
23.4540499999
15.5435800001
8.25225000002
10.7702599999
13.4874999999
10.5691100002
26.6708
11.38955
11.9774899998
11.72158
12.9369900001
10.06129
11.62657
11.4262799999
191.45526
41.2697599999
11.1517800001
27.04507
9.72282000002
12.15258
20.77222
15.70782
28.6556200001
11.35632
10.66952
10.32838
11.22227
7.26442999986
12.0653299999
14.31669
7.0650200001
12.3106199999
12.4142300001
17.34566
10.41035
20.29848
19.37226
9.10975000018
7.75622999994
14.83935
15.1200999999
15.53021
