7.2829300001
15.7095899999
13.2515
6.30007999996
10.31788
25.0769900001
6.11269999994
22.58603
14.15943
10.27514
14.5244900001
11.6751600002
12.11291
15.27387
9.67653000006
5.54187000007
14.1865600001
11.9965700001
11.5242400001
10.95065
17.52338
13.47856
12.73232
9.34476999997
17.7228900001
14.1446700001
13.32577
13.2804399999
19.4013199999
9.52017999999
6.37707000005
9.4590700001
12.4547700001
43.3431799999
27.2906100001
8.73434000008
12.02269
18.55567
24.94679
13.46938
10.0321599999
10.05981
17.68447
12.04279
27.55513
9.13193999999
10.58477
17.0774899999
23.4042800001
12.48468
