8.77192000009
9.37025000004
21.5245500001
9.27247999993
4.80973999994
9.44238999998
7.0477600001
17.57891
13.3436099999
12.5870999999
13.1549799999
19.17739
6.81950999994
26.2718699999
10.25293
20.68565
19.57818
7.67799999996
12.2079599999
16.6574799999
19.8048000002
12.0341
10.00122
21.24084
15.87031
16.08329
21.1125100001
24.65607
7.70343999995
14.9783900001
18.69712
14.63401
16.8976799999
11.52648
8.13849000004
263.3673
16.56131
10.88984
16.98578
15.5515399999
11.0636100002
7.12355000002
18.58089
48.51435
238.01611
14.2938200001
40.14586
7.81206999999
8.60210999998
15.7079899999
