8.94386
12.7018100001
6.42162000004
16.84911
289.88721
15.1308500001
8.52538000001
14.6336999999
22.51214
17.2059299999
9.17281999998
11.4855799999
21.5962800001
70.7971799999
15.2727300001
12.71134
17.45004
18.9321400002
18.27131
6.94328999997
11.7066199998
41.74155
13.8132799999
16.2325700001
9.45818000007
11.22064
15.9840300002
12.26902
15.63405
14.4948700001
21.5936200002
6.39775
13.3358900001
15.71392
10.82546
16.1594299999
9.10762000002
29.81125
13.03393
10.17263
8.60959999997
296.36709
15.67378
6.32482999994
10.97389
23.04211
5.20887999993
46.5749
14.1434299999
18.38151
