9.36264000006
21.9376300001
100.4777
7.88522000005
105.09545
9.97828000016
5.47727999999
10.1979699999
13.79116
9.05866999994
8.03446
299.18107
13.74283
26.2606200001
15.7379000001
6.19733
15.54075
27.2220999999
21.1842899999
11.45914
15.41399
10.02315
15.15194
8.70195000013
9.15917
11.02951
19.31602
22.8309599999
12.93413
9.38410999998
9.37654999993
10.1934399999
15.6868599999
18.35269
16.07053
11.33501
11.5398699997
15.1938000001
13.6157200001
11.97739
24.2351299999
9.28914999997
10.03262
36.5225799999
55.3270800001
8.55830000003
17.1598599999
25.55347
10.46129
16.7044100001
13.4328299999
74.80348
12.33816
13.36311
10.9736399997
12.53489
16.1075200001
17.83173
15.7710800001
6.04417000001
16.1344099999
17.0488199999
9.06240000005
18.06985
8.75176999997
29.52469
11.44814
31.2284499999
6.83679999993
5.68481000001
146.67468
11.08425
18.2157699999
9.99338
8.84080000012
13.23142
16.8560300001
14.06998
16.08742
16.02698
9.84996000002
10.8212499999
11.6297700001
8.05286000005
127.078
268.54631
8.81848999986
7.29792000004
15.6631799999
119.3141
20.98847
8.67791999993
15.00688
11.7438300001
13.6732600001
30.98381
256.57992
18.84299
11.29036
18.94047
14.18194
12.50404
14.08389
338.25869
12.8640899999
10.64142
11.8717
11.1619499999
15.43808
55.3158
11.8312499999
7.85022999998
11.1719200001
25.9754299999
5.76380999992
36.6974599999
11.94969
16.2410299999
13.08406
11.83923
11.5605799999
20.40652
8.59686000005
22.6683700001
13.54587
26.9602199999
10.10035
22.4597199999
18.8599
17.03905
253.17187
21.5307000001
13.3225
10.59856
12.8765199999
18.5586400001
13.99381
14.75127
17.50317
10.59243
27.5491799999
15.6640399999
16.6828700001
16.28547
44.1761100001
316.36893
11.7421299999
20.0313
23.9554
21.47355
8.1078900001
10.6595
17.8677500001
5.64999000006
13.4916500002
15.12916
13.74777
17.6388099999
4.5631700001
12.04102
11.08875
11.70034
12.724
48.78117
28.0578399999
8.45548999996
37.29454
8.20882000006
7.75202000001
12.11279
9.48625000019
11.47383
10.96189
23.2880599999
19.7055800001
9.20814999996
32.52411
25.3177599998
37.48379
278.01997
9.72572999995
8.71962999995
9.59372999996
228.99327
14.92402
12.63352
13.57996
6.94232999999
10.3431800001
10.93255
22.35644
8.49985000014
302.56763
16.85172
6.86338000011
16.7824800001
19.52122
11.52308
18.6908499999
235.12462
8.34487999999
12.9419699999
10.2113399999
4.96050000004
104.72487
9.47010000004
17.2439499999
13.9873100002
7.01875000005
116.59842
16.8382599999
10.8196199998
13.39099
11.8138600001
16.2859700001
8.09565999999
27.38368
38.8661700002
15.2574300001
16.9040200001
13.1028700001
12.5202
19.08176
8.29804000014
14.24887
7.75374999992
10.99248
21.70812
101.657
14.3609399999
10.4131
258.81573
13.1217000003
29.88369
305.03448
19.1439700001
27.3825600001
17.4842900001
12.4306399999
10.0331999999
19.22444
7.74552
13.2882499999
14.11032
16.88181
22.01676
11.1652699999
13.28206
12.1001800001
9.00635000004
4.13340000005
12.92408
84.8126000002
21.88458
294.36614
10.07624
10.25362
9.11995999992
20.9521599999
13.1825699998
20.1769600001
17.6831699999
19.73665
17.7564000001
142.36654
20.11606
13.26624
33.1468699999
11.48966
32.55724
6.77811000007
11.3831700002
228.78056
12.5423099999
14.94825
7.30583000008
13.0629999998
10.18232
8.99427000002
40.2928399999
11.75324
17.1778600001
13.7917099999
12.28628
83.8343400001
26.5162
15.00562
12.8135299999
10.0528300001
9.88256000006
15.3519899999
8.95452000003
21.96259
13.37148
22.7818399998
38.9946100001
96.6638499999
12.2207999999
5.60821999994
33.2581300001
13.4036300001
11.94763
84.37073
19.26511
12.83901
11.71634
13.5488
10.09537
18.4622100001
26.37373
8.15638000006
10.97781
36.0095299999
12.8012399998
19.05374
8.51982000005
14.3845800001
15.24361
11.63614
221.49291
16.95892
10.65642
4.53090000013
22.74633
8.43782999995
13.63523
16.3645799999
6.00412000006
23.59515
18.53569
10.23916
11.0352
28.1529
16.9359599999
133.2077
10.4544700001
105.38432
13.4169699999
11.57516
13.5860300001
23.72343
9.96262000001
20.45176
7.63442999986
46.8404100001
12.2740399999
16.9923800001
20.7322500001
11.6128700002
18.7512899999
10.6983
11.9419499999
6.08172000002
16.3208199999
19.21699
6.70308000001
18.77426
15.7530700001
22.5069100001
6.59121999994
10.1903299999
8.76220999996
14.8825999999
12.97305
87.9345300001
20.55165
18.0306699999
8.80388999998
19.0668300001
15.4777399999
12.07406
23.71844
5.53247999994
11.9742100001
21.83477
9.02666999993
19.37427
14.96059
10.78501
37.9446999999
16.36561
12.3721399999
22.2912499999
18.7929999999
6.43226999999
16.4173600001
15.65946
21.7088700001
6.09405000007
22.34257
9.92606999993
12.42967
10.16583
26.4230699999
29.0647700001
13.9442500001
20.6205099999
8.3248099999
7.45012000005
17.3189200001
16.2411600001
15.43791
18.1694000001
11.2117700001
127.36639
23.8368499998
4.99924999999
15.99655
9.06882000004
10.0336999999
23.3426100001
14.86745
12.62165
25.17215
7.47622000007
14.77293
12.28416
15.18548
10.8610299999
11.6136100001
13.8139
260.50218
19.5847700001
14.7768299999
20.3425
15.44695
16.1580700001
24.9387899999
9.31659000006
12.1163
5.10292000009
15.07279
21.4306500001
20.0502400001
21.6167900001
15.7946599999
48.8754500002
10.4763399999
4.85988
11.7642800001
15.03189
16.6167700001
8.39497000014
16.7618600002
65.37527
17.1330899999
12.28383
16.6302400001
11.1211199999
14.8159100001
16.2782300001
6.28881000006
42.01675
9.14584000001
17.9328799999
72.5129999999
10.92023
23.25397
7.15157999995
18.0472500001
11.3490800001
25.83906
10.9293200001
17.5292900001
13.97486
13.08152
17.2575600001
13.12369
14.22643
30.97172
10.56982
27.5918200001
12.2191700001
11.54545
6.89116
8.83388000005
61.9829999999
23.86225
7.02168999997
6.72292000009
7.39649000007
20.9784
10.9102
5.69391999999
13.40485
10.26601
18.9704200001
18.2214399998
47.11892
10.79074
13.77151
10.76168
14.0701799998
16.6046899999
19.0703399999
18.1498100001
13.421
16.42733
19.4174899999
7.07043999992
20.1743500001
13.1242899999
12.3885299998
11.9331500001
44.5509100001
9.69556999998
17.4984899999
24.22468
22.05531
16.88341
21.96526
289.99582
14.00015
8.23048999999
28.17641
33.80469
15.12423
16.02318
14.3938899999
14.21274
10.14593
23.88833
6.44013999996
13.85299
11.18725
7.5271399999
12.8246000001
30.16739
17.1255700001
11.9937199999
284.20613
138.82658
240.4463
6.1523999999
8.48315999995
4.92733999994
8.34273000003
9.31388999999
18.9183
7.75242999999
14.9491600001
9.63452999992
9.36710000003
27.9111800002
12.58372
11.5302799999
29.5316200001
24.1539799999
17.9349899997
21.7791700001
8.94386
12.7018100001
6.42162000004
16.84911
289.88721
15.1308500001
8.52538000001
14.6336999999
22.51214
17.2059299999
9.17281999998
11.4855799999
21.5962800001
70.7971799999
15.2727300001
12.71134
17.45004
18.9321400002
18.27131
6.94328999997
11.7066199998
41.74155
13.8132799999
16.2325700001
9.45818000007
11.22064
15.9840300002
12.26902
15.63405
14.4948700001
21.5936200002
6.39775
13.3358900001
15.71392
10.82546
16.1594299999
9.10762000002
29.81125
13.03393
10.17263
8.60959999997
296.36709
15.67378
6.32482999994
10.97389
23.04211
5.20887999993
46.5749
14.1434299999
18.38151
10.3828500002
11.0430899999
11.07679
125.00562
11.46821
9.31053999998
19.4446299999
7.51911999995
9.9495000001
12.0877800002
339.83409
7.34267999989
15.35883
119.65998
12.0784400001
7.14533999981
27.3600199999
20.43721
17.08447
23.24437
6.13338000001
10.3316
20.69692
11.6859899999
28.15828
10.15318
17.3200200001
12.90665
26.1665099999
17.6327900002
17.94857
10.95355
15.0495199999
25.12621
10.1912
10.27767
73.69594
17.51642
11.7469200001
85.9486999998
7.18876000005
16.4038199999
20.3985400001
31.3531599999
6.45656999992
23.3021999998
19.3307
5.75042000005
14.9790400001
19.65621
6.96476
29.0777199999
12.2854499999
14.3461600001
16.7024899999
11.2168299999
26.6137400001
11.54427
17.6973299999
11.66756
9.22225000011
7.79847000004
15.32255
7.22600999998
9.06864000007
15.1418399999
21.0262
15.54972
7.07712000003
9.04219000007
17.26631
10.25742
13.8605400001
15.2973099999
18.2614399999
13.16224
10.2509799999
21.03314
15.6423399999
8.47305999999
9.47032999992
9.92795000016
7.98674999992
14.21316
22.32421
11.57809
185.10747
13.2749000001
8.52974999999
224.63434
9.71211999981
7.46372000012
28.3790200001
8.80316000001
16.1022000001
7.77749999997
16.15152
9.34405999992
30.6183300001
8.93478000001
29.7174
8.88870000001
10.7555900001
26.95102
21.5210599999
202.52162
21.1810100001
18.1371400001
45.26004
238.05363
15.2545599999
58.7856900002
12.7883
14.70276
20.05623
16.7623699999
92.97398
22.10911
6.8520999999
12.91442
14.73847
21.66414
15.67279
11.6016800001
115.60933
9.42768000008
11.3524899998
15.04862
6.98642999993
11.9729000001
13.13213
20.39674
12.06146
15.3183400001
15.28033
20.60593
10.20465
18.8634899999
15.47756
10.56589
16.3429400001
11.2825
14.82964
5.78960000013
15.3490100001
11.6266999999
6.36854000005
13.37488
6.29978999996
10.0374900001
79.73375
24.8117500001
16.3873600001
16.1449900001
12.1464
14.6322399999
14.87295
22.2740600001
13.91588
19.41528
14.58123
18.2915699999
9.88352000015
12.91078
178.30518
12.6089299999
28.15977
14.8274999999
21.32655
13.85328
11.28223
16.59256
71.3566399999
11.6039600002
15.17035
36.1587699999
10.9721
14.76956
17.5663899999
7.69140000001
14.0402900001
15.2283300001
12.13901
6.32857000001
11.93588
9.66327000002
14.35163
26.5890399999
12.04263
22.13784
16.54168
19.7836699999
13.69123
13.1247100001
17.7866999999
13.41001
20.34965
9.29595000006
29.98035
14.6007999999
17.3565700001
7.48070999992
294.0078
236.9574
22.4545499998
12.4634100001
13.6428
37.7713599999
9.36701000005
15.6925400001
22.8590299999
13.44805
14.9978199999
14.5920899999
14.5516199998
17.4928199999
21.26118
10.11084
17.18297
35.05863
10.8128300001
13.1105800001
12.7118400001
13.09477
38.4714999999
44.0089400001
21.7171100001
19.10216
8.69903000002
7.03189999994
6.11193000001
18.6242
8.56096000015
18.1600599999
21.6997600001
21.2735700001
45.9603500001
11.1187700001
11.1135799999
62.3321199999
12.9423
17.09583
10.6168
51.04774
18.40302
73.1577000001
5.8740800001
20.48779
22.76252
73.26693
13.6185100001
37.8747200001
14.6200300001
12.6039799999
9.19785999996
11.1019000002
23.8300399999
10.0268699999
9.16634
7.52234000002
13.0093500001
53.8910600001
8.35327000008
53.77165
14.0773300001
20.3110400001
13.09878
9.8470699999
13.0075200001
103.88784
13.40036
257.26363
27.2104100001
29.7534599999
18.9763799999
24.14335
17.1534599999
16.6121700001
270.49783
228.86528
15.9917399999
105.01856
9.83809999994
14.0853500002
19.4414199998
13.30619
31.03275
17.02588
23.88864
7.63045000006
4.94608000002
11.8654100001
8.63069999986
10.87359
20.0720500002
8.23838
8.23710999999
20.58615
11.41442
25.29692
8.86376999994
21.20689
17.00176
12.0122
12.5780200001
296.95756
30.66394
25.3716699999
120.52758
25.7412100001
11.23703
14.64506
13.7346499999
12.96092
13.6717000001
12.0982600001
250.49682
20.0831899999
22.0022199999
8.6261799999
25.7646600001
13.94352
8.47198999999
138.43553
6.92087000003
46.59861
31.19152
31.4747899999
14.0117700001
104.69853
22.33606
75.76487
123.56511
13.7306499999
23.97719
13.48962
97.78238
24.81941
8.95231999992
15.1913800001
15.3198899999
24.5581199999
10.96724
7.45932999998
10.92143
15.12109
19.1835199998
16.94649
48.70286
13.2705399999
6.93984000001
9.67590999999
12.40822
9.33646000002
11.49448
16.5947499999
10.14354
13.6392599999
14.5755500002
124.91316
31.86347
8.99618000002
12.74202
13.9030300002
9.98930999998
11.78967
15.58224
13.68288
15.59944
144.72213
61.64591
9.7850400001
16.39956
22.89331
11.55253
22.04003
20.0848
17.5813399999
15.87152
10.54137
8.04756999994
3.30372999993
28.9198499999
11.36656
15.92177
21.22828
13.71738
27.2403000001
10.6243799999
18.6887000001
13.6711400001
21.0049200002
8.33956999995
12.26902
10.79714
36.4081200003
17.7388900002
12.28865
6.61100000003
16.4034
