8.34487999999
12.9419699999
10.2113399999
4.96050000004
104.72487
9.47010000004
17.2439499999
13.9873100002
7.01875000005
116.59842
16.8382599999
10.8196199998
13.39099
11.8138600001
16.2859700001
8.09565999999
27.38368
38.8661700002
15.2574300001
16.9040200001
13.1028700001
12.5202
19.08176
8.29804000014
14.24887
7.75374999992
10.99248
21.70812
101.657
14.3609399999
10.4131
258.81573
13.1217000003
29.88369
305.03448
19.1439700001
27.3825600001
17.4842900001
12.4306399999
10.0331999999
19.22444
7.74552
13.2882499999
14.11032
16.88181
22.01676
11.1652699999
13.28206
12.1001800001
9.00635000004
