9.36264000006
21.9376300001
100.4777
7.88522000005
105.09545
9.97828000016
5.47727999999
10.1979699999
13.79116
9.05866999994
8.03446
299.18107
13.74283
26.2606200001
15.7379000001
6.19733
15.54075
27.2220999999
21.1842899999
11.45914
15.41399
10.02315
15.15194
8.70195000013
9.15917
11.02951
19.31602
22.8309599999
12.93413
9.38410999998
9.37654999993
10.1934399999
15.6868599999
18.35269
16.07053
11.33501
11.5398699997
15.1938000001
13.6157200001
11.97739
24.2351299999
9.28914999997
10.03262
36.5225799999
55.3270800001
8.55830000003
17.1598599999
25.55347
10.46129
16.7044100001
