79.73375
24.8117500001
16.3873600001
16.1449900001
12.1464
14.6322399999
14.87295
22.2740600001
13.91588
19.41528
14.58123
18.2915699999
9.88352000015
12.91078
178.30518
12.6089299999
28.15977
14.8274999999
21.32655
13.85328
11.28223
16.59256
71.3566399999
11.6039600002
15.17035
36.1587699999
10.9721
14.76956
17.5663899999
7.69140000001
14.0402900001
15.2283300001
12.13901
6.32857000001
11.93588
9.66327000002
14.35163
26.5890399999
12.04263
22.13784
16.54168
19.7836699999
13.69123
13.1247100001
17.7866999999
13.41001
20.34965
9.29595000006
29.98035
14.6007999999
