13.4328299999
74.80348
12.33816
13.36311
10.9736399997
12.53489
16.1075200001
17.83173
15.7710800001
6.04417000001
16.1344099999
17.0488199999
9.06240000005
18.06985
8.75176999997
29.52469
11.44814
31.2284499999
6.83679999993
5.68481000001
146.67468
11.08425
18.2157699999
9.99338
8.84080000012
13.23142
16.8560300001
14.06998
16.08742
16.02698
9.84996000002
10.8212499999
11.6297700001
8.05286000005
127.078
268.54631
8.81848999986
7.29792000004
15.6631799999
119.3141
20.98847
8.67791999993
15.00688
11.7438300001
13.6732600001
30.98381
256.57992
18.84299
11.29036
18.94047
