16.2411600001
15.43791
18.1694000001
11.2117700001
127.36639
23.8368499998
4.99924999999
15.99655
9.06882000004
10.0336999999
23.3426100001
14.86745
12.62165
25.17215
7.47622000007
14.77293
12.28416
15.18548
10.8610299999
11.6136100001
13.8139
260.50218
19.5847700001
14.7768299999
20.3425
15.44695
16.1580700001
24.9387899999
9.31659000006
12.1163
5.10292000009
15.07279
21.4306500001
20.0502400001
21.6167900001
15.7946599999
48.8754500002
10.4763399999
4.85988
11.7642800001
15.03189
16.6167700001
8.39497000014
16.7618600002
65.37527
17.1330899999
12.28383
16.6302400001
11.1211199999
14.8159100001
