6.93984000001
9.67590999999
12.40822
9.33646000002
11.49448
16.5947499999
10.14354
13.6392599999
14.5755500002
124.91316
31.86347
8.99618000002
12.74202
13.9030300002
9.98930999998
11.78967
15.58224
13.68288
15.59944
144.72213
61.64591
9.7850400001
16.39956
22.89331
11.55253
22.04003
20.0848
17.5813399999
15.87152
10.54137
8.04756999994
3.30372999993
28.9198499999
11.36656
15.92177
21.22828
13.71738
27.2403000001
10.6243799999
18.6887000001
13.6711400001
21.0049200002
8.33956999995
12.26902
10.79714
36.4081200003
17.7388900002
12.28865
6.61100000003
16.4034
