10.3828500002
11.0430899999
11.07679
125.00562
11.46821
9.31053999998
19.4446299999
7.51911999995
9.9495000001
12.0877800002
339.83409
7.34267999989
15.35883
119.65998
12.0784400001
7.14533999981
27.3600199999
20.43721
17.08447
23.24437
6.13338000001
10.3316
20.69692
11.6859899999
28.15828
10.15318
17.3200200001
12.90665
26.1665099999
17.6327900002
17.94857
10.95355
15.0495199999
25.12621
10.1912
10.27767
73.69594
17.51642
11.7469200001
85.9486999998
7.18876000005
16.4038199999
20.3985400001
31.3531599999
6.45656999992
23.3021999998
19.3307
5.75042000005
14.9790400001
19.65621
