14.18194
12.50404
14.08389
338.25869
12.8640899999
10.64142
11.8717
11.1619499999
15.43808
55.3158
11.8312499999
7.85022999998
11.1719200001
25.9754299999
5.76380999992
36.6974599999
11.94969
16.2410299999
13.08406
11.83923
11.5605799999
20.40652
8.59686000005
22.6683700001
13.54587
26.9602199999
10.10035
22.4597199999
18.8599
17.03905
253.17187
21.5307000001
13.3225
10.59856
12.8765199999
18.5586400001
13.99381
14.75127
17.50317
10.59243
27.5491799999
15.6640399999
16.6828700001
16.28547
44.1761100001
316.36893
11.7421299999
20.0313
23.9554
21.47355
