8.1078900001
10.6595
17.8677500001
5.64999000006
13.4916500002
15.12916
13.74777
17.6388099999
4.5631700001
12.04102
11.08875
11.70034
12.724
48.78117
28.0578399999
8.45548999996
37.29454
8.20882000006
7.75202000001
12.11279
9.48625000019
11.47383
10.96189
23.2880599999
19.7055800001
9.20814999996
32.52411
25.3177599998
37.48379
278.01997
9.72572999995
8.71962999995
9.59372999996
228.99327
14.92402
12.63352
13.57996
6.94232999999
10.3431800001
10.93255
22.35644
8.49985000014
302.56763
16.85172
6.86338000011
16.7824800001
19.52122
11.52308
18.6908499999
235.12462
