6.96476
29.0777199999
12.2854499999
14.3461600001
16.7024899999
11.2168299999
26.6137400001
11.54427
17.6973299999
11.66756
9.22225000011
7.79847000004
15.32255
7.22600999998
9.06864000007
15.1418399999
21.0262
15.54972
7.07712000003
9.04219000007
17.26631
10.25742
13.8605400001
15.2973099999
18.2614399999
13.16224
10.2509799999
21.03314
15.6423399999
8.47305999999
9.47032999992
9.92795000016
7.98674999992
14.21316
22.32421
11.57809
185.10747
13.2749000001
8.52974999999
224.63434
9.71211999981
7.46372000012
28.3790200001
8.80316000001
16.1022000001
7.77749999997
16.15152
9.34405999992
30.6183300001
8.93478000001
