8.86376999994
21.20689
17.00176
12.0122
12.5780200001
296.95756
30.66394
25.3716699999
120.52758
25.7412100001
11.23703
14.64506
13.7346499999
12.96092
13.6717000001
12.0982600001
250.49682
20.0831899999
22.0022199999
8.6261799999
25.7646600001
13.94352
8.47198999999
138.43553
6.92087000003
46.59861
31.19152
31.4747899999
14.0117700001
104.69853
22.33606
75.76487
123.56511
13.7306499999
23.97719
13.48962
97.78238
24.81941
8.95231999992
15.1913800001
15.3198899999
24.5581199999
10.96724
7.45932999998
10.92143
15.12109
19.1835199998
16.94649
48.70286
13.2705399999
