4.13340000005
12.92408
84.8126000002
21.88458
294.36614
10.07624
10.25362
9.11995999992
20.9521599999
13.1825699998
20.1769600001
17.6831699999
19.73665
17.7564000001
142.36654
20.11606
13.26624
33.1468699999
11.48966
32.55724
6.77811000007
11.3831700002
228.78056
12.5423099999
14.94825
7.30583000008
13.0629999998
10.18232
8.99427000002
40.2928399999
11.75324
17.1778600001
13.7917099999
12.28628
83.8343400001
26.5162
15.00562
12.8135299999
10.0528300001
9.88256000006
15.3519899999
8.95452000003
21.96259
13.37148
22.7818399998
38.9946100001
96.6638499999
12.2207999999
5.60821999994
33.2581300001
