29.7174
8.88870000001
10.7555900001
26.95102
21.5210599999
202.52162
21.1810100001
18.1371400001
45.26004
238.05363
15.2545599999
58.7856900002
12.7883
14.70276
20.05623
16.7623699999
92.97398
22.10911
6.8520999999
12.91442
14.73847
21.66414
15.67279
11.6016800001
115.60933
9.42768000008
11.3524899998
15.04862
6.98642999993
11.9729000001
13.13213
20.39674
12.06146
15.3183400001
15.28033
20.60593
10.20465
18.8634899999
15.47756
10.56589
16.3429400001
11.2825
14.82964
5.78960000013
15.3490100001
11.6266999999
6.36854000005
13.37488
6.29978999996
10.0374900001
