16.2782300001
6.28881000006
42.01675
9.14584000001
17.9328799999
72.5129999999
10.92023
23.25397
7.15157999995
18.0472500001
11.3490800001
25.83906
10.9293200001
17.5292900001
13.97486
13.08152
17.2575600001
13.12369
14.22643
30.97172
10.56982
27.5918200001
12.2191700001
11.54545
6.89116
8.83388000005
61.9829999999
23.86225
7.02168999997
6.72292000009
7.39649000007
20.9784
10.9102
5.69391999999
13.40485
10.26601
18.9704200001
18.2214399998
47.11892
10.79074
13.77151
10.76168
14.0701799998
16.6046899999
19.0703399999
18.1498100001
13.421
16.42733
19.4174899999
7.07043999992
