13.6185100001
37.8747200001
14.6200300001
12.6039799999
9.19785999996
11.1019000002
23.8300399999
10.0268699999
9.16634
7.52234000002
13.0093500001
53.8910600001
8.35327000008
53.77165
14.0773300001
20.3110400001
13.09878
9.8470699999
13.0075200001
103.88784
13.40036
257.26363
27.2104100001
29.7534599999
18.9763799999
24.14335
17.1534599999
16.6121700001
270.49783
228.86528
15.9917399999
105.01856
9.83809999994
14.0853500002
19.4414199998
13.30619
31.03275
17.02588
23.88864
7.63045000006
4.94608000002
11.8654100001
8.63069999986
10.87359
20.0720500002
8.23838
8.23710999999
20.58615
11.41442
25.29692
