10.6983
11.9419499999
6.08172000002
16.3208199999
19.21699
6.70308000001
18.77426
15.7530700001
22.5069100001
6.59121999994
10.1903299999
8.76220999996
14.8825999999
12.97305
87.9345300001
20.55165
18.0306699999
8.80388999998
19.0668300001
15.4777399999
12.07406
23.71844
5.53247999994
11.9742100001
21.83477
9.02666999993
19.37427
14.96059
10.78501
37.9446999999
16.36561
12.3721399999
22.2912499999
18.7929999999
6.43226999999
16.4173600001
15.65946
21.7088700001
6.09405000007
22.34257
9.92606999993
12.42967
10.16583
26.4230699999
29.0647700001
13.9442500001
20.6205099999
8.3248099999
7.45012000005
17.3189200001
