20.1743500001
13.1242899999
12.3885299998
11.9331500001
44.5509100001
9.69556999998
17.4984899999
24.22468
22.05531
16.88341
21.96526
289.99582
14.00015
8.23048999999
28.17641
33.80469
15.12423
16.02318
14.3938899999
14.21274
10.14593
23.88833
6.44013999996
13.85299
11.18725
7.5271399999
12.8246000001
30.16739
17.1255700001
11.9937199999
284.20613
138.82658
240.4463
6.1523999999
8.48315999995
4.92733999994
8.34273000003
9.31388999999
18.9183
7.75242999999
14.9491600001
9.63452999992
9.36710000003
27.9111800002
12.58372
11.5302799999
29.5316200001
24.1539799999
17.9349899997
21.7791700001
