13.4036300001
11.94763
84.37073
19.26511
12.83901
11.71634
13.5488
10.09537
18.4622100001
26.37373
8.15638000006
10.97781
36.0095299999
12.8012399998
19.05374
8.51982000005
14.3845800001
15.24361
11.63614
221.49291
16.95892
10.65642
4.53090000013
22.74633
8.43782999995
13.63523
16.3645799999
6.00412000006
23.59515
18.53569
10.23916
11.0352
28.1529
16.9359599999
133.2077
10.4544700001
105.38432
13.4169699999
11.57516
13.5860300001
23.72343
9.96262000001
20.45176
7.63442999986
46.8404100001
12.2740399999
16.9923800001
20.7322500001
11.6128700002
18.7512899999
