17.3565700001
7.48070999992
294.0078
236.9574
22.4545499998
12.4634100001
13.6428
37.7713599999
9.36701000005
15.6925400001
22.8590299999
13.44805
14.9978199999
14.5920899999
14.5516199998
17.4928199999
21.26118
10.11084
17.18297
35.05863
10.8128300001
13.1105800001
12.7118400001
13.09477
38.4714999999
44.0089400001
21.7171100001
19.10216
8.69903000002
7.03189999994
6.11193000001
18.6242
8.56096000015
18.1600599999
21.6997600001
21.2735700001
45.9603500001
11.1187700001
11.1135799999
62.3321199999
12.9423
17.09583
10.6168
51.04774
18.40302
73.1577000001
5.8740800001
20.48779
22.76252
73.26693
