13.10056
4.9914399999
21.78293
55.70242
7.97143000003
11.8269900001
159.40904
6.29279000009
36.6455900001
12.33011
11.3344099999
9.66734000016
76.67104
19.3615000001
8.22553000005
6.28166999994
8.94374000002
13.87053
24.8793399999
11.73572
9.77818000002
16.34279
18.1656900001
18.6978700001
34.8724699999
12.7729900001
11.9456600002
12.38729
19.06609
11.7292099999
30.5567699999
14.71658
14.05168
12.1542600001
11.7079200001
7.60690999997
15.1884700001
8.64541
127.49794
23.40162
23.53396
12.56051
9.20232000004
10.1752099999
6.95042000001
32.7651399999
7.94169999997
47.9232499999
17.7210499999
23.2640500001
