58.14553
27.8195199999
10.4150800001
11.6340999999
4.92843999993
36.74437
30.5255
8.94404999993
30.7029900001
9.90959000005
43.8968
16.6881200001
80.5430099999
5.86051999987
13.0493900001
6.86836000008
25.52384
287.59397
28.3799399998
12.20229
19.05794
12.4099600001
5.07509000006
22.4551199999
19.4567900001
17.88061
18.46901
36.1266800002
11.0360399999
17.4103199999
17.21039
17.83019
299.86164
8.36823000002
104.7884
12.80094
11.2202399999
12.9306900001
51.90958
17.5053500001
19.9946799999
12.6
8.63146000006
82.6706599999
7.26439000003
8.71213000012
46.64654
30.60698
14.6683200001
10.3355200001
