8.75659000012
57.8464900001
250.68757
33.4533599999
13.3825800001
8.79700999998
8.51433999999
8.52231999999
10.4214
23.0338199999
20.2269
56.49837
8.27677000011
8.97664999997
9.66588999995
14.4283799999
8.35525999998
9.81679000007
16.3691499999
5.55578000005
10.98837
152.48979
18.82738
8.68122000003
64.0956999998
19.0661899999
34.7299100002
11.9487599999
12.60028
11.9784599999
6.17459000007
25.4808599999
13.11023
12.87207
11.6950399999
21.98091
10.7379800001
12.8745800001
9.13199999998
12.5438099999
9.83905000007
32.7715900001
18.58999
77.10902
10.4754400001
10.4095599999
15.9883999999
11.1087499999
11.7971200002
220.83724
