86.82714
5.71314000001
26.7257299999
14.93214
9.92535999999
304.25651
8.82031999994
28.82651
11.5467599999
83.8153299999
13.6527
13.27997
16.68063
8.11444000015
14.92738
9.56607000006
17.51106
13.31972
14.62467
15.5410900001
10.66769
20.8271900001
32.62288
15.64491
19.8019000003
40.6911300001
14.87891
9.15208000003
9.3168899999
250.40815
47.38936
20.34025
12.63077
16.16799
35.90763
13.1632099999
20.7226699999
9.26786000002
5.13078999997
12.5542599998
32.8186199999
14.8453299999
6.31896000018
12.54445
11.03253
23.10453
18.20051
16.1471900002
18.4107000001
13.1863200001
