180.50425
275.66269
17.02404
16.34817
22.73675
38.0623
19.69197
11.17716
10.6311
31.50365
18.74959
13.8527899999
11.50537
19.33476
77.63963
16.1147800001
11.5867199999
8.87783000001
8.68479999993
111.43016
17.68415
12.6479499999
11.01244
20.1188199999
17.6721
16.18824
25.02032
16.2193499999
11.9251400001
10.28079
29.95093
13.43155
12.38794
23.8047800001
14.7481000001
10.31664
77.5640700001
15.7836900001
15.60505
11.9535899999
10.3065700001
27.4513599999
14.60296
34.6071099999
20.33727
11.3687400001
23.24943
123.79856
8.21631000005
8.33311000001
