121.54113
17.3864900001
11.2854799998
11.99016
89.2405599999
20.7167900001
23.3518300001
124.65831
13.2264300002
44.4820900001
27.8745499999
17.3829700002
160.28282
14.4591200002
25.2597199999
41.62544
15.4976199999
14.4905699999
14.3401400002
11.5364400001
16.79745
9.50921000005
7.92108000012
26.8739800001
30.78267
10.1460499999
24.3210400001
14.0868299999
17.48797
8.18918999995
18.48379
9.63676999998
14.2741400001
25.098
15.7832799999
12.8336499998
23.97618
8.27466999996
13.54252
10.76139
9.16994000005
11.4342200001
12.5781
11.9936899999
12.21253
12.40475
15.99284
46.0056799999
7.16308000009
9.93850000005
