8.09007999999
26.5117
32.24563
48.6256899999
10.8166799999
9.95790999988
27.2678499999
18.4197200001
19.34143
12.09055
24.3781300001
5.26204000006
9.81719000009
7.4113700001
7.47231999994
26.42999
24.6005899999
4.82312000019
19.6819399999
15.62022
8.28304999997
12.4524399999
13.8222800001
13.24685
17.9548099999
13.5885600001
11.72114
296.69064
17.49168
7.76964999991
36.65094
14.58583
11.1974099999
23.50145
14.8116000001
12.43701
14.27697
8.43801000004
7.51413999998
19.26397
27.7316000001
10.3645200001
6.93916999991
15.5815
4.23478000006
17.08946
20.23204
17.98916
16.09023
9.42009000003
