15.9005999998
21.0068099999
13.8708
12.5884
11.3938799999
17.6120199999
149.88256
14.0111400001
26.1644899999
3.78319999995
16.6595600001
18.44596
88.7223
12.6852900001
8.67319
11.75367
23.0524699999
18.0429799999
10.5764299999
17.3807099998
20.1817899998
10.43404
7.37466999993
21.23948
16.1666199999
11.93484
30.4574899999
8.36767999991
12.31174
14.52795
66.8554
80.90305
21.82557
10.59106
25.32252
5.63598999998
11.92774
7.26818999997
89.6724
10.18375
23.1398000001
105.83891
21.0585700001
16.97704
24.5085100001
19.43942
8.13551000005
19.94493
9.37526999984
15.9166100001
