27.91961
9.42521999998
31.3997599999
83.5078499999
25.9445700001
13.45933
227.60879
30.08724
7.29285999993
5.93188000005
9.36772999994
12.952
11.36208
12.16126
8.62523999996
37.57283
9.03619999997
70.4739799999
91.87933
10.04877
10.86587
39.7618199999
12.6090800001
17.6063499998
13.7642999999
314.60019
14.92158
40.5034599999
11.8656199999
18.5468100001
24.23063
10.13177
3.85519999999
17.8818500001
10.6848200001
12.11986
9.39876000001
17.36763
7.32678999996
14.5027299999
19.2779600001
73.09909
11.74263
5.41995000013
53.9602500001
16.19647
17.8744399999
4.51156999997
16.77001
15.15634
