6.85447000002
9.95643000002
9.83349999983
9.25396999985
14.00569
23.44218
9.93117999996
40.7559100001
16.88096
15.6378800001
12.7292600001
22.16152
12.27446
281.32856
20.43749
15.6504700001
15.5052600001
13.51697
12.9852700001
14.84996
12.84485
129.04016
21.9872100001
15.4696699998
14.3465199999
15.8831699999
12.96864
12.9504499999
247.95023
48.35659
19.1167400001
11.0072100001
20.30368
12.6532500001
10.6096600001
10.33894
18.52548
14.47649
6.22654000006
31.46351
7.69351999997
12.19476
157.70168
14.39251
7.72448999994
57.41087
32.4397900001
14.3471700001
10.0641899999
18.1520999998
