14.0227699999
15.70571
21.14653
12.3841800001
29.49099
19.9668000001
10.12644
13.9095900001
17.11672
6.10457999993
46.18482
18.9272100001
66.59241
25.01774
30.53916
57.2125400001
11.85115
9.11109000002
19.9224000002
23.8348300001
20.98522
10.7042299999
11.21803
118.99058
9.46468999994
17.98181
14.5367300001
12.6572799999
11.45581
16.4870699998
18.0355400001
11.3222399999
18.05902
19.0422700001
31.33525
4.42413000006
11.9444899999
18.12853
149.77183
292.48425
9.45493000001
5.07185000007
72.8857400002
17.94337
10.1906200001
96.90992
16.6513300001
266.13785
12.14818
23.9964500001
