15.34886
11.31967
13.0246799999
8.58643000014
14.3553899999
14.30542
8.01114000008
11.8248899999
13.70481
15.88572
11.5971
8.75583000004
35.85684
7.86304000008
27.04637
7.54834999994
14.5590900001
46.3268099998
36.76662
9.66275999998
10.7744700001
20.11198
14.74867
30.88549
15.1894200001
44.16757
14.6341799999
42.9006500001
4.20160999999
74.5086299999
24.8941500001
14.38373
6.66117999994
77.95446
16.8331099999
12.2761200001
11.03403
29.3928500001
32.5647300001
74.97855
14.11609
26.7287700002
10.6319200001
6.92981999984
11.42401
12.56574
52.45131
7.66003999999
8.20870000008
9.82708000008
