13.4459
22.8748799999
13.7412600002
6.59914999991
11.4662
14.2863500001
21.09176
17.10396
5.82128000003
9.57637999998
133.27228
15.7190799998
123.58422
27.28354
8.22739999997
17.94446
21.1930599998
8.57782999997
23.50288
9.39089999988
9.77977000014
18.83891
34.3864999999
21.2596100001
18.6296499999
25.71059
14.3334399998
18.78471
214.35533
12.7343000001
4.76671999996
8.87939000002
24.889
13.1614500001
28.0913200001
31.12184
15.31163
94.7721499999
9.59252000006
285.95128
11.05694
27.1928099999
45.62928
11.98994
7.62264000007
34.7418000002
8.09727000014
15.70786
9.68529000005
23.15312
