27.91961
9.42521999998
31.3997599999
83.5078499999
25.9445700001
13.45933
227.60879
30.08724
7.29285999993
5.93188000005
9.36772999994
12.952
11.36208
12.16126
8.62523999996
37.57283
9.03619999997
70.4739799999
91.87933
10.04877
10.86587
39.7618199999
12.6090800001
17.6063499998
13.7642999999
314.60019
14.92158
40.5034599999
11.8656199999
18.5468100001
24.23063
10.13177
3.85519999999
17.8818500001
10.6848200001
12.11986
9.39876000001
17.36763
7.32678999996
14.5027299999
19.2779600001
73.09909
11.74263
5.41995000013
53.9602500001
16.19647
17.8744399999
4.51156999997
16.77001
15.15634
15.32066
11.6063100002
11.22664
10.30568
58.9648599999
9.39958999993
6.11893999996
8.50306000002
36.7113299998
15.45873
10.9633799999
13.01623
15.9956800001
12.7496100001
12.65972
13.40799
14.5207
13.0205099999
10.48375
198.9497
8.31943999999
9.91159999999
14.70629
14.22981
46.48803
53.17269
11.3389200001
32.86687
9.82998000004
9.39564
20.2842300001
16.5770800001
4.97441999998
26.86728
10.00828
12.82704
18.9421
17.2077400001
14.7502299999
13.74217
18.93689
17.1878099999
80.24682
7.78505999991
92.76482
113.09212
8.40559999982
39.7112000003
10.92137
95.68243
86.82714
5.71314000001
26.7257299999
14.93214
9.92535999999
304.25651
8.82031999994
28.82651
11.5467599999
83.8153299999
13.6527
13.27997
16.68063
8.11444000015
14.92738
9.56607000006
17.51106
13.31972
14.62467
15.5410900001
10.66769
20.8271900001
32.62288
15.64491
19.8019000003
40.6911300001
14.87891
9.15208000003
9.3168899999
250.40815
47.38936
20.34025
12.63077
16.16799
35.90763
13.1632099999
20.7226699999
9.26786000002
5.13078999997
12.5542599998
32.8186199999
14.8453299999
6.31896000018
12.54445
11.03253
23.10453
18.20051
16.1471900002
18.4107000001
13.1863200001
15.9005999998
21.0068099999
13.8708
12.5884
11.3938799999
17.6120199999
149.88256
14.0111400001
26.1644899999
3.78319999995
16.6595600001
18.44596
88.7223
12.6852900001
8.67319
11.75367
23.0524699999
18.0429799999
10.5764299999
17.3807099998
20.1817899998
10.43404
7.37466999993
21.23948
16.1666199999
11.93484
30.4574899999
8.36767999991
12.31174
14.52795
66.8554
80.90305
21.82557
10.59106
25.32252
5.63598999998
11.92774
7.26818999997
89.6724
10.18375
23.1398000001
105.83891
21.0585700001
16.97704
24.5085100001
19.43942
8.13551000005
19.94493
9.37526999984
15.9166100001
8.44276999985
13.3293
19.62793
12.1685700001
24.4078399999
113.80627
33.1058899999
94.81755
16.2008
13.8331899999
7.8282499999
9.98048999999
14.01119
13.6113
12.25165
14.2928299999
16.71453
14.4366600001
28.3142599999
219.71461
30.31832
13.99803
8.22908000008
13.0511700001
13.5618200001
11.1824900002
14.8890099999
11.4956800001
28.3367999999
18.34051
10.0385899999
9.63664999988
8.6372900001
81.7173700001
8.98470999999
8.28343000007
9.86357000005
10.64426
62.7163399999
10.90435
9.59776000003
16.3750699998
9.91417999996
6.69046000007
15.5188
10.3949099999
274.57127
9.3455099999
15.0268
16.22768
121.54113
17.3864900001
11.2854799998
11.99016
89.2405599999
20.7167900001
23.3518300001
124.65831
13.2264300002
44.4820900001
27.8745499999
17.3829700002
160.28282
14.4591200002
25.2597199999
41.62544
15.4976199999
14.4905699999
14.3401400002
11.5364400001
16.79745
9.50921000005
7.92108000012
26.8739800001
30.78267
10.1460499999
24.3210400001
14.0868299999
17.48797
8.18918999995
18.48379
9.63676999998
14.2741400001
25.098
15.7832799999
12.8336499998
23.97618
8.27466999996
13.54252
10.76139
9.16994000005
11.4342200001
12.5781
11.9936899999
12.21253
12.40475
15.99284
46.0056799999
7.16308000009
9.93850000005
6.85447000002
9.95643000002
9.83349999983
9.25396999985
14.00569
23.44218
9.93117999996
40.7559100001
16.88096
15.6378800001
12.7292600001
22.16152
12.27446
281.32856
20.43749
15.6504700001
15.5052600001
13.51697
12.9852700001
14.84996
12.84485
129.04016
21.9872100001
15.4696699998
14.3465199999
15.8831699999
12.96864
12.9504499999
247.95023
48.35659
19.1167400001
11.0072100001
20.30368
12.6532500001
10.6096600001
10.33894
18.52548
14.47649
6.22654000006
31.46351
7.69351999997
12.19476
157.70168
14.39251
7.72448999994
57.41087
32.4397900001
14.3471700001
10.0641899999
18.1520999998
15.0991600001
54.6206
19.6207300001
11.7324899998
23.85503
19.6650699999
20.7933
9.35967999999
12.73888
23.6874299999
11.39064
47.8270200002
11.93369
15.4708600001
11.71735
20.41441
9.95822000003
14.28729
13.84091
13.63147
20.2469300001
12.57252
12.1436800002
16.96069
19.1374799999
5.72701999999
122.94286
18.26211
27.33389
15.0598200001
5.44800999993
12.5554500001
20.1026800001
19.77893
9.1682800001
22.1425599999
8.72485999996
8.88401000004
12.99443
11.46401
8.85375000001
8.08335000009
11.784
18.5249
9.58344999992
31.8526999999
5.50533999992
37.41971
35.54848
10.98038
8.75659000012
57.8464900001
250.68757
33.4533599999
13.3825800001
8.79700999998
8.51433999999
8.52231999999
10.4214
23.0338199999
20.2269
56.49837
8.27677000011
8.97664999997
9.66588999995
14.4283799999
8.35525999998
9.81679000007
16.3691499999
5.55578000005
10.98837
152.48979
18.82738
8.68122000003
64.0956999998
19.0661899999
34.7299100002
11.9487599999
12.60028
11.9784599999
6.17459000007
25.4808599999
13.11023
12.87207
11.6950399999
21.98091
10.7379800001
12.8745800001
9.13199999998
12.5438099999
9.83905000007
32.7715900001
18.58999
77.10902
10.4754400001
10.4095599999
15.9883999999
11.1087499999
11.7971200002
220.83724
180.50425
275.66269
17.02404
16.34817
22.73675
38.0623
19.69197
11.17716
10.6311
31.50365
18.74959
13.8527899999
11.50537
19.33476
77.63963
16.1147800001
11.5867199999
8.87783000001
8.68479999993
111.43016
17.68415
12.6479499999
11.01244
20.1188199999
17.6721
16.18824
25.02032
16.2193499999
11.9251400001
10.28079
29.95093
13.43155
12.38794
23.8047800001
14.7481000001
10.31664
77.5640700001
15.7836900001
15.60505
11.9535899999
10.3065700001
27.4513599999
14.60296
34.6071099999
20.33727
11.3687400001
23.24943
123.79856
8.21631000005
8.33311000001
11.95387
16.42963
11.2378100001
9.75859999994
7.82877000002
152.00014
19.92185
14.8417399999
8.08382000006
19.3858899999
15.90685
17.7485399999
197.04182
27.18535
6.99728000001
14.7808399999
14.7318299999
37.5408299998
22.08112
107.12809
27.10363
17.50687
17.1455100001
10.1409
9.66147999989
9.37846000004
12.0266699999
13.6839400001
11.5951299999
15.1079899999
35.4998399999
30.6250500001
10.33499
13.18415
123.67713
16.4674099998
10.19871
8.65336
15.4282300001
11.92892
7.39373999997
12.1488200001
24.56194
11.0785500001
16.4763699999
14.7588000001
28.3202999999
133.90756
12.27637
18.63955
14.52301
20.9077099999
22.3029
10.0331799998
7.66914000001
13.0434000001
6.13303999999
11.3976100001
12.3163999999
17.4481799999
110.88909
8.41705999989
10.5417500001
9.23186000006
28.4184399999
18.34826
17.20743
12.4116299998
20.2351899999
12.1311800001
31.3134400001
24.06381
17.0269700001
7.81257000007
319.13438
11.3340899999
29.6590700001
39.02918
8.63349000004
16.6138299999
5.74515000009
13.8889400001
31.5436100001
17.32964
15.56911
13.7088500001
13.16778
14.10149
23.48667
9.04327999998
13.99294
100.70415
28.4969900001
47.8020499999
6.48934000009
22.0706699999
6.76237000001
21.86973
35.6121
89.1668
8.09007999999
26.5117
32.24563
48.6256899999
10.8166799999
9.95790999988
27.2678499999
18.4197200001
19.34143
12.09055
24.3781300001
5.26204000006
9.81719000009
7.4113700001
7.47231999994
26.42999
24.6005899999
4.82312000019
19.6819399999
15.62022
8.28304999997
12.4524399999
13.8222800001
13.24685
17.9548099999
13.5885600001
11.72114
296.69064
17.49168
7.76964999991
36.65094
14.58583
11.1974099999
23.50145
14.8116000001
12.43701
14.27697
8.43801000004
7.51413999998
19.26397
27.7316000001
10.3645200001
6.93916999991
15.5815
4.23478000006
17.08946
20.23204
17.98916
16.09023
9.42009000003
13.79464
6.63002000004
18.3571599999
21.9065399999
9.41267999983
12.3729099999
76.0965799999
23.15801
24.36382
71.75475
8.04087000003
17.95132
8.40802999993
10.37556
6.74589999998
9.14064999996
11.5626800001
7.52526000002
7.91479000007
17.2351999999
51.36846
149.21207
18.8422000001
25.5965400001
13.61888
4.80218
12.4259799999
29.1196699999
16.60867
17.06245
7.95291999995
27.3197000001
10.1443599999
96.74495
17.0819399998
96.2976200001
11.9528699999
15.9628400001
10.49814
12.83444
11.3793999999
77.3861699998
10.44304
27.28336
6.79233000008
15.12081
11.6325299999
10.85872
25.70682
21.6238599999
58.14553
27.8195199999
10.4150800001
11.6340999999
4.92843999993
36.74437
30.5255
8.94404999993
30.7029900001
9.90959000005
43.8968
16.6881200001
80.5430099999
5.86051999987
13.0493900001
6.86836000008
25.52384
287.59397
28.3799399998
12.20229
19.05794
12.4099600001
5.07509000006
22.4551199999
19.4567900001
17.88061
18.46901
36.1266800002
11.0360399999
17.4103199999
17.21039
17.83019
299.86164
8.36823000002
104.7884
12.80094
11.2202399999
12.9306900001
51.90958
17.5053500001
19.9946799999
12.6
8.63146000006
82.6706599999
7.26439000003
8.71213000012
46.64654
30.60698
14.6683200001
10.3355200001
13.4459
22.8748799999
13.7412600002
6.59914999991
11.4662
14.2863500001
21.09176
17.10396
5.82128000003
9.57637999998
133.27228
15.7190799998
123.58422
27.28354
8.22739999997
17.94446
21.1930599998
8.57782999997
23.50288
9.39089999988
9.77977000014
18.83891
34.3864999999
21.2596100001
18.6296499999
25.71059
14.3334399998
18.78471
214.35533
12.7343000001
4.76671999996
8.87939000002
24.889
13.1614500001
28.0913200001
31.12184
15.31163
94.7721499999
9.59252000006
285.95128
11.05694
27.1928099999
45.62928
11.98994
7.62264000007
34.7418000002
8.09727000014
15.70786
9.68529000005
23.15312
5.01994999999
15.8083400001
11.33376
28.97454
11.8450399999
9.32725000009
13.05262
72.6174999999
8.41008000006
31.8580400001
13.93729
13.9267000001
18.8635499999
33.0680399999
11.87084
10.8682600001
126.97277
29.5169599999
19.17001
70.68623
8.14219000004
12.0315800001
15.2220400001
14.81388
7.08206999989
25.03604
13.2614100002
10.5186500001
92.6850299999
27.67343
14.90832
8.91709
18.3554800001
17.25747
4.5594899999
20.3975900001
12.1540500001
19.31299
12.49999
11.1300400001
16.72999
241.72509
13.06871
9.72754999995
11.8510999999
20.8309800002
13.82582
12.21338
21.1658799999
26.7663499999
14.0227699999
15.70571
21.14653
12.3841800001
29.49099
19.9668000001
10.12644
13.9095900001
17.11672
6.10457999993
46.18482
18.9272100001
66.59241
25.01774
30.53916
57.2125400001
11.85115
9.11109000002
19.9224000002
23.8348300001
20.98522
10.7042299999
11.21803
118.99058
9.46468999994
17.98181
14.5367300001
12.6572799999
11.45581
16.4870699998
18.0355400001
11.3222399999
18.05902
19.0422700001
31.33525
4.42413000006
11.9444899999
18.12853
149.77183
292.48425
9.45493000001
5.07185000007
72.8857400002
17.94337
10.1906200001
96.90992
16.6513300001
266.13785
12.14818
23.9964500001
13.10056
4.9914399999
21.78293
55.70242
7.97143000003
11.8269900001
159.40904
6.29279000009
36.6455900001
12.33011
11.3344099999
9.66734000016
76.67104
19.3615000001
8.22553000005
6.28166999994
8.94374000002
13.87053
24.8793399999
11.73572
9.77818000002
16.34279
18.1656900001
18.6978700001
34.8724699999
12.7729900001
11.9456600002
12.38729
19.06609
11.7292099999
30.5567699999
14.71658
14.05168
12.1542600001
11.7079200001
7.60690999997
15.1884700001
8.64541
127.49794
23.40162
23.53396
12.56051
9.20232000004
10.1752099999
6.95042000001
32.7651399999
7.94169999997
47.9232499999
17.7210499999
23.2640500001
15.34886
11.31967
13.0246799999
8.58643000014
14.3553899999
14.30542
8.01114000008
11.8248899999
13.70481
15.88572
11.5971
8.75583000004
35.85684
7.86304000008
27.04637
7.54834999994
14.5590900001
46.3268099998
36.76662
9.66275999998
10.7744700001
20.11198
14.74867
30.88549
15.1894200001
44.16757
14.6341799999
42.9006500001
4.20160999999
74.5086299999
24.8941500001
14.38373
6.66117999994
77.95446
16.8331099999
12.2761200001
11.03403
29.3928500001
32.5647300001
74.97855
14.11609
26.7287700002
10.6319200001
6.92981999984
11.42401
12.56574
52.45131
7.66003999999
8.20870000008
9.82708000008
