5.01994999999
15.8083400001
11.33376
28.97454
11.8450399999
9.32725000009
13.05262
72.6174999999
8.41008000006
31.8580400001
13.93729
13.9267000001
18.8635499999
33.0680399999
11.87084
10.8682600001
126.97277
29.5169599999
19.17001
70.68623
8.14219000004
12.0315800001
15.2220400001
14.81388
7.08206999989
25.03604
13.2614100002
10.5186500001
92.6850299999
27.67343
14.90832
8.91709
18.3554800001
17.25747
4.5594899999
20.3975900001
12.1540500001
19.31299
12.49999
11.1300400001
16.72999
241.72509
13.06871
9.72754999995
11.8510999999
20.8309800002
13.82582
12.21338
21.1658799999
26.7663499999
