14.52301
20.9077099999
22.3029
10.0331799998
7.66914000001
13.0434000001
6.13303999999
11.3976100001
12.3163999999
17.4481799999
110.88909
8.41705999989
10.5417500001
9.23186000006
28.4184399999
18.34826
17.20743
12.4116299998
20.2351899999
12.1311800001
31.3134400001
24.06381
17.0269700001
7.81257000007
319.13438
11.3340899999
29.6590700001
39.02918
8.63349000004
16.6138299999
5.74515000009
13.8889400001
31.5436100001
17.32964
15.56911
13.7088500001
13.16778
14.10149
23.48667
9.04327999998
13.99294
100.70415
28.4969900001
47.8020499999
6.48934000009
22.0706699999
6.76237000001
21.86973
35.6121
89.1668
