13.79464
6.63002000004
18.3571599999
21.9065399999
9.41267999983
12.3729099999
76.0965799999
23.15801
24.36382
71.75475
8.04087000003
17.95132
8.40802999993
10.37556
6.74589999998
9.14064999996
11.5626800001
7.52526000002
7.91479000007
17.2351999999
51.36846
149.21207
18.8422000001
25.5965400001
13.61888
4.80218
12.4259799999
29.1196699999
16.60867
17.06245
7.95291999995
27.3197000001
10.1443599999
96.74495
17.0819399998
96.2976200001
11.9528699999
15.9628400001
10.49814
12.83444
11.3793999999
77.3861699998
10.44304
27.28336
6.79233000008
15.12081
11.6325299999
10.85872
25.70682
21.6238599999
