11.95387
16.42963
11.2378100001
9.75859999994
7.82877000002
152.00014
19.92185
14.8417399999
8.08382000006
19.3858899999
15.90685
17.7485399999
197.04182
27.18535
6.99728000001
14.7808399999
14.7318299999
37.5408299998
22.08112
107.12809
27.10363
17.50687
17.1455100001
10.1409
9.66147999989
9.37846000004
12.0266699999
13.6839400001
11.5951299999
15.1079899999
35.4998399999
30.6250500001
10.33499
13.18415
123.67713
16.4674099998
10.19871
8.65336
15.4282300001
11.92892
7.39373999997
12.1488200001
24.56194
11.0785500001
16.4763699999
14.7588000001
28.3202999999
133.90756
12.27637
18.63955
