15.32066
11.6063100002
11.22664
10.30568
58.9648599999
9.39958999993
6.11893999996
8.50306000002
36.7113299998
15.45873
10.9633799999
13.01623
15.9956800001
12.7496100001
12.65972
13.40799
14.5207
13.0205099999
10.48375
198.9497
8.31943999999
9.91159999999
14.70629
14.22981
46.48803
53.17269
11.3389200001
32.86687
9.82998000004
9.39564
20.2842300001
16.5770800001
4.97441999998
26.86728
10.00828
12.82704
18.9421
17.2077400001
14.7502299999
13.74217
18.93689
17.1878099999
80.24682
7.78505999991
92.76482
113.09212
8.40559999982
39.7112000003
10.92137
95.68243
