15.0991600001
54.6206
19.6207300001
11.7324899998
23.85503
19.6650699999
20.7933
9.35967999999
12.73888
23.6874299999
11.39064
47.8270200002
11.93369
15.4708600001
11.71735
20.41441
9.95822000003
14.28729
13.84091
13.63147
20.2469300001
12.57252
12.1436800002
16.96069
19.1374799999
5.72701999999
122.94286
18.26211
27.33389
15.0598200001
5.44800999993
12.5554500001
20.1026800001
19.77893
9.1682800001
22.1425599999
8.72485999996
8.88401000004
12.99443
11.46401
8.85375000001
8.08335000009
11.784
18.5249
9.58344999992
31.8526999999
5.50533999992
37.41971
35.54848
10.98038
