8.44276999985
13.3293
19.62793
12.1685700001
24.4078399999
113.80627
33.1058899999
94.81755
16.2008
13.8331899999
7.8282499999
9.98048999999
14.01119
13.6113
12.25165
14.2928299999
16.71453
14.4366600001
28.3142599999
219.71461
30.31832
13.99803
8.22908000008
13.0511700001
13.5618200001
11.1824900002
14.8890099999
11.4956800001
28.3367999999
18.34051
10.0385899999
9.63664999988
8.6372900001
81.7173700001
8.98470999999
8.28343000007
9.86357000005
10.64426
62.7163399999
10.90435
9.59776000003
16.3750699998
9.91417999996
6.69046000007
15.5188
10.3949099999
274.57127
9.3455099999
15.0268
16.22768
