19.2673599999
20.9253699998
9.47393000009
78.30793
13.49816
15.43506
56.09416
20.27081
56.80665
64.3099399999
15.40581
12.3474
10.4947599999
54.7977
10.5217800001
17.8138499998
80.51612
8.29816000024
23.2715799999
93.1839500001
84.00911
16.03371
10.5438299999
15.61363
13.76718
96.8330699999
15.7267500001
10.04732
16.4978799999
10.29238
14.5300500001
80.11058
109.9071
16.8153899999
16.9286699998
82.80242
15.91902
53.69994
64.6268
12.4914500001
43.44728
41.80909
19.97329
11.72017
20.1292300001
62.54501
12.96263
62.3772100001
17.015
52.1790700001
