6.78995999997
12.7756599999
9.34011999995
8.11924999999
15.6987300001
54.6124599999
16.5748899999
15.9541300001
29.2878899999
7.56153999991
101.09628
16.55955
64.2129700001
80.2469199999
22.99231
18.28942
15.0715600001
50.10629
16.6812
17.7925100001
75.6155
67.85646
21.8765100001
12.0975700001
13.4406099999
81.41291
15.96343
17.88641
17.17604
11.95427
12.39391
39.1166099999
12.4139899999
11.82317
8.38413999998
19.3598200001
19.7419499999
48.8566300001
53.41842
57.1080199999
6.16983999999
11.6394100002
19.5290700002
12.7102699999
61.65082
60.3731199999
11.24971
13.9545099998
37.41804
100.03584
