49.8171
105.20284
7.39344000001
8.8311800001
27.24171
11.94149
36.5402800001
4.62150000001
22.4539
81.2792099999
13.2950500001
13.61119
63.90094
66.39984
21.05485
11.70505
19.5559200001
21.24541
25.4073900001
8.24765999988
53.82781
27.29597
97.20683
14.67258
12.95144
69.1443
16.77986
46.82699
9.14825999993
20.07553
10.24864
6.90831999981
13.03785
41.6060199999
13.3909899999
90.6593699999
15.52974
41.1847400001
15.1613
67.80039
83.02042
19.4287100001
25.61173
24.44171
15.52783
16.03659
8.7607300001
76.1063500001
50.21968
14.54438
