10.5188300001
60.32563
7.12742000003
8.92619999987
10.75835
10.2743599999
9.03511000006
26.2273
11.7551800001
11.1087
83.01997
43.87816
18.19377
38.3037500002
60.3985899999
39.72384
66.92455
49.10384
55.5199399999
11.7593800001
19.73564
76.6540400001
65.5186599999
58.99896
42.19246
9.86106000002
10.5743400001
14.27683
27.4664700001
30.51385
19.0584400001
5.28656999988
12.66044
15.71843
52.19782
19.77458
8.81246000004
55.4350699999
21.1021200002
12.95598
11.88161
68.25609
43.65688
18.6940100001
64.90573
50.2733499999
18.08589
68.3022200001
64.90835
14.8357500001
