18.3905099999
10.08935
12.8282999999
57.6435300001
22.1250400001
14.10114
11.94825
29.02935
54.93114
54.5742100001
18.4974900001
9.58988999994
20.55645
14.7237600001
10.52919
24.7905
14.95099
77.04709
12.9264300001
64.9159400001
37.41218
68.44678
32.0592800002
51.56044
16.14755
15.82257
25.84592
15.9852799999
74.6500199999
50.73974
17.9270299999
11.5054799999
62.4030300002
92.70164
7.92732000002
10.7881899998
26.3842799999
17.1161799999
12.46528
27.1869099998
99.3655899999
22.16552
15.0622399999
12.2454800002
13.45608
31.49203
71.78435
49.2514600001
15.6293
78.3361500001
