10.7586099999
19.94227
22.1980100001
12.7068299998
9.78157999995
10.82123
311.67932
52.5694300001
66.86723
64.7129800001
22.9216199999
83.5164100002
9.11653000012
20.08143
12.11132
41.31482
7.42628999997
60.3669799999
7.88084999996
64.33584
13.94414
14.10826
61.67266
10.1369399999
12.87475
12.7618900001
59.501
12.87272
12.21069
13.4803500001
53.08857
46.2807999999
78.4430300001
45.8782299999
19.3738600001
77.5448499999
11.3732500001
69.51623
18.40558
50.5006900001
11.8813
12.06253
13.4590900003
51.69426
77.1656100003
44.7178400001
9.48572000011
9.43214000016
14.0271699999
68.62998
