114.69989
13.82189
67.0423999999
14.74454
15.27204
50.85318
98.75413
30.39083
10.8514899999
72.8754700001
85.46366
9.02630000003
74.647
72.7189099999
10.2993800001
11.1338600002
15.8555999999
12.2083299999
13.9753400001
41.14804
7.58602999989
49.7234799999
82.90041
12.1229699999
14.42535
18.87387
69.1248400001
16.0004500002
17.13497
85.0528399999
21.4110000001
14.3820499999
19.35409
15.20659
12.4121599999
24.9495500001
45.29421
10.1723099999
20.92041
15.25547
11.0507299998
24.4174599999
80.4260799999
14.9563699999
52.7927399999
80.8987899999
70.57066
11.4603599998
11.2629399999
48.01523
