13.46256
67.3446899999
12.5988
20.31557
22.87363
19.4558
10.93074
59.65007
19.98269
63.6547
11.7297899999
124.03527
15.0823
72.20329
30.06178
25.3084799999
20.9995200001
13.8886299999
54.3532400001
8.17986000003
83.58958
14.6063300001
10.32146
55.0548899999
19.3520600001
45.8704400001
8.36319000006
9.0449199999
18.0509599999
37.4565799999
21.55244
20.91769
12.18626
12.24517
14.31163
18.1296599999
11.0207499999
56.3536899999
21.5139799999
18.1034400001
22.2620700001
85.69068
13.32892
19.0638
28.2618000001
9.31334000011
87.79135
19.58452
12.765
15.69374
