7.42419000005
15.0287299999
178.50223
11.84797
12.89465
53.9371199999
15.8179199999
78.1618300001
78.6878900001
5.99586999998
64.86281
13.9955699999
59.80811
19.7440200001
17.5599
48.6306200001
12.30243
61.1339199999
73.24437
10.03386
289.35597
76.26345
59.63241
6.83070999989
11.1246699999
12.36546
74.3183399999
65.44816
12.5428599999
17.92226
9.32400999998
57.4497800001
36.5484200001
32.70742
79.2584299999
93.23303
11.81268
16.58494
12.9859699999
13.8767500001
13.38503
10.18004
77.0353999999
46.28602
27.74095
56.39509
23.0728900001
19.10982
10.2865099999
58.6841199999
