14.4750200001
35.95036
46.0146999999
13.07263
61.0215000001
69.07718
15.0165399999
69.33949
40.65318
17.02555
13.1821900001
15.4764800002
10.30594
32.34011
14.2846
16.47289
8.55318999989
24.99479
12.94912
67.1727900001
4.64344000001
7.28600000008
64.4638100001
13.1930500001
14.62481
9.49947000004
11.1225899998
9.21424999996
22.67941
87.06762
58.99399
13.06791
67.1402300001
14.53287
16.40577
79.8880299999
75.8443300001
34.8441000001
11.6344200001
16.80273
10.9274700001
16.5795699999
39.19275
10.01799
75.20727
10.7928100001
28.1922899999
82.51793
14.77777
8.14591000008
