35.4140399999
20.7361999999
9.79047999985
53.2963100001
13.34664
21.3590300001
40.2188199998
41.98737
63.6729700001
67.35885
8.78920999984
11.00826
19.26662
19.7072400001
125.69542
22.8619700001
14.20636
27.31644
10.84389
13.82886
17.9244499999
10.4030399998
12.6672099999
48.8387600001
8.57654000004
87.42973
16.7575599999
83.65801
13.94005
30.5575800001
20.70211
13.56439
21.2731900001
15.0107400001
6.15292000014
5.63819000009
9.01887000003
74.286
18.7429099998
13.4848000001
18.22743
12.9496299999
11.1573300001
13.3751200001
15.24506
18.39679
81.02922
75.66951
14.8721299999
20.09156
