76.58627
12.74066
15.5161799999
18.36083
40.4222400001
77.7676299999
102.94396
13.80411
57.45768
11.6870799999
38.12275
20.5849700001
15.9903899999
78.16955
10.9804499999
65.1469100001
13.6592400001
9.59062999999
10.6103899999
18.0835500001
14.69843
14.2092399999
17.2314599999
12.68618
17.33427
14.84702
8.42966000002
60.56097
43.68597
69.17646
8.98680000007
76.66029
65.4189099999
18.57737
14.1141900001
53.6980699999
125.49552
281.4997
71.75569
24.8907200001
33.91637
14.3626999999
66.56083
16.41705
19.4815600002
65.85451
7.33247000002
13.47763
13.5760799999
10.10752
