13.2548300001
9.76942000003
27.59221
9.35392000002
9.63114000007
54.13682
54.64016
86.6342800001
77.9500900001
7.95102000004
11.83418
16.2835100001
7.61945999996
53.39008
9.26969999995
13.67798
32.8698499999
15.20367
63.63643
13.46422
12.30139
13.8919099999
24.3596999999
11.37096
13.47474
26.37452
72.40141
11.6125
71.60828
11.2885399999
10.1010400001
21.08893
20.42537
21.6141700001
51.48883
70.70588
20.73139
13.97106
57.10965
31.6898500001
7.75019000005
24.16458
17.7374900002
13.30354
94.32947
34.11754
16.4680399999
47.43002
11.7340200001
67.7178399999
