12.16531
12.0973600001
64.1655
14.40009
14.83347
20.17961
32.11898
10.3108099999
14.54239
11.9226699999
17.9643400002
17.8612099999
63.8019200001
34.7550400001
71.13054
21.1639400001
45.0697100001
68.3367799999
17.4228000001
16.82782
14.08348
19.35609
20.3925600001
68.5683199998
12.1939600002
9.74546000001
17.4367099999
10.49164
19.4938200001
46.5849300001
64.28159
67.44047
14.50777
13.41487
41.37241
14.79253
11.8278099999
14.24083
16.08323
12.3832
25.21955
12.86829
27.75129
17.8252399999
75.5833499999
16.8753600001
16.88125
13.6185099999
20.4181599999
67.6015100001
