10.40966
46.92918
18.48443
10.78151
12.4610199999
22.43102
18.0408900001
14.7753
9.01640999992
10.1465800001
11.4016700001
22.18041
16.6555900001
9.55460000003
74.0258600001
13.1225000001
18.60971
11.0216900001
48.8519400001
213.26423
21.57878
14.8885300001
27.75746
10.7295599999
63.01434
7.84458000003
14.03465
9.56582999998
72.21598
48.0211799999
235.66518
8.21845000004
13.8650100001
57.83219
20.4776100001
77.6139400001
17.98318
14.6256200001
71.9315800001
10.54205
69.7478700001
12.9777800001
87.7906099999
7.52651
13.0176399999
11.7002100002
12.7756599999
14.51566
18.4029500001
12.01536
