57.2859799999
85.58176
20.92327
54.80255
11.8872
12.9092999999
14.1615
25.99524
81.73875
12.8001399999
20.1423899999
13.2560700001
67.11167
5.67114999995
17.4949599999
9.49699000013
9.04925000004
8.45047000004
14.49439
10.9323999999
21.00894
14.9002100001
11.7069999999
18.7341400001
19.7766700001
6.83970000001
41.77361
42.4101999999
15.34127
11.86818
16.1535300002
9.97274999996
16.4695
22.45093
7.98117000004
17.9452900001
15.38945
13.9759600001
92.08808
66.1644999998
18.49176
54.32659
55.9715400001
11.2135599999
61.06124
15.4368899999
86.41821
76.6762399999
9.90021999995
56.9027000001
