17.09507
11.2305599999
9.51742999989
17.26278
8.25041999994
68.58458
78.99248
6.25459999999
15.53452
17.6731400001
12.31458
4.02380000008
16.37638
12.05326
12.92941
21.2173499998
13.4270500001
83.36841
16.4873800001
60.2037899999
20.0626699999
57.5364400002
33.1780099999
19.2567200001
29.0051500001
72.4247800001
66.1850500001
78.9714799999
18.2688500001
13.1120799999
67.46872
14.47088
50.5402800001
14.83734
75.5743400002
17.16455
30.1797699999
187.67233
86.2163199999
13.41331
60.2048699999
19.74551
10.64325
11.7537499999
126.14165
27.2713999999
50.72736
50.6926299999
98.53683
16.7132000001
10.5188300001
60.32563
7.12742000003
8.92619999987
10.75835
10.2743599999
9.03511000006
26.2273
11.7551800001
11.1087
83.01997
43.87816
18.19377
38.3037500002
60.3985899999
39.72384
66.92455
49.10384
55.5199399999
11.7593800001
19.73564
76.6540400001
65.5186599999
58.99896
42.19246
9.86106000002
10.5743400001
14.27683
27.4664700001
30.51385
19.0584400001
5.28656999988
12.66044
15.71843
52.19782
19.77458
8.81246000004
55.4350699999
21.1021200002
12.95598
11.88161
68.25609
43.65688
18.6940100001
64.90573
50.2733499999
18.08589
68.3022200001
64.90835
14.8357500001
6.78995999997
12.7756599999
9.34011999995
8.11924999999
15.6987300001
54.6124599999
16.5748899999
15.9541300001
29.2878899999
7.56153999991
101.09628
16.55955
64.2129700001
80.2469199999
22.99231
18.28942
15.0715600001
50.10629
16.6812
17.7925100001
75.6155
67.85646
21.8765100001
12.0975700001
13.4406099999
81.41291
15.96343
17.88641
17.17604
11.95427
12.39391
39.1166099999
12.4139899999
11.82317
8.38413999998
19.3598200001
19.7419499999
48.8566300001
53.41842
57.1080199999
6.16983999999
11.6394100002
19.5290700002
12.7102699999
61.65082
60.3731199999
11.24971
13.9545099998
37.41804
100.03584
7.42419000005
15.0287299999
178.50223
11.84797
12.89465
53.9371199999
15.8179199999
78.1618300001
78.6878900001
5.99586999998
64.86281
13.9955699999
59.80811
19.7440200001
17.5599
48.6306200001
12.30243
61.1339199999
73.24437
10.03386
289.35597
76.26345
59.63241
6.83070999989
11.1246699999
12.36546
74.3183399999
65.44816
12.5428599999
17.92226
9.32400999998
57.4497800001
36.5484200001
32.70742
79.2584299999
93.23303
11.81268
16.58494
12.9859699999
13.8767500001
13.38503
10.18004
77.0353999999
46.28602
27.74095
56.39509
23.0728900001
19.10982
10.2865099999
58.6841199999
18.3905099999
10.08935
12.8282999999
57.6435300001
22.1250400001
14.10114
11.94825
29.02935
54.93114
54.5742100001
18.4974900001
9.58988999994
20.55645
14.7237600001
10.52919
24.7905
14.95099
77.04709
12.9264300001
64.9159400001
37.41218
68.44678
32.0592800002
51.56044
16.14755
15.82257
25.84592
15.9852799999
74.6500199999
50.73974
17.9270299999
11.5054799999
62.4030300002
92.70164
7.92732000002
10.7881899998
26.3842799999
17.1161799999
12.46528
27.1869099998
99.3655899999
22.16552
15.0622399999
12.2454800002
13.45608
31.49203
71.78435
49.2514600001
15.6293
78.3361500001
49.8171
105.20284
7.39344000001
8.8311800001
27.24171
11.94149
36.5402800001
4.62150000001
22.4539
81.2792099999
13.2950500001
13.61119
63.90094
66.39984
21.05485
11.70505
19.5559200001
21.24541
25.4073900001
8.24765999988
53.82781
27.29597
97.20683
14.67258
12.95144
69.1443
16.77986
46.82699
9.14825999993
20.07553
10.24864
6.90831999981
13.03785
41.6060199999
13.3909899999
90.6593699999
15.52974
41.1847400001
15.1613
67.80039
83.02042
19.4287100001
25.61173
24.44171
15.52783
16.03659
8.7607300001
76.1063500001
50.21968
14.54438
19.2673599999
20.9253699998
9.47393000009
78.30793
13.49816
15.43506
56.09416
20.27081
56.80665
64.3099399999
15.40581
12.3474
10.4947599999
54.7977
10.5217800001
17.8138499998
80.51612
8.29816000024
23.2715799999
93.1839500001
84.00911
16.03371
10.5438299999
15.61363
13.76718
96.8330699999
15.7267500001
10.04732
16.4978799999
10.29238
14.5300500001
80.11058
109.9071
16.8153899999
16.9286699998
82.80242
15.91902
53.69994
64.6268
12.4914500001
43.44728
41.80909
19.97329
11.72017
20.1292300001
62.54501
12.96263
62.3772100001
17.015
52.1790700001
10.40966
46.92918
18.48443
10.78151
12.4610199999
22.43102
18.0408900001
14.7753
9.01640999992
10.1465800001
11.4016700001
22.18041
16.6555900001
9.55460000003
74.0258600001
13.1225000001
18.60971
11.0216900001
48.8519400001
213.26423
21.57878
14.8885300001
27.75746
10.7295599999
63.01434
7.84458000003
14.03465
9.56582999998
72.21598
48.0211799999
235.66518
8.21845000004
13.8650100001
57.83219
20.4776100001
77.6139400001
17.98318
14.6256200001
71.9315800001
10.54205
69.7478700001
12.9777800001
87.7906099999
7.52651
13.0176399999
11.7002100002
12.7756599999
14.51566
18.4029500001
12.01536
14.4750200001
35.95036
46.0146999999
13.07263
61.0215000001
69.07718
15.0165399999
69.33949
40.65318
17.02555
13.1821900001
15.4764800002
10.30594
32.34011
14.2846
16.47289
8.55318999989
24.99479
12.94912
67.1727900001
4.64344000001
7.28600000008
64.4638100001
13.1930500001
14.62481
9.49947000004
11.1225899998
9.21424999996
22.67941
87.06762
58.99399
13.06791
67.1402300001
14.53287
16.40577
79.8880299999
75.8443300001
34.8441000001
11.6344200001
16.80273
10.9274700001
16.5795699999
39.19275
10.01799
75.20727
10.7928100001
28.1922899999
82.51793
14.77777
8.14591000008
14.31135
83.90762
11.65221
60.21877
12.69891
11.8653999999
60.93492
9.64017999999
13.5364699999
12.51657
17.4243299998
28.9014000001
11.6691599999
14.9528
10.5903500001
16.85357
16.06611
11.6433700001
8.46745
70.23224
72.787
8.10602000006
32.5353
59.01642
33.22488
22.50911
87.50784
71.41111
17.39217
8.73014999996
56.5647100001
27.30602
32.91067
13.66781
13.98118
46.8842900001
30.9654300001
15.4405400001
78.5153
75.7028099999
11.3740600001
59.8478400001
35.81703
36.22084
17.0963499999
23.50491
15.3841100001
40.69311
13.4546500001
11.72059
12.16531
12.0973600001
64.1655
14.40009
14.83347
20.17961
32.11898
10.3108099999
14.54239
11.9226699999
17.9643400002
17.8612099999
63.8019200001
34.7550400001
71.13054
21.1639400001
45.0697100001
68.3367799999
17.4228000001
16.82782
14.08348
19.35609
20.3925600001
68.5683199998
12.1939600002
9.74546000001
17.4367099999
10.49164
19.4938200001
46.5849300001
64.28159
67.44047
14.50777
13.41487
41.37241
14.79253
11.8278099999
14.24083
16.08323
12.3832
25.21955
12.86829
27.75129
17.8252399999
75.5833499999
16.8753600001
16.88125
13.6185099999
20.4181599999
67.6015100001
76.58627
12.74066
15.5161799999
18.36083
40.4222400001
77.7676299999
102.94396
13.80411
57.45768
11.6870799999
38.12275
20.5849700001
15.9903899999
78.16955
10.9804499999
65.1469100001
13.6592400001
9.59062999999
10.6103899999
18.0835500001
14.69843
14.2092399999
17.2314599999
12.68618
17.33427
14.84702
8.42966000002
60.56097
43.68597
69.17646
8.98680000007
76.66029
65.4189099999
18.57737
14.1141900001
53.6980699999
125.49552
281.4997
71.75569
24.8907200001
33.91637
14.3626999999
66.56083
16.41705
19.4815600002
65.85451
7.33247000002
13.47763
13.5760799999
10.10752
57.2859799999
85.58176
20.92327
54.80255
11.8872
12.9092999999
14.1615
25.99524
81.73875
12.8001399999
20.1423899999
13.2560700001
67.11167
5.67114999995
17.4949599999
9.49699000013
9.04925000004
8.45047000004
14.49439
10.9323999999
21.00894
14.9002100001
11.7069999999
18.7341400001
19.7766700001
6.83970000001
41.77361
42.4101999999
15.34127
11.86818
16.1535300002
9.97274999996
16.4695
22.45093
7.98117000004
17.9452900001
15.38945
13.9759600001
92.08808
66.1644999998
18.49176
54.32659
55.9715400001
11.2135599999
61.06124
15.4368899999
86.41821
76.6762399999
9.90021999995
56.9027000001
10.7586099999
19.94227
22.1980100001
12.7068299998
9.78157999995
10.82123
311.67932
52.5694300001
66.86723
64.7129800001
22.9216199999
83.5164100002
9.11653000012
20.08143
12.11132
41.31482
7.42628999997
60.3669799999
7.88084999996
64.33584
13.94414
14.10826
61.67266
10.1369399999
12.87475
12.7618900001
59.501
12.87272
12.21069
13.4803500001
53.08857
46.2807999999
78.4430300001
45.8782299999
19.3738600001
77.5448499999
11.3732500001
69.51623
18.40558
50.5006900001
11.8813
12.06253
13.4590900003
51.69426
77.1656100003
44.7178400001
9.48572000011
9.43214000016
14.0271699999
68.62998
13.46256
67.3446899999
12.5988
20.31557
22.87363
19.4558
10.93074
59.65007
19.98269
63.6547
11.7297899999
124.03527
15.0823
72.20329
30.06178
25.3084799999
20.9995200001
13.8886299999
54.3532400001
8.17986000003
83.58958
14.6063300001
10.32146
55.0548899999
19.3520600001
45.8704400001
8.36319000006
9.0449199999
18.0509599999
37.4565799999
21.55244
20.91769
12.18626
12.24517
14.31163
18.1296599999
11.0207499999
56.3536899999
21.5139799999
18.1034400001
22.2620700001
85.69068
13.32892
19.0638
28.2618000001
9.31334000011
87.79135
19.58452
12.765
15.69374
13.2548300001
9.76942000003
27.59221
9.35392000002
9.63114000007
54.13682
54.64016
86.6342800001
77.9500900001
7.95102000004
11.83418
16.2835100001
7.61945999996
53.39008
9.26969999995
13.67798
32.8698499999
15.20367
63.63643
13.46422
12.30139
13.8919099999
24.3596999999
11.37096
13.47474
26.37452
72.40141
11.6125
71.60828
11.2885399999
10.1010400001
21.08893
20.42537
21.6141700001
51.48883
70.70588
20.73139
13.97106
57.10965
31.6898500001
7.75019000005
24.16458
17.7374900002
13.30354
94.32947
34.11754
16.4680399999
47.43002
11.7340200001
67.7178399999
14.87907
16.16013
7.97898000001
36.0472200001
17.37605
15.7271999998
8.51504999993
9.61448000011
13.34266
75.5575900001
9.65231000015
60.49836
66.8245800001
66.83217
78.7533999999
81.66316
11.82848
85.2967000001
67.6055900001
30.87031
11.2520600001
36.3409300001
36.20002
66.65004
53.62173
21.9407900001
193.72795
9.7469100001
18.8758700001
10.2255899999
8.60715000005
78.9614699999
64.7439799999
6.02914
45.78247
85.18691
77.6111800001
94.82675
8.95955000003
14.3875499999
63.3197999999
7.19157999998
75.88763
10.3553699999
12.7304700001
19.27731
9.82048000011
69.19839
85.9625599999
21.8067599998
35.4140399999
20.7361999999
9.79047999985
53.2963100001
13.34664
21.3590300001
40.2188199998
41.98737
63.6729700001
67.35885
8.78920999984
11.00826
19.26662
19.7072400001
125.69542
22.8619700001
14.20636
27.31644
10.84389
13.82886
17.9244499999
10.4030399998
12.6672099999
48.8387600001
8.57654000004
87.42973
16.7575599999
83.65801
13.94005
30.5575800001
20.70211
13.56439
21.2731900001
15.0107400001
6.15292000014
5.63819000009
9.01887000003
74.286
18.7429099998
13.4848000001
18.22743
12.9496299999
11.1573300001
13.3751200001
15.24506
18.39679
81.02922
75.66951
14.8721299999
20.09156
51.83699
11.99976
32.3560900001
24.9582699999
20.20132
59.84726
13.0933000001
20.86093
73.9723199999
11.7189799999
74.5927
8.05185000005
20.2493499999
22.46428
8.70355999994
8.37506999995
95.0064399999
93.0417799999
33.24895
10.6548100001
65.0375900001
48.4759099999
5.54682000005
70.1151800001
19.78905
9.25550000009
15.8843699999
14.27584
52.22898
45.1739200001
26.75047
15.4870600001
9.92954000004
14.1532299999
15.0353300001
49.9030800001
24.05785
8.06238000002
17.4454000001
24.37725
37.3147999998
12.3873700001
80.95687
153.24697
17.52211
56.4107199999
17.0928099999
10.8112099998
14.2573700001
31.4248100001
114.69989
13.82189
67.0423999999
14.74454
15.27204
50.85318
98.75413
30.39083
10.8514899999
72.8754700001
85.46366
9.02630000003
74.647
72.7189099999
10.2993800001
11.1338600002
15.8555999999
12.2083299999
13.9753400001
41.14804
7.58602999989
49.7234799999
82.90041
12.1229699999
14.42535
18.87387
69.1248400001
16.0004500002
17.13497
85.0528399999
21.4110000001
14.3820499999
19.35409
15.20659
12.4121599999
24.9495500001
45.29421
10.1723099999
20.92041
15.25547
11.0507299998
24.4174599999
80.4260799999
14.9563699999
52.7927399999
80.8987899999
70.57066
11.4603599998
11.2629399999
48.01523
