14.87907
16.16013
7.97898000001
36.0472200001
17.37605
15.7271999998
8.51504999993
9.61448000011
13.34266
75.5575900001
9.65231000015
60.49836
66.8245800001
66.83217
78.7533999999
81.66316
11.82848
85.2967000001
67.6055900001
30.87031
11.2520600001
36.3409300001
36.20002
66.65004
53.62173
21.9407900001
193.72795
9.7469100001
18.8758700001
10.2255899999
8.60715000005
78.9614699999
64.7439799999
6.02914
45.78247
85.18691
77.6111800001
94.82675
8.95955000003
14.3875499999
63.3197999999
7.19157999998
75.88763
10.3553699999
12.7304700001
19.27731
9.82048000011
69.19839
85.9625599999
21.8067599998
