17.09507
11.2305599999
9.51742999989
17.26278
8.25041999994
68.58458
78.99248
6.25459999999
15.53452
17.6731400001
12.31458
4.02380000008
16.37638
12.05326
12.92941
21.2173499998
13.4270500001
83.36841
16.4873800001
60.2037899999
20.0626699999
57.5364400002
33.1780099999
19.2567200001
29.0051500001
72.4247800001
66.1850500001
78.9714799999
18.2688500001
13.1120799999
67.46872
14.47088
50.5402800001
14.83734
75.5743400002
17.16455
30.1797699999
187.67233
86.2163199999
13.41331
60.2048699999
19.74551
10.64325
11.7537499999
126.14165
27.2713999999
50.72736
50.6926299999
98.53683
16.7132000001
