51.83699
11.99976
32.3560900001
24.9582699999
20.20132
59.84726
13.0933000001
20.86093
73.9723199999
11.7189799999
74.5927
8.05185000005
20.2493499999
22.46428
8.70355999994
8.37506999995
95.0064399999
93.0417799999
33.24895
10.6548100001
65.0375900001
48.4759099999
5.54682000005
70.1151800001
19.78905
9.25550000009
15.8843699999
14.27584
52.22898
45.1739200001
26.75047
15.4870600001
9.92954000004
14.1532299999
15.0353300001
49.9030800001
24.05785
8.06238000002
17.4454000001
24.37725
37.3147999998
12.3873700001
80.95687
153.24697
17.52211
56.4107199999
17.0928099999
10.8112099998
14.2573700001
31.4248100001
