14.31135
83.90762
11.65221
60.21877
12.69891
11.8653999999
60.93492
9.64017999999
13.5364699999
12.51657
17.4243299998
28.9014000001
11.6691599999
14.9528
10.5903500001
16.85357
16.06611
11.6433700001
8.46745
70.23224
72.787
8.10602000006
32.5353
59.01642
33.22488
22.50911
87.50784
71.41111
17.39217
8.73014999996
56.5647100001
27.30602
32.91067
13.66781
13.98118
46.8842900001
30.9654300001
15.4405400001
78.5153
75.7028099999
11.3740600001
59.8478400001
35.81703
36.22084
17.0963499999
23.50491
15.3841100001
40.69311
13.4546500001
11.72059
