9.95337
14.3246500001
8.34017999994
16.6055899999
38.7741099999
11.92739
14.41513
12.4733799999
10.08529
20.27802
30.2354700001
8.99759000004
32.5789600001
12.6223500001
11.14704
34.25757
15.1727499999
9.61338999995
22.9051300001
68.85137
139.88875
29.75668
73.87349
14.8635000002
11.8458900001
81.4525899999
12.7204300001
10.92363
9.93997000018
57.77737
10.87781
14.9372800001
13.98957
93.2308
23.9858
66.64202
81.9436999999
6.77795000002
10.81589
18.8777599999
26.63931
19.34759
9.16954000003
15.6299000001
7.4093399999
73.0912400002
114.10036
8.86782000004
18.6189999999
29.2443899999
