12.7891299999
96.5556400002
20.23118
54.18953
63.20323
78.3803899999
57.56937
9.59004000004
52.8949
206.85053
94.3820400001
9.20729000005
11.9039500001
57.19252
142.14582
15.9565800001
31.3611199999
69.3376699999
26.2932599999
13.21786
19.82949
221.13607
14.0546799999
12.8787199999
17.16198
12.73658
18.4456100001
9.31828000001
49.0456000001
7.64899999998
111.90971
57.02195
15.0410699999
137.56852
11.27477
29.00703
11.50821
9.43429
46.94218
13.6086700001
214.12468
77.8516000002
82.18521
9.99476000003
20.9444299999
76.7318
81.49907
15.0049500001
12.19192
7.90707999992
