51.2871099999
8.69793999998
11.83779
30.61154
71.2086399999
15.0878900001
11.8702799999
84.78393
17.2437100001
14.3959400001
67.8844399999
228.38638
9.11577000003
29.5329499999
22.5936800002
149.87964
23.3087300002
10.3221499999
10.85497
97.14903
80.3830299999
45.02973
45.57627
11.07156
162.8608
13.37765
59.5425900001
53.93891
72.4221600001
29.7320300001
9.95251000009
59.46357
88.4463000001
26.8225199999
11.30302
8.59553000005
48.49519
63.75914
60.5675999998
15.96863
8.44916000019
58.4446200001
10.5820599999
28.61473
12.22692
69.64615
14.33717
45.9901000001
25.48817
28.51909
