11.77675
76.0364099999
23.50385
10.72089
5.19090000005
6.36641999998
67.74026
10.0378400001
66.28642
37.7136400001
19.62585
58.35062
40.41562
63.83823
31.70075
78.3652199999
10.78555
16.24076
43.12618
9.29009000002
27.2145999999
31.5751799999
33.1715999999
13.3564299999
143.77594
9.98823999986
197.94862
20.1799
187.45491
12.6505700001
13.5241100001
50.83861
14.3440200001
9.59378
36.40905
9.57579000003
51.12174
6.73167999997
88.7039399999
20.1376499999
11.0577700001
72.96647
83.6170799999
23.52384
9.86083000002
45.2416200001
7.38649000006
19.6141900001
19.79356
77.4175
