71.9253499999
9.07189000014
9.87702000013
16.1937899999
53.77968
75.1658099999
9.95045999996
11.4407800001
67.1509400001
17.0238199999
14.98976
49.76492
15.16764
12.4067499998
57.69339
56.47951
81.8611400001
8.15233000007
12.0978400001
81.2829100001
58.12752
66.0408500001
42.15944
203.47751
32.1738700001
14.4339899999
7.23849999998
8.15604000003
59.96409
23.60719
87.3977300001
12.62788
9.49427999998
12.2687400001
75.73771
13.3462700001
12.92108
22.3770099999
11.23633
77.01518
64.38764
65.49343
67.94708
178.87289
4.31001000013
8.59062999999
20.5711699999
60.61985
44.02201
11.0931399999
