13.9643299999
71.6972999999
18.9448500001
47.54671
35.1691000001
223.93117
38.84957
8.92946999997
22.6988499999
10.66234
56.72107
8.06584000005
18.80319
33.28039
14.2755099998
8.88254000002
62.4064399999
76.1594899999
11.7725599998
46.3169700002
75.4994099999
9.26211000001
10.60862
10.0619600001
233.1692
37.4267599999
27.6950399999
52.2821699999
8.53633000003
19.2072399999
11.25356
62.3899599998
10.10387
58.48432
58.0029099999
78.9228200001
171.96233
152.99679
51.65058
54.17521
46.5426100001
24.2961299999
33.9324200002
62.9031699999
58.98337
27.0769999999
25.7363
17.18033
61.96697
198.55669
