12.7891299999
96.5556400002
20.23118
54.18953
63.20323
78.3803899999
57.56937
9.59004000004
52.8949
206.85053
94.3820400001
9.20729000005
11.9039500001
57.19252
142.14582
15.9565800001
31.3611199999
69.3376699999
26.2932599999
13.21786
19.82949
221.13607
14.0546799999
12.8787199999
17.16198
12.73658
18.4456100001
9.31828000001
49.0456000001
7.64899999998
111.90971
57.02195
15.0410699999
137.56852
11.27477
29.00703
11.50821
9.43429
46.94218
13.6086700001
214.12468
77.8516000002
82.18521
9.99476000003
20.9444299999
76.7318
81.49907
15.0049500001
12.19192
7.90707999992
9.95337
14.3246500001
8.34017999994
16.6055899999
38.7741099999
11.92739
14.41513
12.4733799999
10.08529
20.27802
30.2354700001
8.99759000004
32.5789600001
12.6223500001
11.14704
34.25757
15.1727499999
9.61338999995
22.9051300001
68.85137
139.88875
29.75668
73.87349
14.8635000002
11.8458900001
81.4525899999
12.7204300001
10.92363
9.93997000018
57.77737
10.87781
14.9372800001
13.98957
93.2308
23.9858
66.64202
81.9436999999
6.77795000002
10.81589
18.8777599999
26.63931
19.34759
9.16954000003
15.6299000001
7.4093399999
73.0912400002
114.10036
8.86782000004
18.6189999999
29.2443899999
53.75232
17.8720799999
15.67047
8.78367999999
14.8385300002
72.8644600002
232.75366
20.41945
9.04869999993
17.20438
28.1862999999
56.10645
16.33919
10.5707999999
9.21703000006
17.30196
17.46932
18.79409
60.5923
27.9536799999
111.89541
17.19218
9.45889000001
75.93597
19.4863400001
192.33607
11.8589300001
11.8682200001
15.7293000001
57.27434
17.93928
42.6483199999
51.3331899999
193.06167
58.4940200001
55.3764299999
9.28113999986
9.07569000009
192.13093
41.55079
21.49508
82.3222699998
33.48832
9.77231000003
9.80544999987
10.8701400001
13.0471900001
59.0339400001
36.0920599999
9.88746999996
51.2871099999
8.69793999998
11.83779
30.61154
71.2086399999
15.0878900001
11.8702799999
84.78393
17.2437100001
14.3959400001
67.8844399999
228.38638
9.11577000003
29.5329499999
22.5936800002
149.87964
23.3087300002
10.3221499999
10.85497
97.14903
80.3830299999
45.02973
45.57627
11.07156
162.8608
13.37765
59.5425900001
53.93891
72.4221600001
29.7320300001
9.95251000009
59.46357
88.4463000001
26.8225199999
11.30302
8.59553000005
48.49519
63.75914
60.5675999998
15.96863
8.44916000019
58.4446200001
10.5820599999
28.61473
12.22692
69.64615
14.33717
45.9901000001
25.48817
28.51909
18.2275599999
77.6476799999
8.52821999998
81.76044
25.8101499999
18.4336699999
14.2062200001
17.7662399999
15.83488
11.4589099999
13.01091
57.2810899999
38.59176
208.35586
10.53168
41.39897
15.12346
12.0793999999
18.85648
70.01445
12.81019
25.4508
40.8636400001
23.23092
10.6584600001
11.1998600001
11.9651200001
61.7519600001
9.48847999994
12.98703
14.35814
190.8898
10.75828
101.118
24.9150700001
17.56522
80.23752
80.07895
9.20852999995
51.2790100001
18.59555
53.23311
64.86633
67.44181
20.1979600001
192.57078
189.94949
12.94325
113.7911
19.5653200001
60.05953
10.4524599999
46.2064500002
8.42537999991
9.61256000004
15.2841899998
16.4869
15.4241599999
41.03478
14.7976999999
12.8409499999
14.21243
61.77682
13.1385300001
23.0606399999
63.1991
9.81030999997
10.2388299999
77.7378600001
18.97484
11.2568300001
45.49985
162.27442
11.4602
13.77282
36.05005
9.30018000002
68.4662800001
61.78744
20.8485399999
15.8674399999
14.3251899998
47.52995
9.12838999997
55.2170299999
30.6140099999
19.08591
68.89078
13.76083
7.22146999999
18.61521
187.97667
11.4514300001
11.2387
8.17819000001
19.13561
9.29185000004
8.00867000001
18.2330400001
6.02089000004
196.14492
18.61895
27.65529
13.19144
13.28049
22.33907
13.81887
12.77519
14.3413699999
11.8656799999
3.69816999999
61.58085
173.82377
74.5137199999
79.4360500003
152.41112
75.4767100001
25.0336399999
7.93085
64.8699899999
64.22755
11.9420700001
15.0208200002
14.5095799998
264.11115
90.59558
53.2893300001
60.9786799999
19.5596400001
34.38849
12.51433
19.68186
11.4666400001
44.23802
93.41408
13.52837
9.05958000012
26.81311
38.8856
11.2864099999
52.51289
12.60122
62.43279
14.31258
6.27218999993
23.56579
227.35069
6.58877000003
13.67052
25.51804
16.32076
63.8533999999
64.36069
53.72935
54.53957
11.28039
11.2377599999
121.57133
9.14046999998
51.1866400001
41.1483199999
7.90206999995
44.4133
14.54048
51.05107
60.98753
61.62739
18.03779
56.3897199999
51.51018
60.15805
15.6247299998
54.45231
17.53945
13.8351199999
11.27546
151.28663
207.70243
70.09087
16.2651
128.41624
191.66691
15.8287499999
15.1563700001
67.05477
14.1237900001
23.38691
37.11985
14.5761600001
70.1481700001
215.19924
17.7892999999
13.0603199999
18.5285599999
78.1277900001
66.1753399998
70.15824
13.27061
10.6962199998
12.3713999998
49.88002
7.89833000011
55.29904
15.34682
54.0306899999
15.27468
13.79231
22.59901
35.1415499999
23.9275700001
76.2433900001
239.61079
12.46016
31.0585100001
57.2197099999
11.8452699999
12.66259
14.71725
19.99972
27.65692
13.21095
11.1637299999
73.45518
21.1232800001
52.74208
7.09426000004
140.94763
68.25099
14.25694
42.86274
14.95784
11.04215
9.32533999986
65.46866
40.4777
59.6358200002
12.13362
14.9504400002
9.54386999994
198.4957
38.13816
15.7527399999
42.6575900001
62.728
9.71091999998
57.32071
16.7582399999
8.04713000008
17.4720100001
19.5721700001
71.9253499999
9.07189000014
9.87702000013
16.1937899999
53.77968
75.1658099999
9.95045999996
11.4407800001
67.1509400001
17.0238199999
14.98976
49.76492
15.16764
12.4067499998
57.69339
56.47951
81.8611400001
8.15233000007
12.0978400001
81.2829100001
58.12752
66.0408500001
42.15944
203.47751
32.1738700001
14.4339899999
7.23849999998
8.15604000003
59.96409
23.60719
87.3977300001
12.62788
9.49427999998
12.2687400001
75.73771
13.3462700001
12.92108
22.3770099999
11.23633
77.01518
64.38764
65.49343
67.94708
178.87289
4.31001000013
8.59062999999
20.5711699999
60.61985
44.02201
11.0931399999
60.9423999999
53.6940599999
17.46774
9.87034000002
12.6498
14.9540099999
63.5921599999
7.67460999987
7.11517
78.28286
4.24143000005
186.96052
18.50544
33.8333899999
18.8263300001
11.2837400001
71.47575
4.80376000004
208.00847
14.62069
62.28614
12.9371900001
72.15588
20.9878100001
11.7589499999
58.15926
64.3459499998
11.00465
12.7475899999
34.46274
13.6802999999
33.36378
221.28535
12.4312999999
41.47996
26.3369699999
10.67866
178.07051
65.5075300001
56.1928099999
18.60666
16.0605400001
17.4307299999
13.3383000002
16.3214300001
209.50319
78.88387
16.4902300002
61.05417
12.60986
43.54772
11.68407
9.18957999989
57.3061200001
137.4871
116.54165
42.0323399999
10.4863100001
16.12262
70.83074
8.86002999998
79.3735799999
57.71066
5.52489
182.46136
38.5041499999
63.1643300001
67.3449599999
77.59603
12.8057799999
15.7869300001
13.73174
8.78387000004
112.02641
72.3989700001
157.25103
13.28055
63.89718
16.9820699999
79.43576
74.0280299999
36.1825600001
59.0434699999
86.45708
10.0745800001
69.8358
49.58534
52.6197399999
111.20224
50.3721999999
35.76385
49.85783
73.79969
17.9987799999
61.9660799999
11.4297000001
65.25762
18.23682
76.7496100001
12.3738199999
10.34705
25.56655
9.80170000007
11.7637900001
85.38904
13.1961600001
15.1725
75.09239
145.63993
55.22893
55.5653899999
13.7394700001
58.3944900001
72.68664
15.80963
13.0756599999
70.1009399999
15.39708
11.5199899999
10.5059199999
14.4051800001
13.62326
58.27887
31.1507699999
25.39827
17.7037000002
65.3315699999
180.12002
86.3986599999
9.31481000001
10.7365799999
71.4750700002
129.12462
10.9661099999
27.9560199999
16.4901899999
27.5113
61.28678
13.9766400002
8.05102000001
11.22037
8.61159999995
11.1490199999
65.7880299999
16.08692
57.50742
16.65338
11.7476999999
14.01858
13.3762499999
8.55942000006
7.13977999997
11.3712800001
51.93119
7.91529000003
60.7143600001
38.15758
66.2192599999
11.7483900001
13.06773
12.49499
56.77301
10.7536199999
206.33292
46.5141799999
16.40718
15.98207
30.0675899999
12.1600499999
73.7515
70.7294900001
13.5710999999
58.63498
13.76229
59.23881
12.3820099998
14.53772
15.59133
69.70107
58.20862
13.4674099999
12.7197700001
50.35274
14.9158600001
5.48496000003
12.63536
11.04242
89.0226899999
17.05632
22.55933
14.37404
17.9024400001
168.68748
71.6902699999
71.43748
38.91885
15.3087500001
7.58612999995
15.1817699999
7.86357000005
43.0503999999
10.95733
40.10306
60.57712
25.3961300001
41.42284
8.81994999992
77.8739
185.32851
8.7818600001
69.5553400001
18.4601999999
118.56522
60.9069499999
13.71562
205.28094
17.20524
11.2902300002
14.54895
81.35927
29.74378
21.5499100001
13.9680399999
10.8645499999
16.03269
20.1191699998
13.4217900001
26.96338
11.2833199999
12.98338
9.59898000001
8.65815000003
13.6956499999
17.20453
10.85054
9.50014000002
23.3113599999
54.7223299999
10.7644500001
11.5093799999
162.7623
202.73476
30.4432100001
12.34265
8.16645999998
11.8048599999
16.84173
53.9797199999
33.4279799999
11.1113100001
13.9643299999
71.6972999999
18.9448500001
47.54671
35.1691000001
223.93117
38.84957
8.92946999997
22.6988499999
10.66234
56.72107
8.06584000005
18.80319
33.28039
14.2755099998
8.88254000002
62.4064399999
76.1594899999
11.7725599998
46.3169700002
75.4994099999
9.26211000001
10.60862
10.0619600001
233.1692
37.4267599999
27.6950399999
52.2821699999
8.53633000003
19.2072399999
11.25356
62.3899599998
10.10387
58.48432
58.0029099999
78.9228200001
171.96233
152.99679
51.65058
54.17521
46.5426100001
24.2961299999
33.9324200002
62.9031699999
58.98337
27.0769999999
25.7363
17.18033
61.96697
198.55669
11.77675
76.0364099999
23.50385
10.72089
5.19090000005
6.36641999998
67.74026
10.0378400001
66.28642
37.7136400001
19.62585
58.35062
40.41562
63.83823
31.70075
78.3652199999
10.78555
16.24076
43.12618
9.29009000002
27.2145999999
31.5751799999
33.1715999999
13.3564299999
143.77594
9.98823999986
197.94862
20.1799
187.45491
12.6505700001
13.5241100001
50.83861
14.3440200001
9.59378
36.40905
9.57579000003
51.12174
6.73167999997
88.7039399999
20.1376499999
11.0577700001
72.96647
83.6170799999
23.52384
9.86083000002
45.2416200001
7.38649000006
19.6141900001
19.79356
77.4175
24.29852
52.4831099999
14.1619900001
9.48243999993
8.70494000008
156.42707
92.3232899999
52.50197
16.3030899999
72.5743400001
16.85506
7.4135100001
8.25428999995
8.11766999995
15.5758300001
83.34726
39.2861
10.4862200001
179.05044
8.55219000007
19.27327
12.6158600001
14.3685600001
24.6074299999
9.30689000012
61.03455
62.60893
8.53986000002
12.84857
189.46372
60.89598
11.7636899999
10.62762
19.8716500001
9.74693999987
61.21832
14.39075
36.3739499999
13.5379100001
6.55809000006
66.56126
192.86992
29.0501699999
10.30278
6.09916999994
68.2484100002
67.8235499999
176.16142
16.92472
15.9560199999
18.55319
21.16096
126.37057
43.6410099999
10.09109
11.18339
36.7221199999
9.02640000009
14.63116
55.5705299999
28.51319
23.8414
46.58847
58.6269799999
61.0772599999
19.3830799999
9.32527999999
55.35386
26.95219
11.1894900001
11.18154
67.2790699999
8.72669999988
183.58305
13.61326
20.5111300001
14.11808
37.26838
14.8579800001
12.05842
17.28623
14.6044600001
8.08530999999
61.3874499999
58.33348
13.4129100001
8.34713999997
66.16337
16.0072699999
31.11089
7.02792999998
17.6887500001
15.01133
14.7747
13.1987699999
67.3142599999
7.21620999998
16.39503
35.5948900001
9.79711999989
76.33639
21.2984
71.3032699999
12.15671
15.73523
11.03379
10.38458
54.6817500001
70.0878799999
17.1095
201.53329
234.44802
65.91018
17.0876
11.7656099999
12.79542
9.80212999997
13.72119
12.34367
192.6552
31.26964
11.85185
68.25499
18.58881
93.8713
11.90079
56.8045699999
10.04995
23.9730399998
16.6035399998
22.09904
8.70033000002
58.1714900001
14.47899
64.22613
21.65122
14.50532
73.9779000001
62.97898
25.2376
246.46798
200.52395
22.80216
29.0708300001
57.69143
60.85798
64.52339
9.08935999998
11.7522000001
81.4556
