60.9423999999
53.6940599999
17.46774
9.87034000002
12.6498
14.9540099999
63.5921599999
7.67460999987
7.11517
78.28286
4.24143000005
186.96052
18.50544
33.8333899999
18.8263300001
11.2837400001
71.47575
4.80376000004
208.00847
14.62069
62.28614
12.9371900001
72.15588
20.9878100001
11.7589499999
58.15926
64.3459499998
11.00465
12.7475899999
34.46274
13.6802999999
33.36378
221.28535
12.4312999999
41.47996
26.3369699999
10.67866
178.07051
65.5075300001
56.1928099999
18.60666
16.0605400001
17.4307299999
13.3383000002
16.3214300001
209.50319
78.88387
16.4902300002
61.05417
12.60986
