8.55942000006
7.13977999997
11.3712800001
51.93119
7.91529000003
60.7143600001
38.15758
66.2192599999
11.7483900001
13.06773
12.49499
56.77301
10.7536199999
206.33292
46.5141799999
16.40718
15.98207
30.0675899999
12.1600499999
73.7515
70.7294900001
13.5710999999
58.63498
13.76229
59.23881
12.3820099998
14.53772
15.59133
69.70107
58.20862
13.4674099999
12.7197700001
50.35274
14.9158600001
5.48496000003
12.63536
11.04242
89.0226899999
17.05632
22.55933
14.37404
17.9024400001
168.68748
71.6902699999
71.43748
38.91885
15.3087500001
7.58612999995
15.1817699999
7.86357000005
