53.75232
17.8720799999
15.67047
8.78367999999
14.8385300002
72.8644600002
232.75366
20.41945
9.04869999993
17.20438
28.1862999999
56.10645
16.33919
10.5707999999
9.21703000006
17.30196
17.46932
18.79409
60.5923
27.9536799999
111.89541
17.19218
9.45889000001
75.93597
19.4863400001
192.33607
11.8589300001
11.8682200001
15.7293000001
57.27434
17.93928
42.6483199999
51.3331899999
193.06167
58.4940200001
55.3764299999
9.28113999986
9.07569000009
192.13093
41.55079
21.49508
82.3222699998
33.48832
9.77231000003
9.80544999987
10.8701400001
13.0471900001
59.0339400001
36.0920599999
9.88746999996
