18.2275599999
77.6476799999
8.52821999998
81.76044
25.8101499999
18.4336699999
14.2062200001
17.7662399999
15.83488
11.4589099999
13.01091
57.2810899999
38.59176
208.35586
10.53168
41.39897
15.12346
12.0793999999
18.85648
70.01445
12.81019
25.4508
40.8636400001
23.23092
10.6584600001
11.1998600001
11.9651200001
61.7519600001
9.48847999994
12.98703
14.35814
190.8898
10.75828
101.118
24.9150700001
17.56522
80.23752
80.07895
9.20852999995
51.2790100001
18.59555
53.23311
64.86633
67.44181
20.1979600001
192.57078
189.94949
12.94325
113.7911
19.5653200001
