10.34705
25.56655
9.80170000007
11.7637900001
85.38904
13.1961600001
15.1725
75.09239
145.63993
55.22893
55.5653899999
13.7394700001
58.3944900001
72.68664
15.80963
13.0756599999
70.1009399999
15.39708
11.5199899999
10.5059199999
14.4051800001
13.62326
58.27887
31.1507699999
25.39827
17.7037000002
65.3315699999
180.12002
86.3986599999
9.31481000001
10.7365799999
71.4750700002
129.12462
10.9661099999
27.9560199999
16.4901899999
27.5113
61.28678
13.9766400002
8.05102000001
11.22037
8.61159999995
11.1490199999
65.7880299999
16.08692
57.50742
16.65338
11.7476999999
14.01858
13.3762499999
