60.05953
10.4524599999
46.2064500002
8.42537999991
9.61256000004
15.2841899998
16.4869
15.4241599999
41.03478
14.7976999999
12.8409499999
14.21243
61.77682
13.1385300001
23.0606399999
63.1991
9.81030999997
10.2388299999
77.7378600001
18.97484
11.2568300001
45.49985
162.27442
11.4602
13.77282
36.05005
9.30018000002
68.4662800001
61.78744
20.8485399999
15.8674399999
14.3251899998
47.52995
9.12838999997
55.2170299999
30.6140099999
19.08591
68.89078
13.76083
7.22146999999
18.61521
187.97667
11.4514300001
11.2387
8.17819000001
19.13561
9.29185000004
8.00867000001
18.2330400001
6.02089000004
