24.29852
52.4831099999
14.1619900001
9.48243999993
8.70494000008
156.42707
92.3232899999
52.50197
16.3030899999
72.5743400001
16.85506
7.4135100001
8.25428999995
8.11766999995
15.5758300001
83.34726
39.2861
10.4862200001
179.05044
8.55219000007
19.27327
12.6158600001
14.3685600001
24.6074299999
9.30689000012
61.03455
62.60893
8.53986000002
12.84857
189.46372
60.89598
11.7636899999
10.62762
19.8716500001
9.74693999987
61.21832
14.39075
36.3739499999
13.5379100001
6.55809000006
66.56126
192.86992
29.0501699999
10.30278
6.09916999994
68.2484100002
67.8235499999
176.16142
16.92472
15.9560199999
