43.0503999999
10.95733
40.10306
60.57712
25.3961300001
41.42284
8.81994999992
77.8739
185.32851
8.7818600001
69.5553400001
18.4601999999
118.56522
60.9069499999
13.71562
205.28094
17.20524
11.2902300002
14.54895
81.35927
29.74378
21.5499100001
13.9680399999
10.8645499999
16.03269
20.1191699998
13.4217900001
26.96338
11.2833199999
12.98338
9.59898000001
8.65815000003
13.6956499999
17.20453
10.85054
9.50014000002
23.3113599999
54.7223299999
10.7644500001
11.5093799999
162.7623
202.73476
30.4432100001
12.34265
8.16645999998
11.8048599999
16.84173
53.9797199999
33.4279799999
11.1113100001
