49.88002
7.89833000011
55.29904
15.34682
54.0306899999
15.27468
13.79231
22.59901
35.1415499999
23.9275700001
76.2433900001
239.61079
12.46016
31.0585100001
57.2197099999
11.8452699999
12.66259
14.71725
19.99972
27.65692
13.21095
11.1637299999
73.45518
21.1232800001
52.74208
7.09426000004
140.94763
68.25099
14.25694
42.86274
14.95784
11.04215
9.32533999986
65.46866
40.4777
59.6358200002
12.13362
14.9504400002
9.54386999994
198.4957
38.13816
15.7527399999
42.6575900001
62.728
9.71091999998
57.32071
16.7582399999
8.04713000008
17.4720100001
19.5721700001
