18.55319
21.16096
126.37057
43.6410099999
10.09109
11.18339
36.7221199999
9.02640000009
14.63116
55.5705299999
28.51319
23.8414
46.58847
58.6269799999
61.0772599999
19.3830799999
9.32527999999
55.35386
26.95219
11.1894900001
11.18154
67.2790699999
8.72669999988
183.58305
13.61326
20.5111300001
14.11808
37.26838
14.8579800001
12.05842
17.28623
14.6044600001
8.08530999999
61.3874499999
58.33348
13.4129100001
8.34713999997
66.16337
16.0072699999
31.11089
7.02792999998
17.6887500001
15.01133
14.7747
13.1987699999
67.3142599999
7.21620999998
16.39503
35.5948900001
9.79711999989
