196.14492
18.61895
27.65529
13.19144
13.28049
22.33907
13.81887
12.77519
14.3413699999
11.8656799999
3.69816999999
61.58085
173.82377
74.5137199999
79.4360500003
152.41112
75.4767100001
25.0336399999
7.93085
64.8699899999
64.22755
11.9420700001
15.0208200002
14.5095799998
264.11115
90.59558
53.2893300001
60.9786799999
19.5596400001
34.38849
12.51433
19.68186
11.4666400001
44.23802
93.41408
13.52837
9.05958000012
26.81311
38.8856
11.2864099999
52.51289
12.60122
62.43279
14.31258
6.27218999993
23.56579
227.35069
6.58877000003
13.67052
25.51804
