43.54772
11.68407
9.18957999989
57.3061200001
137.4871
116.54165
42.0323399999
10.4863100001
16.12262
70.83074
8.86002999998
79.3735799999
57.71066
5.52489
182.46136
38.5041499999
63.1643300001
67.3449599999
77.59603
12.8057799999
15.7869300001
13.73174
8.78387000004
112.02641
72.3989700001
157.25103
13.28055
63.89718
16.9820699999
79.43576
74.0280299999
36.1825600001
59.0434699999
86.45708
10.0745800001
69.8358
49.58534
52.6197399999
111.20224
50.3721999999
35.76385
49.85783
73.79969
17.9987799999
61.9660799999
11.4297000001
65.25762
18.23682
76.7496100001
12.3738199999
