76.33639
21.2984
71.3032699999
12.15671
15.73523
11.03379
10.38458
54.6817500001
70.0878799999
17.1095
201.53329
234.44802
65.91018
17.0876
11.7656099999
12.79542
9.80212999997
13.72119
12.34367
192.6552
31.26964
11.85185
68.25499
18.58881
93.8713
11.90079
56.8045699999
10.04995
23.9730399998
16.6035399998
22.09904
8.70033000002
58.1714900001
14.47899
64.22613
21.65122
14.50532
73.9779000001
62.97898
25.2376
246.46798
200.52395
22.80216
29.0708300001
57.69143
60.85798
64.52339
9.08935999998
11.7522000001
81.4556
