16.32076
63.8533999999
64.36069
53.72935
54.53957
11.28039
11.2377599999
121.57133
9.14046999998
51.1866400001
41.1483199999
7.90206999995
44.4133
14.54048
51.05107
60.98753
61.62739
18.03779
56.3897199999
51.51018
60.15805
15.6247299998
54.45231
17.53945
13.8351199999
11.27546
151.28663
207.70243
70.09087
16.2651
128.41624
191.66691
15.8287499999
15.1563700001
67.05477
14.1237900001
23.38691
37.11985
14.5761600001
70.1481700001
215.19924
17.7892999999
13.0603199999
18.5285599999
78.1277900001
66.1753399998
70.15824
13.27061
10.6962199998
12.3713999998
