13.04041
13.20357
9.82365999976
16.1525600001
10.3323300001
10.5185199998
61.58722
12.41434
5.86498999991
37.7581
59.0828100001
21.08179
16.51281
7.64470000006
51.0377499999
30.0763599999
17.44129
18.4585300001
26.4886800001
20.5722400001
8.76966999995
47.5360600001
17.0515699999
6.84126000002
4.90548000007
19.19609
26.59432
8.54899000004
15.7160100001
5.36598999996
7.92761999997
49.0623700001
63.6415799998
49.9220500001
10.8899499999
6.1683100001
7.06021999987
12.4942300001
57.4140799999
14.3704100001
13.5237799999
47.39799
13.21526
16.8073999999
44.23061
9.62265000003
44.84736
9.07725999993
12.6654699999
26.1784600001
