10.38377
50.7975999999
7.91609000007
12.9813599999
14.05241
19.5703500001
6.58107999992
11.63842
17.3216500001
21.6328399999
7.08202000009
9.7461799999
20.2026
14.26469
11.41419
10.56235
42.4661600001
10.93226
22.8415699999
16.48798
17.48168
36.2240100001
13.11523
12.39854
13.3835999999
16.83584
10.08401
13.8798199999
19.00453
15.06874
16.4787899998
16.71337
10.45456
11.2241700001
11.4224200001
27.26807
13.9985
31.97777
31.6763100001
10.8539199999
10.36144
16.85026
17.19972
36.1153300001
12.99947
29.1940399999
16.8889299999
17.72134
49.21899
25.60107
