13.64581
117.16422
11.25159
215.21651
31.2120999998
13.6944299999
57.95042
13.3983600001
14.79321
196.53141
63.59496
14.3182
16.7888800001
37.87534
57.7204699999
5.76781000011
9.80674999999
11.9441999999
16.5153000001
39.3169099999
24.3276300001
22.3211500001
199.22102
13.6723900001
6.60043000011
96.0808299999
20.39861
14.4735399999
56.3742300001
13.3164399998
9.00591999991
12.6855900001
11.5220799999
58.2102200001
9.84341999993
199.56359
5.8767299999
9.83749000006
7.63225000002
68.52954
16.2729400001
16.07579
9.13397000008
16.70471
13.82955
14.56598
16.9033100001
28.87473
18.8024600002
35.2206999999
