59.52641
8.77587000001
13.54819
44.4606799999
5.10858999996
65.85742
15.61623
12.4139500001
44.9565000001
2.45161000011
18.61077
14.07968
22.48647
59.04012
14.3105400001
61.40541
12.3652700001
9.35625999991
33.72245
9.85277
7.04510999995
52.7031599999
33.7689199999
10.9311899999
13.2318200001
15.04527
49.9564499999
13.3171400001
11.7825
11.4606399999
11.2077300001
15.70495
17.8516200001
13.3483
19.70985
6.18420000002
12.73919
13.2510100001
10.90061
7.23409999989
52.5570100001
21.55351
7.33824999991
11.81658
13.59892
48.6479600001
13.6553999999
33.0679700001
171.36663
16.0712
