13.93481
9.05342000001
163.59356
13.96906
7.63931
24.23248
7.96139000007
9.10709000006
12.58829
50.2094999999
13.5605200001
10.7914
40.35415
8.59582000005
6.46166000003
17.16156
17.7259099999
24.07921
6.47218000004
15.99022
19.84773
225.847
72.5327600001
9.73251
13.0320000001
26.1077800001
10.22958
13.3887499999
13.28711
20.9851599999
24.29979
20.012
10.92616
18.05843
17.11933
8.81613999978
60.9112499999
5.62908999994
29.6649300001
31.67976
37.76143
38.3591900001
82.1197
13.9748699999
14.7931300001
8.94866000011
58.4265399999
50.9649200001
12.71658
25.0388699999
