18.0462300001
24.24977
8.30296
16.9160900001
68.8618199999
14.0605199999
45.2749300001
67.71454
14.5615000001
60.9884500001
9.16735
12.74454
15.64273
14.4282399999
53.3053700001
8.84382999979
12.7199500001
27.8033799999
42.55963
20.0447799999
51.6395
7.99634000007
8.89341999998
195.82539
8.01703999995
19.29897
22.2902200001
12.0068199999
62.51781
15.2267100001
12.0118300001
11.0548299999
10.4487299999
6.5061
12.82779
47.2371900001
7.84139999992
20.6611100001
11.63744
15.2607400001
15.3880399999
29.5952900001
22.8330699998
36.2031
17.1549600001
16.97399
24.3951
9.63228999998
15.9717900001
12.42026
