12.0403
16.14469
36.7405400001
48.2482800001
149.28739
177.741
48.4728600001
56.37178
14.72543
67.8477200001
25.64156
50.37113
233.99183
10.3779300001
52.7339900001
14.07674
10.1267499999
12.36593
12.88537
16.2648199999
47.3086099999
18.89087
52.90958
6.73782000004
14.4749199999
6.50693999999
9.24557000003
43.5742899999
16.5985100002
35.4337899999
18.9484699999
10.4855200001
13.60726
8.65909999993
166.18786
21.3562400001
19.80215
19.4043699999
50.3692700001
7.08140000002
36.09477
17.93458
7.36296000006
6.09251999995
20.60081
70.4047000001
19.5404300001
20.6526
77.06828
10.2324400001
