39.1073100001
6.80148999998
21.2222999999
25.21854
24.47663
25.28296
18.0811899998
65.11071
13.5620500001
6.73551000003
11.68346
7.81387999991
20.65894
11.06525
13.3528
65.9261400001
12.1438499999
6.44139999989
75.38346
73.44109
13.5635800001
33.2703600001
48.13833
9.68939000019
24.76917
20.8356399999
19.94783
68.03155
10.7227500001
14.36435
34.7219
11.40341
7.08760000009
7.78268999991
10.4643900001
18.4098900001
13.14774
14.1439
22.18563
9.28674000001
45.44012
6.97719000001
8.23812000011
9.95786999993
13.2976600002
9.43084000004
28.1490799999
9.43675999995
16.20326
8.60653999995
