24.2151800001
15.85596
18.8851499999
14.7423299998
13.9519300001
94.5412000001
33.13466
15.1064
85.0180299999
13.09241
4.84807000007
7.16132000007
24.19628
25.3063600002
21.41201
11.89296
5.25108999992
8.6415400001
16.2363199999
53.6808399999
16.0347
14.03345
45.9251999999
12.20884
54.01402
58.13167
10.2579600001
7.96068000013
15.4854999998
42.45287
52.3071099999
60.22982
5.0258399999
44.42425
30.7963
38.3331200001
10.9063899999
8.37407999998
6.80041999999
7.92460999999
9.70116000017
69.54113
62.33799
12.7422399999
8.30158000009
7.62359999993
4.7696900001
71.00189
14.13304
36.34085
