8.63412000006
17.72432
13.6932799999
16.8277299999
219.24512
67.88987
11.8218499999
14.9967
8.66501
185.18457
14.003
52.0339999999
49.7190799998
21.2393200002
9.51419000002
35.8549800001
166.30587
56.49437
54.2458
48.7171199999
11.1896199998
53.3602300001
22.5819400001
15.0047800001
7.70824000007
13.8905900002
10.3237900001
57.61892
21.7538900001
63.8695599999
10.3031199999
8.17963000003
11.79
18.26729
75.13459
6.21745
39.07537
26.4776399999
65.6256199999
9.38287999993
54.5367899999
9.18732999999
27.7967800001
11.09285
33.51691
27.2924200001
13.34884
55.6233200001
72.40519
28.8809000001
