10.9783999999
27.5015099999
12.82296
58.1322699999
15.5367800001
15.1412
21.72963
14.0923000001
11.1752200001
13.3724400001
18.1033000001
78.79865
18.65954
26.00543
41.03251
16.46371
19.24645
11.9327600001
62.9785
38.9433599999
11.0028800002
65.14835
20.47279
15.38471
11.9734600001
9.16816
18.8320999999
83.1127300001
16.7581699999
77.1026500001
14.86071
21.4458099999
67.29689
13.43221
26.8009599999
11.6958900001
13.57873
22.1662499999
35.52085
4.47031
67.81389
23.81125
13.3655100001
12.7866
10.49125
8.77049000002
23.33373
9.30824000004
10.3648400001
10.9256600001
