21.1777099998
22.86896
15.89163
43.98437
30.50356
14.6937500003
16.4242400002
13.26374
6.64539000008
15.2494300001
19.38807
17.1616099998
11.8897700002
10.95425
31.19628
76.3877
28.43327
7.82534999994
63.41054
15.9789
8.1675199999
27.5927400001
22.17779
16.7357699999
10.3116499998
61.4232400001
16.7815000002
13.14543
54.79856
27.0655900001
16.21008
31.59962
38.41294
9.58391000016
16.0498500001
131.4119
20.8832299999
14.7488899999
13.0354599999
17.56527
8.38066000002
10.4031799999
4.80357999995
10.3997899999
13.1569299999
21.0762599999
36.1326199999
76.0156400001
5.32279999997
13.7124400001
