15.88843
13.6288800001
31.5878399999
6.17025000008
73.83954
7.48913999985
19.0702099999
54.67175
23.0488100001
26.3277800001
12.0085400001
77.1420800001
7.99739000003
10.04064
45.27345
21.5120499998
70.7835499999
14.6227900001
11.3881400001
6.39426000009
15.73197
7.72805999999
60.02804
7.67515000002
10.62668
11.1590799999
30.35728
18.1848699999
8.25967000006
11.2821800001
45.77297
15.78784
56.5214999999
9.37604
12.2493099999
17.6112899999
62.66542
6.39803000004
20.19895
14.8623500001
8.56213999994
13.41963
12.0723
48.4895799999
49.60012
19.2744500001
18.2771100001
213.49889
19.0215799999
13.6322399999
