14.5873100001
162.3917
9.63454999996
17.7744499999
10.5895700001
7.40069999977
17.1011699999
16.3580700001
10.96683
12.1963200001
8.87509999995
61.6921900001
9.49736000004
6.72675000003
28.3804799998
146.81575
17.5602999998
10.5398699999
24.40645
22.27415
23.75043
12.8960799999
189.66642
53.8568600001
23.4460899999
227.49224
13.67557
52.83513
11.4415699999
62.0459499999
17.4907399999
14.35748
28.20734
14.6433700001
13.9901600002
17.8187599999
68.52844
88.2383100002
13.2077200001
81.99519
24.26748
37.4667100001
28.5893699999
10.8300899998
22.23259
58.8639300001
65.15304
11.8892
12.3896599999
11.8482899999
