9.78947999992
29.86557
13.63422
26.0019500001
6.40474999999
9.55954999989
14.1872500001
27.4382399999
21.63317
9.60564999981
59.5377699999
33.5845
200.99801
18.46106
7.97674999991
15.1758900001
9.86737999995
22.18654
21.3370899999
29.9814900002
8.78003000002
35.5926399999
6.34513999999
54.43943
140.87749
118.32042
56.55898
11.89769
60.87679
9.97985999985
18.8278600001
6.63551000005
16.7246599999
39.6579400001
66.01485
95.67626
195.7986
52.9408600001
66.1221
16.2643799998
52.0857499999
12.16638
12.2352199999
54.57696
9.09174000006
19.72381
12.4622899999
12.54206
24.6719599999
17.58738
