21.1427600001
18.34289
13.0144700001
10.36474
68.8573800002
49.6368100001
23.04521
18.4906199998
14.6441500002
15.14118
15.69349
12.1183900001
65.0246
11.4131599999
14.8879999999
51.9343499999
65.7676899999
18.2966700001
67.7715200001
17.36925
15.17298
9.32631000003
10.76007
57.89461
15.5440799999
7.96620999998
15.03614
17.15281
6.33101000008
33.9693900001
57.1112999999
25.39373
12.46135
22.6503300001
18.6410699999
9.75060000003
57.51154
6.71535999991
8.92316000001
44.97404
10.9980400001
8.11433000001
55.83919
15.7396
11.6045599999
36.0681699999
11.1223199998
17.4608100001
39.50564
38.60899
