15.46084
20.77321
14.3051799999
10.3654
85.2162199999
10.5563399999
21.75362
22.8826
17.2236599999
12.8156000001
17.6143000001
58.1582899999
8.45585000003
9.15689999994
11.51151
56.00599
14.87116
19.09512
57.4156899998
11.92305
13.1075299999
9.72277999995
16.1245500001
58.7335799999
11.5656
33.4541
8.66365999985
2.95886000001
7.95048999996
9.97484999988
33.9365599999
20.02196
6.18033
14.02101
17.57651
22.28955
33.77824
6.00998999993
18.2239600001
4.62145000009
5.77539000008
10.64555
13.1532300001
21.3229800001
22.8484699999
7.96898000001
11.6280400001
7.99309
13.64674
10.8076899999
