13.76839
28.67201
22.3030500001
136.07974
47.48068
17.0739900001
85.30148
28.9666199998
44.47155
192.1639
10.2483099999
201.19123
6.07059999998
41.29611
22.38588
36.74274
66.2571999999
27.33207
11.4117599999
24.58313
22.0227899998
37.4284900001
10.04535
23.45786
166.61027
7.69044000003
9.82038999978
53.65963
39.30274
27.73547
28.4372899999
64.7318999999
32.31227
8.39738999994
13.16749
17.9734099999
35.87252
12.9009100001
8.19498000003
10.22811
9.59544999991
16.8193300001
21.8553200001
68.73536
12.8659699999
13.3679000001
13.22262
89.19516
13.5581700001
24.1216000001
