22.15156
54.6388300001
83.1679500001
47.5512
11.88287
6.64886999992
9.13890999998
83.93771
27.3212600001
53.4563900001
31.5260299998
60.7148899999
57.2754299999
34.7285099999
68.3012100002
142.13011
37.47459
12.6074099999
15.2199199998
24.17474
12.6679
19.0640699998
15.94546
88.0203
203.87485
27.3485300001
27.5664799999
25.9265000001
9.05846000009
7.3726
41.07319
43.3127799999
17.2854200001
13.5307600001
13.98144
7.74257
13.6084
8.53992000001
58.8951599998
30.66027
52.7330600001
57.8026000001
17.7029800001
14.9846
17.8613400001
11.3412699999
25.2788600001
26.07485
16.51249
9.56389999995
