15.2850300001
25.81135
61.1489
14.21658
64.6605700001
6.79876000003
14.2677699999
19.6941000001
17.80822
11.49581
197.13619
62.5377700001
9.18417999998
7.54191000003
19.41668
12.2051900001
201.56438
42.7452
202.91808
23.8255800001
21.80025
23.4764800001
27.6236099998
13.06183
10.97603
12.0904999999
63.1048599998
12.3319799999
25.3634
19.81724
14.0039700001
52.9751
6.43860000011
9.81242000009
15.61066
19.5412800001
14.26382
15.4037
93.2645399999
74.9809500001
9.24644999998
143.19713
13.1871400001
17.65074
18.7692100001
70.38991
46.7834899999
15.6383
22.83748
12.1503100001
