12.0403
16.14469
36.7405400001
48.2482800001
149.28739
177.741
48.4728600001
56.37178
14.72543
67.8477200001
25.64156
50.37113
233.99183
10.3779300001
52.7339900001
14.07674
10.1267499999
12.36593
12.88537
16.2648199999
47.3086099999
18.89087
52.90958
6.73782000004
14.4749199999
6.50693999999
9.24557000003
43.5742899999
16.5985100002
35.4337899999
18.9484699999
10.4855200001
13.60726
8.65909999993
166.18786
21.3562400001
19.80215
19.4043699999
50.3692700001
7.08140000002
36.09477
17.93458
7.36296000006
6.09251999995
20.60081
70.4047000001
19.5404300001
20.6526
77.06828
10.2324400001
15.2850300001
25.81135
61.1489
14.21658
64.6605700001
6.79876000003
14.2677699999
19.6941000001
17.80822
11.49581
197.13619
62.5377700001
9.18417999998
7.54191000003
19.41668
12.2051900001
201.56438
42.7452
202.91808
23.8255800001
21.80025
23.4764800001
27.6236099998
13.06183
10.97603
12.0904999999
63.1048599998
12.3319799999
25.3634
19.81724
14.0039700001
52.9751
6.43860000011
9.81242000009
15.61066
19.5412800001
14.26382
15.4037
93.2645399999
74.9809500001
9.24644999998
143.19713
13.1871400001
17.65074
18.7692100001
70.38991
46.7834899999
15.6383
22.83748
12.1503100001
10.9783999999
27.5015099999
12.82296
58.1322699999
15.5367800001
15.1412
21.72963
14.0923000001
11.1752200001
13.3724400001
18.1033000001
78.79865
18.65954
26.00543
41.03251
16.46371
19.24645
11.9327600001
62.9785
38.9433599999
11.0028800002
65.14835
20.47279
15.38471
11.9734600001
9.16816
18.8320999999
83.1127300001
16.7581699999
77.1026500001
14.86071
21.4458099999
67.29689
13.43221
26.8009599999
11.6958900001
13.57873
22.1662499999
35.52085
4.47031
67.81389
23.81125
13.3655100001
12.7866
10.49125
8.77049000002
23.33373
9.30824000004
10.3648400001
10.9256600001
15.46084
20.77321
14.3051799999
10.3654
85.2162199999
10.5563399999
21.75362
22.8826
17.2236599999
12.8156000001
17.6143000001
58.1582899999
8.45585000003
9.15689999994
11.51151
56.00599
14.87116
19.09512
57.4156899998
11.92305
13.1075299999
9.72277999995
16.1245500001
58.7335799999
11.5656
33.4541
8.66365999985
2.95886000001
7.95048999996
9.97484999988
33.9365599999
20.02196
6.18033
14.02101
17.57651
22.28955
33.77824
6.00998999993
18.2239600001
4.62145000009
5.77539000008
10.64555
13.1532300001
21.3229800001
22.8484699999
7.96898000001
11.6280400001
7.99309
13.64674
10.8076899999
13.04041
13.20357
9.82365999976
16.1525600001
10.3323300001
10.5185199998
61.58722
12.41434
5.86498999991
37.7581
59.0828100001
21.08179
16.51281
7.64470000006
51.0377499999
30.0763599999
17.44129
18.4585300001
26.4886800001
20.5722400001
8.76966999995
47.5360600001
17.0515699999
6.84126000002
4.90548000007
19.19609
26.59432
8.54899000004
15.7160100001
5.36598999996
7.92761999997
49.0623700001
63.6415799998
49.9220500001
10.8899499999
6.1683100001
7.06021999987
12.4942300001
57.4140799999
14.3704100001
13.5237799999
47.39799
13.21526
16.8073999999
44.23061
9.62265000003
44.84736
9.07725999993
12.6654699999
26.1784600001
22.15156
54.6388300001
83.1679500001
47.5512
11.88287
6.64886999992
9.13890999998
83.93771
27.3212600001
53.4563900001
31.5260299998
60.7148899999
57.2754299999
34.7285099999
68.3012100002
142.13011
37.47459
12.6074099999
15.2199199998
24.17474
12.6679
19.0640699998
15.94546
88.0203
203.87485
27.3485300001
27.5664799999
25.9265000001
9.05846000009
7.3726
41.07319
43.3127799999
17.2854200001
13.5307600001
13.98144
7.74257
13.6084
8.53992000001
58.8951599998
30.66027
52.7330600001
57.8026000001
17.7029800001
14.9846
17.8613400001
11.3412699999
25.2788600001
26.07485
16.51249
9.56389999995
8.63412000006
17.72432
13.6932799999
16.8277299999
219.24512
67.88987
11.8218499999
14.9967
8.66501
185.18457
14.003
52.0339999999
49.7190799998
21.2393200002
9.51419000002
35.8549800001
166.30587
56.49437
54.2458
48.7171199999
11.1896199998
53.3602300001
22.5819400001
15.0047800001
7.70824000007
13.8905900002
10.3237900001
57.61892
21.7538900001
63.8695599999
10.3031199999
8.17963000003
11.79
18.26729
75.13459
6.21745
39.07537
26.4776399999
65.6256199999
9.38287999993
54.5367899999
9.18732999999
27.7967800001
11.09285
33.51691
27.2924200001
13.34884
55.6233200001
72.40519
28.8809000001
59.52641
8.77587000001
13.54819
44.4606799999
5.10858999996
65.85742
15.61623
12.4139500001
44.9565000001
2.45161000011
18.61077
14.07968
22.48647
59.04012
14.3105400001
61.40541
12.3652700001
9.35625999991
33.72245
9.85277
7.04510999995
52.7031599999
33.7689199999
10.9311899999
13.2318200001
15.04527
49.9564499999
13.3171400001
11.7825
11.4606399999
11.2077300001
15.70495
17.8516200001
13.3483
19.70985
6.18420000002
12.73919
13.2510100001
10.90061
7.23409999989
52.5570100001
21.55351
7.33824999991
11.81658
13.59892
48.6479600001
13.6553999999
33.0679700001
171.36663
16.0712
9.78947999992
29.86557
13.63422
26.0019500001
6.40474999999
9.55954999989
14.1872500001
27.4382399999
21.63317
9.60564999981
59.5377699999
33.5845
200.99801
18.46106
7.97674999991
15.1758900001
9.86737999995
22.18654
21.3370899999
29.9814900002
8.78003000002
35.5926399999
6.34513999999
54.43943
140.87749
118.32042
56.55898
11.89769
60.87679
9.97985999985
18.8278600001
6.63551000005
16.7246599999
39.6579400001
66.01485
95.67626
195.7986
52.9408600001
66.1221
16.2643799998
52.0857499999
12.16638
12.2352199999
54.57696
9.09174000006
19.72381
12.4622899999
12.54206
24.6719599999
17.58738
14.5873100001
162.3917
9.63454999996
17.7744499999
10.5895700001
7.40069999977
17.1011699999
16.3580700001
10.96683
12.1963200001
8.87509999995
61.6921900001
9.49736000004
6.72675000003
28.3804799998
146.81575
17.5602999998
10.5398699999
24.40645
22.27415
23.75043
12.8960799999
189.66642
53.8568600001
23.4460899999
227.49224
13.67557
52.83513
11.4415699999
62.0459499999
17.4907399999
14.35748
28.20734
14.6433700001
13.9901600002
17.8187599999
68.52844
88.2383100002
13.2077200001
81.99519
24.26748
37.4667100001
28.5893699999
10.8300899998
22.23259
58.8639300001
65.15304
11.8892
12.3896599999
11.8482899999
18.0462300001
24.24977
8.30296
16.9160900001
68.8618199999
14.0605199999
45.2749300001
67.71454
14.5615000001
60.9884500001
9.16735
12.74454
15.64273
14.4282399999
53.3053700001
8.84382999979
12.7199500001
27.8033799999
42.55963
20.0447799999
51.6395
7.99634000007
8.89341999998
195.82539
8.01703999995
19.29897
22.2902200001
12.0068199999
62.51781
15.2267100001
12.0118300001
11.0548299999
10.4487299999
6.5061
12.82779
47.2371900001
7.84139999992
20.6611100001
11.63744
15.2607400001
15.3880399999
29.5952900001
22.8330699998
36.2031
17.1549600001
16.97399
24.3951
9.63228999998
15.9717900001
12.42026
15.88843
13.6288800001
31.5878399999
6.17025000008
73.83954
7.48913999985
19.0702099999
54.67175
23.0488100001
26.3277800001
12.0085400001
77.1420800001
7.99739000003
10.04064
45.27345
21.5120499998
70.7835499999
14.6227900001
11.3881400001
6.39426000009
15.73197
7.72805999999
60.02804
7.67515000002
10.62668
11.1590799999
30.35728
18.1848699999
8.25967000006
11.2821800001
45.77297
15.78784
56.5214999999
9.37604
12.2493099999
17.6112899999
62.66542
6.39803000004
20.19895
14.8623500001
8.56213999994
13.41963
12.0723
48.4895799999
49.60012
19.2744500001
18.2771100001
213.49889
19.0215799999
13.6322399999
24.2151800001
15.85596
18.8851499999
14.7423299998
13.9519300001
94.5412000001
33.13466
15.1064
85.0180299999
13.09241
4.84807000007
7.16132000007
24.19628
25.3063600002
21.41201
11.89296
5.25108999992
8.6415400001
16.2363199999
53.6808399999
16.0347
14.03345
45.9251999999
12.20884
54.01402
58.13167
10.2579600001
7.96068000013
15.4854999998
42.45287
52.3071099999
60.22982
5.0258399999
44.42425
30.7963
38.3331200001
10.9063899999
8.37407999998
6.80041999999
7.92460999999
9.70116000017
69.54113
62.33799
12.7422399999
8.30158000009
7.62359999993
4.7696900001
71.00189
14.13304
36.34085
13.64581
117.16422
11.25159
215.21651
31.2120999998
13.6944299999
57.95042
13.3983600001
14.79321
196.53141
63.59496
14.3182
16.7888800001
37.87534
57.7204699999
5.76781000011
9.80674999999
11.9441999999
16.5153000001
39.3169099999
24.3276300001
22.3211500001
199.22102
13.6723900001
6.60043000011
96.0808299999
20.39861
14.4735399999
56.3742300001
13.3164399998
9.00591999991
12.6855900001
11.5220799999
58.2102200001
9.84341999993
199.56359
5.8767299999
9.83749000006
7.63225000002
68.52954
16.2729400001
16.07579
9.13397000008
16.70471
13.82955
14.56598
16.9033100001
28.87473
18.8024600002
35.2206999999
21.1777099998
22.86896
15.89163
43.98437
30.50356
14.6937500003
16.4242400002
13.26374
6.64539000008
15.2494300001
19.38807
17.1616099998
11.8897700002
10.95425
31.19628
76.3877
28.43327
7.82534999994
63.41054
15.9789
8.1675199999
27.5927400001
22.17779
16.7357699999
10.3116499998
61.4232400001
16.7815000002
13.14543
54.79856
27.0655900001
16.21008
31.59962
38.41294
9.58391000016
16.0498500001
131.4119
20.8832299999
14.7488899999
13.0354599999
17.56527
8.38066000002
10.4031799999
4.80357999995
10.3997899999
13.1569299999
21.0762599999
36.1326199999
76.0156400001
5.32279999997
13.7124400001
39.1073100001
6.80148999998
21.2222999999
25.21854
24.47663
25.28296
18.0811899998
65.11071
13.5620500001
6.73551000003
11.68346
7.81387999991
20.65894
11.06525
13.3528
65.9261400001
12.1438499999
6.44139999989
75.38346
73.44109
13.5635800001
33.2703600001
48.13833
9.68939000019
24.76917
20.8356399999
19.94783
68.03155
10.7227500001
14.36435
34.7219
11.40341
7.08760000009
7.78268999991
10.4643900001
18.4098900001
13.14774
14.1439
22.18563
9.28674000001
45.44012
6.97719000001
8.23812000011
9.95786999993
13.2976600002
9.43084000004
28.1490799999
9.43675999995
16.20326
8.60653999995
13.93481
9.05342000001
163.59356
13.96906
7.63931
24.23248
7.96139000007
9.10709000006
12.58829
50.2094999999
13.5605200001
10.7914
40.35415
8.59582000005
6.46166000003
17.16156
17.7259099999
24.07921
6.47218000004
15.99022
19.84773
225.847
72.5327600001
9.73251
13.0320000001
26.1077800001
10.22958
13.3887499999
13.28711
20.9851599999
24.29979
20.012
10.92616
18.05843
17.11933
8.81613999978
60.9112499999
5.62908999994
29.6649300001
31.67976
37.76143
38.3591900001
82.1197
13.9748699999
14.7931300001
8.94866000011
58.4265399999
50.9649200001
12.71658
25.0388699999
13.76839
28.67201
22.3030500001
136.07974
47.48068
17.0739900001
85.30148
28.9666199998
44.47155
192.1639
10.2483099999
201.19123
6.07059999998
41.29611
22.38588
36.74274
66.2571999999
27.33207
11.4117599999
24.58313
22.0227899998
37.4284900001
10.04535
23.45786
166.61027
7.69044000003
9.82038999978
53.65963
39.30274
27.73547
28.4372899999
64.7318999999
32.31227
8.39738999994
13.16749
17.9734099999
35.87252
12.9009100001
8.19498000003
10.22811
9.59544999991
16.8193300001
21.8553200001
68.73536
12.8659699999
13.3679000001
13.22262
89.19516
13.5581700001
24.1216000001
21.1427600001
18.34289
13.0144700001
10.36474
68.8573800002
49.6368100001
23.04521
18.4906199998
14.6441500002
15.14118
15.69349
12.1183900001
65.0246
11.4131599999
14.8879999999
51.9343499999
65.7676899999
18.2966700001
67.7715200001
17.36925
15.17298
9.32631000003
10.76007
57.89461
15.5440799999
7.96620999998
15.03614
17.15281
6.33101000008
33.9693900001
57.1112999999
25.39373
12.46135
22.6503300001
18.6410699999
9.75060000003
57.51154
6.71535999991
8.92316000001
44.97404
10.9980400001
8.11433000001
55.83919
15.7396
11.6045599999
36.0681699999
11.1223199998
17.4608100001
39.50564
38.60899
10.38377
50.7975999999
7.91609000007
12.9813599999
14.05241
19.5703500001
6.58107999992
11.63842
17.3216500001
21.6328399999
7.08202000009
9.7461799999
20.2026
14.26469
11.41419
10.56235
42.4661600001
10.93226
22.8415699999
16.48798
17.48168
36.2240100001
13.11523
12.39854
13.3835999999
16.83584
10.08401
13.8798199999
19.00453
15.06874
16.4787899998
16.71337
10.45456
11.2241700001
11.4224200001
27.26807
13.9985
31.97777
31.6763100001
10.8539199999
10.36144
16.85026
17.19972
36.1153300001
12.99947
29.1940399999
16.8889299999
17.72134
49.21899
25.60107
