17.04915
19.31938
71.36993
11.6465800001
21.57972
7.44803999993
11.8323799999
11.0544900001
23.7768000001
65.0232500001
10.2528200001
21.3455499999
27.9523099998
6.83910999994
17.38841
9.28486999997
19.1287099998
17.0127900001
36.8287199999
13.0346
202.2159
36.6524400001
12.65128
16.44291
15.1162
189.13265
27.3191199999
9.47010999988
9.80447999993
18.3072899999
72.15843
65.59433
71.4615999999
28.9271100002
7.14763000002
64.1589
42.0004599999
62.7589200001
14.1088400001
15.4601399999
45.56146
11.59873
36.35381
120.67622
9.89282000007
46.8304399999
8.51225999999
9.24356999993
9.10403000005
55.6772799999
