19.91895
7.46793000004
9.40965000005
17.74222
7.62876999995
16.9639600001
22.18519
17.6231699999
12.81515
10.7428
11.10297
12.5628800001
10.23201
21.9033400001
11.8436600001
63.45604
23.07635
6.3273
16.0487100001
51.6303999999
17.2474999999
10.6453499999
16.8184599999
187.61225
60.12933
15.55811
23.71543
20.7219400001
27.9371
17.18628
13.4368599999
26.94262
32.1803199998
66.94784
56.0859800001
21.30033
20.2248799999
11.03547
24.27193
18.39672
19.5900300002
33.56855
13.3649700001
35.7664099999
40.89085
13.62651
9.67181999993
7.85361999995
182.11468
62.41314
