57.5923899999
16.93397
71.5859599999
7.65275000001
37.1814300001
5.79651000001
57.3797599999
11.38055
14.04525
216.9513
56.6775399999
16.6140300001
15.3690900001
11.8985300001
38.4309100001
20.03158
13.99766
25.79255
16.75023
14.5174900002
134.08105
15.8522400002
11.1521299999
13.72481
56.8998400001
32.7310499999
12.4997500001
46.1831799999
10.6226199999
13.4863100001
19.1398400001
39.7419100001
9.98256000015
11.20208
8.61982000002
63.4314100001
8.61700000009
11.97939
34.0536000001
26.1938
40.8484400001
57.41073
13.8326999999
57.0938400001
22.0175399999
12.7269500002
35.9153699999
11.49124
36.8458700001
73.5285200002
