9.84914999991
19.53773
26.6989
55.93183
8.76908000011
16.1051500001
19.8510200001
71.7633399999
14.7691799998
32.1126100002
35.8134400001
8.65844000003
5.20358999993
48.9485100001
57.3415
54.80771
14.77183
9.57551
50.0783000001
15.49545
7.0072799999
48.9333799999
24.6168899999
43.20586
12.3448
19.4118299999
44.329
9.55385000003
10.0152
15.7274599998
51.1028999999
10.6828900001
9.47132999997
12.2863300001
13.6309
56.5483700001
74.5019599999
56.1102700001
8.09005000012
19.5729799999
10.0809099999
61.7157300001
40.99651
13.6227300002
7.82655
54.1939000001
193.24131
8.69659999991
59.9937900001
6.27977999998
