33.66382
17.8176900001
95.1062100001
18.4620399999
16.0586299999
52.2744000001
15.6440199999
72.25575
49.5759700001
9.83101000008
197.32233
20.8994199999
87.50706
63.73283
30.19082
60.52977
31.99214
19.2101699999
69.67267
11.15198
43.6675900001
172.63172
12.21393
40.34513
65.3197499999
9.21263999981
26.4518
12.8757699999
16.2239899999
23.0998
14.85714
14.1325899998
5.18972999998
8.50070999993
68.4783000001
93.2108
56.3889500001
47.26296
11.89555
232.21583
33.26744
22.25436
7.87392000004
50.2892799999
8.08421
191.39651
47.5481699998
3.96398
14.9223900001
12.3085700001
