6.02561000013
8.52633999998
15.55507
31.8749499999
11.4508999999
14.2601800001
21.4503099999
12.7778700001
54.4285299999
20.3433300001
8.02396999998
38.2584800001
13.25666
61.2852
62.6399000001
20.6737500001
5.82871999987
31.77881
30.8081800001
61.54296
5.62825000007
24.6911999999
19.3260600001
25.52605
7.61910000001
48.6277
18.51277
17.53548
153.74542
81.16023
12.22774
10.9657999999
24.1437799999
21.3415699999
14.24346
9.50971999997
10.2651800001
12.35936
46.0122699999
22.89497
22.33665
20.55477
10.3536600001
7.4535699999
65.53278
7.22378999996
7.29943999997
3.95667999994
39.7380600001
61.03344
