11.05301
12.86497
13.9893700002
10.8731800001
57.28207
24.6977599999
10.49019
164.32782
15.9650399999
57.73787
16.9913699999
46.70433
16.8359299999
17.4282500001
23.3672200001
17.13959
62.8973599999
21.9203700002
23.66434
11.04133
12.2343600001
12.41633
17.3041000001
15.80833
59.72982
13.6596799998
43.4697699999
15.9052799999
8.33228000009
18.7511699998
9.5356200001
25.4001500001
26.2977
73.4837100001
20.3705000001
14.6946599999
95.99762
15.37486
13.22506
20.97332
70.90229
12.86154
47.60484
17.19527
69.29152
53.46712
47.6297599999
13.64435
31.70594
22.34929
