18.25212
89.02816
32.27555
200.79296
6.09603999997
8.53149999992
14.1433300001
24.73837
53.23435
10.0133699999
62.6380200001
6.62913000002
13.3373
20.8090000001
9.93201999995
15.73987
11.4607500001
7.03223000001
16.57663
9.44326999993
15.77388
18.963
19.83175
62.2709900001
14.1243
12.49387
18.36487
7.96052000008
20.93432
65.8579599999
14.1864
11.1172400001
34.18566
12.25482
10.81386
55.7708000001
37.64622
10.2595899999
15.12774
12.65886
7.94484999997
19.96792
16.9467800001
63.8397600001
14.3137000001
11.72543
67.52529
17.79656
6.65014000004
47.30878
