61.11534
26.1954799999
52.7143800001
69.9907800001
11.9967700001
6.34374000004
28.84005
18.4085299999
10.13442
9.90989999985
14.2803700001
13.4149
43.89246
10.1840100001
20.4256
14.5481600001
95.2303000001
9.13471000001
14.0072100001
70.04217
10.8928499999
18.7441100001
13.58813
18.62561
51.94778
17.81249
11.48804
8.39066999999
39.58106
9.82822000002
11.6680899999
12.9136900001
10.48311
9.30011000007
14.92114
21.9169800001
80.3056800001
10.1811599999
8.98786999995
6.18574999995
14.749
60.5666100001
15.2343199999
8.77006000001
10.30119
7.94956999994
66.5165499999
17.5909000001
14.2423299999
111.79651
