6.81768999994
34.02352
17.22035
16.1569099999
14.25303
81.22253
11.16006
14.0586900001
66.73258
7.80937999999
46.32068
12.1894500001
16.7848899998
73.64458
12.99575
36.24378
52.2416600001
47.91811
22.4049999999
49.82479
14.9029799999
11.4232899999
9.34348000004
12.9035099999
60.91653
15.3774700001
43.39242
16.7017100002
10.33159
13.52467
63.4694600001
11.9101300001
11.73569
192.36256
13.7301400001
19.14228
21.6242400002
22.4541
12.1924200002
10.9199899998
7.71271999995
35.2155600002
16.6082899999
46.9471100001
11.55488
11.3513600001
8.14362999995
171.19514
14.3430699999
61.6899
