16.22408
20.56106
11.3051999999
14.78038
8.12847
8.58726000006
5.66567000002
9.01694
21.56308
4.66428999999
8.40590000001
18.6869799998
14.88843
12.5828099999
52.61989
17.4076
68.92265
17.7611400001
18.6198000001
17.5987600001
78.37977
46.65418
10.3603299999
42.6417800001
7.27971999999
61.43162
61.26601
8.90415999992
14.9544400001
25.60893
26.9156100001
13.73662
17.44175
15.67567
10.6453099999
22.16587
28.54565
43.7577900001
22.19784
23.1010099999
8.09685000009
32.55596
54.95519
19.8268200001
11.0692
14.51442
38.61346
16.50852
73.1036699999
15.8530999999
