15.1936900001
7.58503999992
18.9612
12.89816
103.32783
43.6863600001
7.71389999997
12.41854
49.5085
10.8614700001
8.45337
26.49401
11.35372
21.53705
19.3665
45.34511
6.40524999995
7.47044999991
7.02518
12.6337600001
15.6408300002
5.78198000009
10.23551
9.59756000002
13.26037
21.3776000001
123.48025
6.23806
19.8330799999
11.0516799999
21.72077
13.7915500001
12.2213900001
11.3176499999
6.20288999996
63.1265499999
14.7079800001
10.6015500001
11.4614399999
114.00916
14.5717299999
57.84525
38.5090099999
51.5595999999
8.71314000001
25.1666000001
22.4102299998
17.76804
10.1466699999
41.41067
