43.4840000001
34.9358099999
25.65338
11.4368200002
12.55204
9.73306
9.12524999981
25.4407799999
36.8344699999
47.33485
12.89279
18.77388
11.60442
35.7843399998
3.69293000002
6.43957000005
9.15524999995
68.93441
8.90331999992
12.8553299999
8.90510000009
42.58779
19.9619
54.76079
7.8097300001
12.24212
29.72155
58.91392
22.29533
13.4890999999
58.7270000001
13.5224200001
7.58500999992
9.41296999995
13.8576999999
23.33074
7.57566000009
23.8211000001
37.49149
8.18259999994
51.4114700002
11.7037099999
7.98777999985
9.76617000008
7.84945999994
51.68888
68.7778100001
13.3853399999
11.18513
165.00948
