19.64807
41.63965
13.1785400001
73.1827400001
11.74361
66.3434799999
9.07914000005
10.4561599998
3.83859000006
8.50040000002
7.18153000006
27.04082
11.25031
10.23517
20.7929799999
8.54767999996
15.7045199999
16.74298
12.1933299999
13.2172899999
16.02439
12.29261
66.2237399999
16.41194
8.02350999997
158.47705
45.93129
7.92163999996
14.04484
16.4532
57.0173200001
6.82666000002
45.28304
19.33791
10.3313899999
80.9759900001
12.08556
16.98242
12.836
20.20928
166.92402
73.2066
65.4051099999
71.12282
54.79136
58.5767000002
13.73035
12.58222
8.20335999993
56.63952
