13.6308900001
9.92251999991
15.79985
58.23641
70.9716199999
13.33153
15.7888399998
19.9159200001
14.2239
55.50648
9.23437000008
7.69547999988
10.46537
50.54827
44.7176099999
5.93253000011
56.36019
14.3892599999
13.57362
14.6324899999
20.58525
23.81184
21.27572
9.78756999993
18.00501
9.88014000002
57.97371
177.56143
5.04694000003
10.3506
9.52494999999
5.22918000002
18.8090400001
40.11765
35.3689100001
14.9988800001
27.8767
8.41751000017
12.96558
23.482
9.09001999989
22.9403399997
29.3179900001
18.88189
19.7233399999
9.83394000004
15.1517399999
23.7356999998
10.5815
7.97314000002
