174.97829
57.0153099999
19.8521899999
53.0802300001
14.0421900001
9.94025999994
17.3344099999
9.02936000004
8.92785000009
21.6619199999
57.0675700001
192.30316
8.72358999995
29.5582699999
11.92848
22.6876399998
8.72725999984
29.8854199999
8.5297999999
20.94197
41.6351599999
21.59906
15.3839
58.75547
17.1961899998
19.5844200001
15.3261199999
36.07826
13.3041
12.77326
5.99528999999
177.34826
6.44680000015
160.90613
9.75321999984
20.85893
39.0079
16.99126
18.57568
18.2775099999
26.4371300001
12.0384699999
62.70112
5.29256000009
61.47703
9.41148999997
15.97812
71.0865100001
11.8213200001
47.29513
