11.8861
10.68576
10.29617
14.82034
25.3469299999
9.86233999999
82.6033300001
41.1106199999
9.22632000002
49.6221799999
28.0335799999
25.27422
12.1319
24.78799
5.11097000004
48.0528899999
21.6705
21.9728400001
43.8154
21.4915600001
14.4357
17.90032
52.4579100001
11.54005
9.57168000005
155.64551
9.10933000001
22.72223
26.50284
8.35189999989
64.5055
25.9789999998
16.8152299999
142.74276
11.1382299999
6.35554999998
12.6695300001
46.0903400001
67.2028
93.94944
7.15349000006
8.21171000006
20.0695900002
7.27396999998
7.86846000003
86.5176499999
185.24529
12.13783
9.61675999989
66.62953
