6.73169000004
16.7787599999
13.11655
30.1716600001
14.09871
23.5536300001
12.3378999999
80.5439000002
10.8097500001
47.75572
35.3731499999
14.45719
7.40526000003
10.5034399999
6.75858999998
18.2214500001
16.3711700002
13.9789499999
12.0292699999
28.72771
10.24948
51.5367999999
7.10388000007
16.66414
17.06756
47.8338500001
40.78091
59.3981399999
6.81861000007
6.74515999993
11.70154
13.47575
10.0251499999
50.3017600001
10.2486100001
6.99274000013
74.0509900001
22.6168600001
16.10274
24.39842
10.44161
74.78038
51.4391900001
27.96708
5.46693999995
68.1094300002
21.82233
148.0216
13.0357499999
17.00272
