59.7134
68.93192
27.87314
33.90215
12.9301100001
17.19204
204.55731
6.05846999993
26.6581300001
12.88559
65.6639099999
41.7043699999
10.8922999999
75.75119
15.1571300001
17.11847
64.7699600002
6.35993000004
16.47982
9.08363000001
9.31069999991
22.59719
16.9830799999
14.08585
8.25631000008
10.85092
65.4748
9.11046999996
46.66954
46.59592
11.4313299999
30.89796
53.3732999999
10.8304100001
57.01466
45.9391999999
83.61159
23.2573000001
10.76975
47.84384
8.2666600002
10.72624
67.81239
77.08305
8.02130000002
54.28014
13.69099
15.16813
26.6596799999
6.62965000002
