10.69566
9.82262000011
37.1219400001
5.10719000001
8.8759199999
10.1245899999
199.10459
9.95791
76.77145
12.99103
7.95559999999
7.77778999996
18.8837899999
27.7624799998
3.54865000001
20.3118799999
8.25644000003
7.37555000011
29.7752699999
38.66246
7.79700000002
7.37973000004
53.5424900001
10.99921
11.94149
12.74345
143.55378
74.39925
8.67376000015
7.82065000013
75.4767600001
23.49511
10.4320099999
36.3399700001
6.72384999995
47.95637
19.2055199998
8.75529
23.4136000003
12.2562599999
72.5399
13.1373700001
8.8015200001
51.6870800001
87.35867
65.5286399999
74.0133100001
35.5848999999
11.5025699998
102.72067
