13.4615100001
9.04411999998
9.45713
18.7095700001
22.7969800001
6.35683999991
13.72046
61.91623
10.4043900002
31.89761
60.7755700001
6.26813999994
66.8539400001
10.62352
77.5112900001
6.30319999985
11.6293200002
34.99315
12.0843100001
16.50765
5.40967999992
35.2455900001
30.9458700001
24.1669000002
166.11802
104.15306
11.0274400001
126.01367
25.1540400001
16.15419
149.11952
61.7604
55.6322900001
11.23343
236.15967
3.89512
18.0688199999
67.20895
9.98790999991
8.31831999996
21.63658
7.70522
50.18358
71.70215
11.80481
10.0068
32.3298200001
21.32053
14.04307
7.15185999998
