12.3023700002
76.83841
14.9292700001
172.354
65.6426700001
6.86018999992
17.3845500001
14.7606800001
65.6963999999
9.50708000001
173.12592
24.72671
96.08274
10.8209400001
7.88335999998
12.15864
9.22615999985
11.6788799999
58.62147
31.26109
142.34686
10.78965
6.03735
20.3068300001
10.4254600001
49.8149199999
22.8107
11.9446599999
63.15026
22.3236499999
14.49728
55.02069
14.2538899999
6.85264000006
8.49638000003
29.8673199997
14.93544
93.16588
5.03631999996
14.4902300001
10.40364
16.9748
75.8839199999
8.32101000007
19.00419
14.74953
12.87102
40.02279
47.90407
14.7475500001
