55.7128300001
12.9868300001
13.99058
32.0630099999
10.35998
8.06513
10.4097800001
16.39874
20.0538700001
25.0795399999
12.00904
5.66232999996
17.9983100001
17.19163
23.2841999999
16.3344099999
43.61462
5.88082000008
9.32999000011
6.26101000002
9.56168999989
7.98551999999
34.45891
26.11811
52.39011
11.4858499998
34.9650399999
24.40173
23.7924800002
28.7001399999
10.1794
9.75066999998
15.04911
136.09913
10.63958
201.44421
25.51818
8.62196999998
33.2880999999
10.29658
25.8324899999
18.3215
51.28253
31.1073799999
16.36225
76.2604099999
58.9987500001
24.4897
10.67301
10.4152299999
