11.16608
10.8210499999
11.1750199998
42.36685
18.02067
7.62664999987
44.61436
5.73401999997
15.5109700001
27.5661300002
15.1266299998
11.77937
28.3343399999
28.40854
74.96803
5.68893999991
7.58504000003
68.7139300001
10.3830400001
13.46517
23.63449
78.8288700001
175.20054
7.47941999999
13.5327099998
26.9594500001
13.4558000001
32.74636
35.73494
30.4070599999
10.8880100001
16.4593799999
14.7575300001
8.86618000001
10.4569099999
49.7663499999
15.3992800001
12.4279700001
10.95568
231.79543
10.47539
18.08676
13.21791
28.9119300001
17.51834
19.9030699999
10.90864
21.6210300002
59.7298500001
9.45269999991
