23.84804
10.4478900001
28.53539
7.09074000001
19.54715
113.2068
13.2619299999
71.7924300001
30.8798400001
73.60671
9.24523999996
226.1689
17.3853000001
33.6571000001
24.42125
13.2483399999
16.74605
208.99584
69.2554099999
186.6554
37.08316
11.7094600002
179.72319
16.1208299999
48.2803399999
21.6425399999
26.3751400001
11.0530300001
58.30454
13.6383699999
11.0483799999
18.5006499999
76.7200600001
7.81391000003
65.3744
30.90996
28.5256200001
9.74115999998
27.92597
180.79342
58.6245899999
48.03303
31.14697
6.29269000003
10.52941
9.55437999999
141.10855
58.4958700001
22.2043
8.83542999998
