11.5987300001
26.2859200001
18.4008299999
11.92301
31.13625
47.27256
220.60166
4.1341400001
7.71458999999
29.1085
9.03628
14.23239
15.14738
18.95184
11.2636799999
41.04064
25.8462599998
11.37448
14.19085
61.6336400001
17.8522200001
8.27347999997
13.6066300001
74.36234
38.06019
6.12368999992
17.24201
84.2851700002
4.87086999998
27.3224599999
9.1386699999
7.31602999999
22.80941
46.39648
7.53515000001
10.9879900001
5.27642000001
23.0186900001
10.18267
15.0174499999
101.87225
27.0486099999
6.46053000004
6.57258000004
215.94985
50.3192800001
11.8192100001
64.7101499999
19.0378599999
41.0578599999
