8.34438000002
15.0858999999
14.86821
27.7455
13.4175600001
28.85858
220.67056
58.41158
19.8487200001
18.6959800001
10.5181
8.07228999992
16.34404
15.8997900001
7.43857999996
93.0162200001
14.4232200001
15.4729800001
15.83605
46.28836
8.91379999986
13.79542
4.93012999988
14.5402400001
8.09329999995
10.4752600001
11.8619900001
44.70067
82.29266
56.8796
71.23107
27.1747399999
79.3005300001
16.0656199999
17.8136199999
41.3806799999
31.40433
57.06094
10.51878
85.7480200001
10.98099
8.41876000003
20.5632999998
18.1099099999
26.2313800001
42.81016
18.3341100001
16.89818
14.04896
22.7667500001
