77.02917
19.0903699999
11.95464
14.36974
23.3112699999
11.41631
20.2808099999
9.59664999996
107.32377
143.89981
15.1066300001
24.06044
13.3411299998
12.54753
51.06455
61.2005700001
25.1603300001
38.36574
6.61801999994
12.8837599999
57.6781400001
202.37294
130.79214
32.06375
5.66579
11.6553500001
21.2861299999
26.95572
20.2100500001
92.4254399999
15.06776
19.3924
9.78401000006
11.25804
42.39172
13.48275
53.46591
17.60997
9.52581000002
31.5667600001
5.40555999998
16.3155400001
14.0210399999
44.60285
7.89821999997
6.68426000001
7.34051000001
9.45880000002
14.0536600001
9.24676000001
