106.05097
13.18248
30.45149
23.3507999999
10.1672799999
33.5055500001
33.0443500001
53.1835
220.49088
24.80832
24.27784
76.3140099999
14.3459099999
54.65222
32.90931
63.8057599999
13.67102
91.1830900001
19.76778
60.12355
75.98565
62.29749
43.87499
69.58229
25.7407
8.82698999997
10.7186199999
4.42703000002
14.6577299999
40.32378
32.5293799998
13.1886599999
10.5402800001
62.8365499999
7.61801999994
85.1364799999
12.9920600001
5.33723999991
70.8539099999
4.58871000004
12.46488
10.0469399999
46.3738899999
84.9105800004
19.5972300001
56.6971800001
55.54377
19.0795000001
17.23321
7.84166999999
