14.4611500001
8.23796000006
12.1104400001
21.4981300001
13.7962900001
20.7214799999
6.39916000003
14.4867599999
18.9972099999
39.8634400001
9.90088999993
32.20832
26.7093100001
6.05319999997
14.6337499999
10.13925
79.53442
49.9371099998
7.86483000009
10.72528
65.8530899999
12.5713500001
19.2323500001
22.43415
8.74277000013
17.59476
16.33877
22.0193
33.8026899999
20.8452899999
12.41292
10.9094100001
73.16061
20.6603100001
18.6845499999
75.6201899999
65.6698
8.73788999999
14.33214
21.9437600001
11.3706200002
8.33158000011
9.77922999999
16.5689099999
55.57721
11.79892
26.70802
12.77724
7.61418999999
18.3634499999
