11.9439600001
37.14991
12.1382599999
22.90611
6.19390000007
5.63017000002
5.52082000009
36.76613
29.0366100001
7.14466999995
17.0560999999
18.00373
85.9455800002
78.4973200001
5.46149000013
22.3101700001
8.95168000006
14.1451699999
72.70314
117.19621
79.9349699999
9.12303000002
57.71734
10.74945
49.8150599999
37.75528
12.30071
5.19709999999
7.39282999991
17.8004400001
17.49132
106.92353
7.70655000012
72.6176100001
15.4693999999
16.16594
16.2665000001
12.9384900001
195.23018
17.6166699999
33.8315600001
39.20705
94.3327500001
41.9212900001
11.73363
19.3511800001
9.79807000002
14.81759
13.5059700001
12.16598
