78.3856399999
16.50191
38.9903699999
14.4240299999
19.32492
17.1018699999
10.6730600001
35.7388499998
57.6558399999
9.31272000005
195.81175
17.76098
10.8547100001
117.34614
45.7673600001
48.6589600001
95.3112699999
9.50918000005
75.8517100001
10.8668699999
31.45413
66.9783700001
20.2149799999
55.49502
10.7441
119.16589
8.45128000004
85.78576
185.98272
15.98567
5.43568999995
17.0973399999
26.00648
25.68507
26.99519
22.51422
11.6991099999
6.5706900002
9.08104000008
19.0690200001
18.3829199999
89.5302800001
25.20927
11.3630999998
115.95419
16.0686400001
17.6750099999
31.3119099999
174.93158
9.95084999991
