13.69812
117.77349
68.1887899999
52.32544
6.16029999999
4.99812
36.18667
7.45202999993
14.62363
5.84427000012
227.03102
8.3023499999
11.6879800002
10.15547
4.9085100001
18.07846
8.91149000009
11.4433800002
10.56904
8.16904000007
54.85273
17.37547
8.97019999998
10.9839599999
6.32902000006
8.83526999992
190.05862
11.64321
72.1833299999
32.06864
25.71999
53.88488
11.84137
63.16194
12.89673
221.3941
50.26937
159.37594
13.41449
16.23807
18.00205
23.7263
11.8039299999
37.8357600002
13.2262499999
17.0913200001
11.59474
5.68971999991
51.7579299998
22.42788
