36.0454300001
16.18524
34.7852700001
15.2796
10.29029
243.12273
164.87418
10.4448899999
11.6887999999
50.2130100001
16.6813399999
8.02818999998
16.1549800001
26.7441100001
125.16253
21.3349
12.09319
50.1416300001
30.8803099998
6.8081299999
35.40145
17.5617799999
14.8754499998
5.21710000001
20.4221900001
15.3337999999
13.2076
11.6526
67.4015799999
11.95262
23.8337600001
19.3259500001
23.5109
20.30408
14.3531099999
21.2931499999
15.53555
17.1828599999
18.6474499999
38.30479
131.7965
51.4697400001
6.18399000005
17.6293499999
11.5257300001
24.8182699999
62.07599
115.63757
10.37208
10.5102599999
