100.77045
19.4958699999
6.99586999998
8.93731000007
43.96652
31.95279
26.62379
22.5736
7.80397000001
222.15995
63.15314
7.47631000006
17.97574
140.69947
11.1795899998
37.9642800001
24.2399500001
10.56462
104.06052
15.95701
17.57001
5.27454000001
64.0699700001
10.62818
40.83756
5.59511999984
37.1743899999
16.4092600001
32.9892399998
31.0933300001
36.9024499999
25.8795399998
16.14753
24.53156
93.1521599999
10.19779
13.5443999998
16.3823800001
24.71199
9.31860999996
6.25741000008
7.09052000009
19.26338
12.40704
35.3590300001
7.59993999999
65.61525
25.9444599999
6.70501000003
9.13171999995
