8.15309000015
4.61335999996
24.8345
10.2938800001
97.05684
10.1099400001
11.5131
6.17767
21.4182199999
10.60385
15.2436499998
9.97382000007
8.85947999998
28.72737
11.62049
10.53709
10.10834
12.7989000001
13.82946
10.0116099999
76.7168100001
37.34116
11.9970000001
48.5712900001
6.2528400002
13.69719
18.5818399999
15.5168699999
54.0296699998
45.8826
26.79317
14.0573
14.8823300001
57.0538499999
76.6496600001
11.35956
37.7755600001
16.8722
14.4830099999
12.7403600001
15.2049899999
11.60142
19.82771
5.56490999996
76.8793400001
16.9852699999
24.0292900001
16.6555100001
9.50286999997
60.3294399999
