10.51072
19.09251
13.05475
173.56823
11.5771700002
6.44398999994
23.62207
14.72569
11.82452
64.5003899999
20.01353
12.62411
11.2642
19.5192100001
193.08638
17.6069199999
26.6381499999
11.44125
4.63156000001
8.45097000001
25.4989199999
61.61389
64.01397
14.4394299999
13.9450200002
24.4056099999
10.02302
15.9354099999
41.6307599999
11.0780500001
10.2042799999
22.37644
14.5988299999
12.2564
12.5935
15.4438100001
13.0040699999
8.40940999996
18.3344000001
24.87861
14.8267199999
16.7453599999
6.47368000005
13.7516900001
9.16084999999
87.0369900001
44.2842
44.9668399999
3.22687999986
9.11546999996
