19.8488500001
27.24749
186.34828
12.3493799999
11.1402499999
34.41021
48.8449500001
27.92888
5.5390300001
12.1411000001
20.44522
8.51350999996
29.2055699999
189.43408
12.2945
13.03811
27.3769599999
24.0116500001
11.53224
13.1416800001
9.76611999981
32.3505899999
9.60141
11.28451
5.54877999995
24.11798
95.06183
11.8496900001
58.90962
190.34315
85.5384499999
7.85560999997
30.5236800001
14.82145
39.7368
17.55136
23.98777
176.07553
7.40375000006
16.27858
8.73635999998
13.3132499999
13.96638
15.9875299999
14.61876
25.6884000001
3.86638999998
17.3314
10.00843
27.1495800001
