13.5259200002
232.8428
15.2906999999
65.18037
11.27712
12.66906
20.98432
11.21062
165.14568
52.6263
16.4074300001
16.17293
7.2683600001
22.09763
18.25616
34.1984400001
29.62852
7.04587999999
28.4447400001
31.0299600001
36.13361
28.0784
7.79038000002
27.81114
6.62260999996
7.28395999991
64.94442
33.11146
174.83696
8.71194000007
8.19501000002
77.4069300001
16.19129
10.9884100001
68.52067
134.38532
10.5805800001
30.6342800001
9.96382000006
22.19779
15.4097200001
70.4655
57.3233800001
133.64665
14.77618
5.09705999994
23.02298
62.9973399999
8.01673999999
40.08814
