28.3221100001
10.5648000001
36.6740299999
59.03978
36.4008600001
84.48644
23.2620700001
21.47685
54.12145
13.38481
29.57812
35.24368
11.7626700001
64.9203000001
183.19824
25.6871499999
40.68198
9.96316000004
8.11852000002
49.33548
60.1129600001
12.36649
18.5228299999
61.49974
40.85687
34.6935800001
10.0200799999
18.29348
16.0393600001
28.16935
189.85487
9.35405999993
18.6864
6.69892
8.74756999989
12.4061499999
25.3172800001
69.35997
25.9148800001
8.29469000013
8.10892999999
53.9322900001
192.01906
63.1254899999
9.69270000001
26.45711
11.87309
61.8460199999
44.4225700002
4.65825000009
