9.76586000016
39.4651000001
48.14341
43.39436
9.53917
12.613
35.4030899999
6.76541999995
7.37881999987
32.35179
9.13934999995
17.97354
18.4705899999
23.20011
21.8071699999
129.68625
19.4599
12.13622
16.43911
31.5525699999
64.55005
12.6303000001
172.62178
63.63294
16.76936
38.1008999998
14.0475699999
16.1224999999
9.81283000007
14.6747000001
9.79496000009
46.2161200001
19.05555
8.20714999991
28.8995599999
56.91541
10.9679800001
198.39455
18.99899
38.5114899999
11.7797399999
16.99681
51.4789600002
65.08111
16.02463
34.16582
8.23532999994
20.8878
107.84624
168.22069
