16.5453799999
33.1395599999
10.76037
10.2880999999
12.8250000002
19.25553
35.57089
160.89404
17.52165
16.37326
6.92330000014
11.2969399999
16.5124700001
39.8343100001
22.7477399999
28.9646800001
15.5189799999
11.6633299999
9.08998000005
9.35837999999
9.55862999998
16.2049799999
64.60725
19.4022799999
178.49718
10.6614600001
50.6230500001
10.6980300001
24.7651899999
28.6604100001
69.8899200001
18.55503
32.41025
15.16614
37.8034300002
39.9559899999
47.27058
23.2587300001
11.40232
24.88151
12.1350499999
147.42478
15.0778999999
14.37344
9.01327
10.4620800001
35.11555
21.3192500001
23.24675
47.18669
