6.39801
67.8443999999
8.92946999997
9.29203999997
14.15627
24.01046
164.43011
31.7346099999
33.67356
22.20944
20.62518
14.29633
18.32695
72.3120100001
12.5406600001
25.91689
24.7288899999
10.24569
12.8864900001
7.65184000006
184.37307
43.30937
13.9722999998
14.96895
105.02706
11.89092
5.05799000012
46.3422700001
11.0894100001
6.98589000001
8.48903000006
30.19622
7.28177999984
17.43637
29.0499399999
21.01194
3.47726000007
10.43863
26.96003
129.32066
49.58769
16.96589
79.3547099999
24.45918
16.60599
12.23826
31.93538
10.0547099998
56.4541499999
26.08834
