8.07394999999
34.6085299999
8.76803000015
23.92313
76.62196
17.6038999999
14.44968
51.2158000001
56.90851
5.69941999996
187.45104
24.99902
19.4151600001
28.0352999999
13.10288
30.2290000001
29.99725
9.81014000007
11.8733099999
19.57219
12.37393
16.0241700001
8.87576999993
30.84398
19.4527799999
6.03709
61.36153
6.14371999993
55.59275
36.24297
18.8213099999
6.57589000009
17.1929200001
11.27352
77.19176
35.5286599998
18.67105
43.0346900001
34.79768
64.46172
34.4610499999
9.0697600001
12.14945
8.63152000005
27.07359
8.11861
11.46104
34.97965
10.1669500001
31.9925699999
