44.96603
7.42228000006
31.82657
202.99258
5.2643299998
55.52799
27.6783799999
19.21727
18.6314999999
24.26882
12.71644
186.89998
5.82842000003
57.9029300001
61.33892
11.04873
17.42645
14.56463
50.30888
221.21609
3.81633000018
7.29880999995
30.37309
17.6557
24.7864300001
63.0769999999
22.95105
26.10347
48.7344000001
32.4773899999
11.7059000001
10.17395
10.16307
11.0216699999
6.93101000006
94.58556
53.1004
27.50906
102.2448
16.41782
19.35442
46.71166
48.30775
29.9129400001
23.31953
6.40572000004
9.16201999993
42.5336600001
62.83233
9.18004999997
