50.09983
36.33713
13.66398
27.5839800001
157.52487
12.9970699999
11.5488900001
33.9484199999
8.1690600001
28.2269
23.7191
132.45746
16.63531
24.6250799999
46.10255
34.8718
18.94213
14.0881000002
136.77038
55.68809
23.0084
10.3765199999
6.29431000003
10.4507800001
12.5763899999
5.29535999999
49.5593999999
17.26373
31.78614
22.9726500001
9.81357
11.1344399999
189.69249
28.72977
6.67229999986
6.46185000008
72.8209199999
19.2800500001
35.9561500001
16.34627
94.43946
12.0698899999
20.3192099999
21.1356100002
6.69919999992
9.76662999997
9.74115000002
29.6080499999
15.3565400001
12.5914400001
