59.10575
37.0275
45.20209
62.2457999999
30.4521100002
56.9310000001
41.8324900001
11.5071200001
12.94314
35.7615299999
36.1694399999
140.02159
45.4623199999
63.2442699999
11.0887600002
23.46938
12.5804399999
34.8015599999
9.50904999999
8.29181999981
191.64625
41.46688
35.5998099999
66.5899500001
15.78979
8.23408000008
62.9934599999
8.89832000004
33.72838
15.44629
14.6586000001
31.0429099998
10.99567
8.92501000001
11.0024
4.53361999989
11.5032
10.76455
5.70363
16.74279
15.34393
19.1329600001
6.6027899998
25.59378
25.28077
14.8552999998
7.99885999993
8.87005000003
6.24194999994
6.40982000006
