24.95329
10.59752
66.86671
25.9398399999
81.7011800001
11.8037999999
73.1477300001
9.12583000003
13.90279
9.78345999995
25.16397
31.3347400001
33.22612
6.47772999993
9.66802999994
31.9645900001
33.4769
6.89604000014
49.5715099999
11.85268
31.4219599999
27.6560300001
30.6951699998
36.64411
49.8426000001
48.6042099999
49.71
63.65839
32.98444
28.9521300001
17.1182
19.89312
5.95974000008
29.2819300001
7.57892999996
15.6695299998
25.4924799999
204.9273
10.43897
30.64614
7.13376999996
28.55879
13.16255
18.84921
21.669
16.1915699999
189.04773
19.5834800003
10.0171299998
34.4287500001
