17.98991
11.79845
9.59357999999
14.2056800001
12.2549000001
8.63492999994
35.29545
16.75593
5.70335999993
71.024
19.22172
30.8998999998
15.5679499999
18.8470900001
46.8429399999
7.66516999993
34.29084
8.51355999999
192.69243
42.5039799999
39.04944
21.5244100001
14.02357
56.2848100001
31.05851
21.8389399999
9.05346000008
35.20635
13.0404599999
15.5532399999
10.4871199999
9.90489999996
11.9421099999
8.28606000007
7.99929000007
19.1781499998
15.3888
8.23937999981
11.8525500001
12.38402
114.63878
13.7734099999
164.29296
15.4924999998
6.59163000004
11.0104199999
16.9890399998
31.4816899999
9.26820000005
14.97384
