69.3718000002
46.47505
9.09987000003
44.69218
42.65851
39.1165900001
54.2977999998
12.2722
155.80645
22.81839
18.95443
7.49558999995
13.08845
10.1642199999
33.8820099999
23.95704
71.7799000001
10.6937799999
20.7251200001
11.3955099999
21.51656
7.21953999996
76.9766699999
9.76249000023
11.34019
12.2140800001
24.7535900001
32.76423
39.9345600001
11.92885
37.83948
40.9674699999
62.7331299999
11.48661
195.20493
26.8329800002
16.0738600001
25.7609499999
57.30063
55.25664
7.33019999997
7.73152999999
23.29076
13.9554300001
5.72530000005
4.49369000003
46.38632
46.6159900001
17.4638
8.87832999998
