20.4696299999
41.95631
12.63375
65.39923
177.32744
14.14171
59.1049200001
53.94667
6.79267999995
24.77312
9.70516999997
33.5466600001
22.6341400001
6.39847999997
18.5968899999
29.0967900001
27.9667599999
90.6463399999
10.6631899999
12.17735
49.9421599999
54.2429600001
18.34086
26.48435
45.3199999999
8.12591000006
13.5405399998
22.3359300001
27.0475499999
14.76031
23.313
10.35496
101.71018
15.37736
7.33540999994
8.56820999994
171.26894
170.15929
41.97226
11.92589
12.1389
16.9467499999
167.13172
14.85456
20.4409399999
11.26928
10.5286499999
29.3026900002
16.26963
123.12031
