7.42687000008
14.4451499999
11.5886399999
9.16145999997
51.2207800001
9.09233999997
37.3252500001
31.2774
9.81039
11.77701
12.12866
19.4911700001
14.71036
25.5224700001
19.85875
9.66952000011
32.0724299999
9.42779999995
45.32351
18.80281
9.90787
22.9217600001
10.0270700001
11.1780599999
14.35164
48.13561
11.01156
33.33528
13.6545299999
14.52293
30.1221299998
14.11673
11.96369
33.58326
8.01851999993
67.84445
24.1167
11.59762
94.54182
85.30618
8.69477000006
5.0504699999
14.97056
13.23594
26.3470900001
85.57939
186.71875
23.4183500001
8.72209000017
49.71337
