30.41481
14.91212
60.2161899999
17.2042599999
59.0000700001
11.59673
9.72038999991
32.5512400002
48.13082
13.64871
185.35509
7.90228000004
7.0965499999
4.74856999994
162.9461
48.6461
23.4409999999
39.9036100002
16.73115
14.8999099999
11.33835
24.3252299998
11.308
54.32987
41.3147800001
15.56135
11.09375
11.04742
6.99343999999
53.9027600001
15.21564
55.4633599999
25.8139300001
11.01013
6.14906000008
5.4206999999
8.40868999995
16.6426099999
83.46075
47.0627199998
9.99555000011
32.6590400001
18.02365
14.74547
8.21296999999
16.7454799999
7.16581999988
33.26293
26.91325
41.00445
