22.6769600001
7.78993999993
36.99388
148.06319
12.9143000001
83.50447
31.1674800001
28.1070699999
30.07038
9.70554
29.2637
19.23945
28.02559
29.8213300001
73.9383700001
30.69699
5.48904999997
8.5464900001
26.99927
52.4932600001
35.0515200001
19.28365
10.5288099999
18.44108
10.5695
17.6821999999
12.66077
8.65256000008
14.3016499999
8.54231999989
20.6521799999
10.61765
21.51491
13.9661600001
44.6610100002
41.9317200001
43.48908
8.11890999996
37.1168800001
29.14368
10.3372800001
73.33349
21.9913900001
16.7228099999
14.2782699999
24.43484
14.4092
53.2415599999
55.3250900001
7.55010999995
