10.2703700002
6.68362000003
41.9412999999
10.1023799999
21.6500700001
14.64837
404.53891
15.59494
286.93817
49.81248
13.4932499999
8.27493000007
8.19455999997
15.54455
408.10227
34.05229
17.94132
11.4458399999
6.61360999988
35.7077499999
29.15468
8.02597999992
20.88905
19.15691
7.29922000016
5.27499000006
26.58479
34.99164
46.2824799999
30.8228700001
52.32492
123.90668
6.44714000006
268.60879
36.97386
58.1310299999
459.83971
15.8925399999
470.34283
40.3139600001
65.3093200001
13.86255
24.32443
350.55385
14.16995
9.92922999989
64.1173
21.8579600001
11.5756300001
14.46386
