449.6745
4.66747999995
11.5505299999
58.7753100002
300.27795
19.32281
22.1450500001
167.89085
23.6187999999
364.18237
16.2229900002
15.49388
13.77273
444.45982
9.76251000015
16.18015
49.0581899998
10.1590700001
359.48337
11.14107
4.69676999992
310.24962
37.2640399998
165.80883
56.08577
61.4807199999
229.46332
28.8424099999
12.8982699999
56.6191400001
56.97314
379.75276
57.87006
9.20613000006
6.14490000007
8.20861999993
8.67223000003
24.9601
45.94184
96.82396
17.95938
13.1386500001
39.8860500001
21.7203200001
10.39585
21.49041
21.04391
76.79642
44.3785
13.28721
