61.2141000001
39.1576799999
19.5845400001
22.6501800001
21.9054
7.82960000006
25.1978699999
16.1149599999
33.6089199999
43.6727700001
62.0051299998
23.36412
41.12044
15.89647
17.9463500001
358.59438
64.3672100001
10.9439699999
48.5743699999
7.33188999991
30.89779
8.80428999988
22.6691899998
44.17236
63.0782199999
322.64107
26.6271500001
5.41506000003
13.5983800001
333.74658
9.53125
6.85249999992
14.6557100001
34.07649
12.64645
280.45067
5.47167
75.4995800001
294.48753
10.83364
9.51235999994
12.1604100001
38.7188200001
8.94660000002
188.34703
15.2805300001
28.4590599999
193.49695
314.678
29.98779
