72.93985
282.97584
390.01964
92.20429
261.5365
6.64246
16.3145300001
51.85695
11.63638
21.9736800001
390.27792
21.49106
70.7870799999
4.46320999996
51.88426
25.1228799999
50.86649
10.3274899999
18.12154
10.8124099999
260.18173
403.21501
16.39781
318.3628
67.79047
24.7916499999
59.9327000001
11.54264
31.2702300001
126.17238
37.43498
91.05385
35.6524500001
366.26238
13.5110000001
52.8925699999
16.15122
15.49139
17.1619999999
10.13453
16.19773
18.02816
12.1308800001
280.38583
15.9926699999
432.73107
5.92507999996
7.23881999997
296.39097
67.9130699999
