56.4604999999
446.46379
53.2989699999
10.48731
43.88595
12.5644300001
59.25488
22.96719
20.0078100001
6.97816000006
21.5953599999
14.73555
10.65725
28.8844300001
45.6404899999
50.6648400002
343.89524
28.5390699999
50.8509800001
28.4775799999
17.4881000001
366.74617
15.97137
10.96355
352.53468
49.5109399999
83.1398
49.96256
38.18479
106.44289
275.61267
18.72697
44.24346
62.4872800002
20.98023
18.2727500001
53.26755
8.79551999993
7.05902000004
176.7928
35.0536100001
9.53492000001
12.3989200001
11.19677
16.0148499999
42.3527899999
50.34933
39.77498
185.37964
12.3831199999
