9.69866999995
12.21767
6.77729999996
416.54894
64.78442
6.24933000014
397.35388
5.94007999997
306.99955
303.5682
8.61837000004
48.80613
35.60196
25.50416
6.76458000008
12.23945
14.4016700001
158.9439
35.07594
12.25613
47.50122
11.8473800001
8.92240999988
172.9139
9.30015999998
11.00468
9.14046000002
40.4976199999
20.5818700001
50.52004
415.27586
12.9776999999
5.19965999993
239.47378
13.50663
6.5340499999
6.55878999992
35.7370199999
9.71185999992
16.1952200001
420.19943
32.99792
35.57779
11.8365399999
379.83551
51.55603
43.3398599999
21.9406400002
9.45495999989
16.95579
