11.50532
33.9661200001
33.9046199999
35.83283
6.31822999998
21.8090700001
339.75595
54.1263400001
32.2921599998
10.56225
7.67593999999
11.1115700001
42.2589799999
15.4097900001
281.59532
17.0842199998
367.82136
269.26989
34.17207
11.4139800001
51.63225
27.11911
113.93177
99.1261199999
9.40575000003
347.89503
6.75318999996
5.87872000015
13.90561
51.3568600001
11.9997099999
12.8769400001
325.30552
261.9631
23.8351000001
14.74653
85.80207
58.5039399998
46.23953
323.50967
44.8169199999
59.8372900001
40.2644700001
25.7982900001
25.3163400001
11.9505500001
5.66133000003
5.52717000002
430.99048
396.57349
