10.10846
334.20683
264.57343
5.53810999996
5.78058000002
78.73407
40.7956899999
5.57244999998
48.17769
29.65689
12.33838
360.68889
197.14942
34.9437600002
10.5574
22.22543
39.0998900001
12.10016
5.43298000004
35.9967899999
15.3579500001
325.69129
148.06728
7.89450000017
21.89487
306.27881
358.10024
6.97114000004
36.9709500001
13.7100000001
319.40967
19.3090700001
46.6978399999
54.3480799999
68.8077599999
13.8174699999
26.18301
8.76327
36.65342
14.26119
32.5472100001
22.5739699999
15.973
64.4954400001
12.44256
12.2135399999
30.1596599999
115.34684
102.85933
26.8344400001
