30.7430200001
12.26804
14.7520799999
180.84097
9.82435000001
14.84592
58.22001
5.97704999987
9.53199000016
48.1718499999
38.21438
12.0792200001
9.03985000006
10.92106
35.3401300001
16.0640700001
5.05715999985
133.48806
83.51731
54.2517500001
424.70658
391.08839
342.25332
17.39777
8.17785999994
12.25694
14.64394
83.69521
26.6830899999
53.7891499999
398.01785
7.54617999995
53.37024
385.25156
340.5235
57.7651199999
21.9222800001
11.0140500001
18.4569699999
34.01547
17.86999
5.51468000002
13.01521
7.77928999998
7.99919
11.6754799999
37.70629
22.0902300001
152.41976
10.31543
