311.77778
96.32215
372.30645
10.01446
22.4219099999
27.05012
56.87694
7.66234999988
12.6219999999
16.47707
247.35012
13.1127499999
239.47695
33.01828
332.68853
35.67659
369.40918
329.26376
14.4606199999
10.09577
397.61677
40.3175900001
40.2106700001
21.00078
59.1082700001
8.88931999996
26.531
8.74673000001
41.8687399999
32.3170799999
8.52043999999
6.96519999998
39.5878299999
5.65833999997
45.21153
316.5732
14.5773
58.55421
19.79643
6.31239000009
14.76161
11.48489
74.3560800001
57.6764999999
403.32548
10.39391
62.01007
19.4431299999
30.15458
452.78521
