166.48271
11.76532
79.70305
12.1028699999
14.1139199998
419.41605
43.7284599999
8.09034999995
9.0997299999
20.8177799999
7.52138000005
285.49242
9.60932999989
39.35837
10.0988800001
11.1961599999
57.4317900001
149.03558
8.62244999991
13.7573799998
36.75125
6.37170000002
37.54606
13.7298199999
20.4557700001
308.00025
7.50586999999
12.9216799999
8.16292999999
5.89760000003
202.53232
75.0527199998
28.48095
15.57658
22.25936
155.71536
8.64532000001
12.7318300001
10.5771
5.71821000008
402.27301
14.15708
15.66081
18.03957
20.9512
30.80663
15.69593
22.04256
14.31777
21.4871599999
