27.80201
12.36019
22.5312900001
24.08948
11.4613099999
20.44053
12.58092
7.61095
8.24049
6.32429000002
7.73707999999
8.25033999991
24.7510200001
5.97188999993
17.56099
8.75006999995
23.22085
14.3958099999
10.0172100001
7.15954999987
12.0209100001
24.73594
9.70941000013
7.94474999991
18.53358
9.78022999992
46.09791
35.2031
16.4254599999
7.36025999999
14.9299600001
16.96618
5.21401000011
23.06676
23.0714599999
24.47814
23.83213
34.10262
28.77772
28.73525
25.76041
14.2320899999
8.31747999997
50.19225
12.63434
20.0121599999
13.5719399999
9.67441999994
21.9491399999
30.89785
