24.16706
17.32579
10.5647399999
10.40418
24.85987
16.9974399999
19.7337600001
16.64326
20.0582799999
16.0949500001
16.2053500001
15.9284000001
6.77729
4.49465999997
11.9698300001
14.31668
30.52066
26.9699499999
13.13102
16.91261
15.77462
4.56768999994
3.80039999995
13.2189900001
11.4173
44.7406
17.8842000001
10.08143
10.79527
13.01347
29.1758399999
9.44760999992
21.9323700001
15.1245699999
12.23839
27.95913
14.54769
15.4021000001
9.49896
22.59213
11.97815
10.71795
11.20542
41.22012
13.3744099999
8.03783000004
12.01169
10.90786
8.08573999989
12.57682
