6.91391999996
7.88979999989
11.36115
45.17152
24.60659
41.0855
49.5852699999
8.08071999997
26.33484
20.47511
11.3055899999
9.25675000006
16.8361000001
32.00985
7.49328000005
10.6134599999
7.61516000004
13.3634800001
8.00494000001
14.25479
29.5178599999
13.19619
22.63784
35.1703699999
13.4619300001
23.99497
19.77487
13.29633
19.76604
7.3592399999
26.9429500001
11.8024699999
12.7074899999
13.3850900001
46.89601
27.67061
19.0888899999
7.78114999994
15.30054
8.45328999998
9.61898999999
11.1178
11.24702
11.26
9.90414
3.90752000012
23.6985799999
20.41428
33.5691600001
27.10872
