24.34541
17.5926999999
10.09479
11.08081
18.7777100001
11.5361499999
25.36632
17.67608
28.2479900001
15.93048
8.52387999999
15.8736500001
26.1976999999
25.7807900001
36.22596
4.96852999995
7.09981000004
10.384
17.8050200001
32.17929
47.01315
10.4421300001
18.9411299999
16.2779999999
14.9989799999
17.2429599999
6.36980999995
42.3546900001
15.89396
12.90221
26.48823
22.38369
8.29009000002
6.12052
7.41304999997
11.06383
10.64031
13.83152
16.0781400001
13.0410699999
6.80709999986
20.23824
52.07135
7.95286999992
20.1716199999
45.11885
15.14333
11.61453
13.93076
16.97433
