18.8075799999
10.51248
12.24581
9.25798999995
19.6686300001
24.8624999999
17.21988
9.40142999997
26.37415
7.17351000011
13.522
9.29084000003
14.4026200001
9.69409
29.39227
13.05274
7.78015000001
10.4772099999
17.41405
4.26936000015
27.16103
13.94814
7.06218000001
6.27695000009
10.9426699999
7.31808
10.14482
19.3221500001
8.23979999998
20.9317
23.45819
4.63296000008
19.19221
14.6462400001
13.63559
34.7840100001
11.80665
16.0099899999
7.27896999998
16.56664
44.14669
13.0947200001
11.53697
7.82598999992
26.37659
8.31975999987
9.60774999997
7.95626999997
13.90419
28.2762999999
