12.92911
19.55665
20.7115600001
6.80293999997
41.7944899999
7.39560000005
6.23161999998
23.6577
34.86489
30.8743799999
29.4956500001
28.6349800001
21.76723
8.49521000008
42.89774
7.0287400001
13.6164299999
8.53252999997
13.02917
15.44507
16.09355
23.72471
16.92091
13.59251
10.5422200001
13.9869200001
13.59603
12.60861
26.2241600001
10.12358
5.03360000008
43.32015
7.71161
5.44847000006
12.8978099999
23.9959799999
18.95592
20.1872500001
20.71415
25.8125999999
15.8084400001
5.48266999994
11.51453
16.24683
7.57536000002
37.57114
16.7191400001
27.4984
11.3219399999
11.2767899999
