9.32902999991
38.21343
16.89751
31.3959299999
19.455
18.19867
11.0773
32.02673
12.0186599999
15.80511
31.7768499999
15.8031199999
14.71849
10.1434299999
35.84642
19.6368
36.76619
3.4352999999
10.3336100001
22.2784
12.60969
10.96907
24.03392
5.73471000011
16.7300799999
14.08493
50.5652900001
30.7183999999
36.47293
25.67943
9.80033
15.11162
18.50792
21.65729
40.4112599998
11.70623
29.7960300001
9.50820000004
8.09333000006
12.39217
14.8573200001
28.56482
7.19221999997
15.5591899999
34.8822999999
11.85838
7.42122000002
29.43965
11.1802599999
12.92003
