12.38286
35.53443
8.44443999988
19.45237
5.88549999997
9.84682999994
31.0023200001
12.45493
24.43172
20.51815
11.08132
12.49907
14.62287
16.76252
36.5260599999
12.2411399999
9.87999000004
25.5599699999
18.21617
9.27849000006
30.7224699999
7.34189000004
6.44138000009
25.1169500001
14.41951
10.48574
37.13607
11.25669
9.83385000005
35.8398999999
15.9881
14.5312
9.21869000001
19.95396
15.74829
15.3244899999
24.93339
5.85146999999
7.86189000006
30.53587
9.55882999999
17.92213
21.5802800001
5.22779999999
31.6712100001
13.48341
6.85545999999
21.16116
14.6013000001
34.3134000001
