24.34541
17.5926999999
10.09479
11.08081
18.7777100001
11.5361499999
25.36632
17.67608
28.2479900001
15.93048
8.52387999999
15.8736500001
26.1976999999
25.7807900001
36.22596
4.96852999995
7.09981000004
10.384
17.8050200001
32.17929
47.01315
10.4421300001
18.9411299999
16.2779999999
14.9989799999
17.2429599999
6.36980999995
42.3546900001
15.89396
12.90221
26.48823
22.38369
8.29009000002
6.12052
7.41304999997
11.06383
10.64031
13.83152
16.0781400001
13.0410699999
6.80709999986
20.23824
52.07135
7.95286999992
20.1716199999
45.11885
15.14333
11.61453
13.93076
16.97433
30.1860099999
20.2700200001
12.44273
37.89433
13.28554
27.09907
5.72601999994
6.63595000003
8.81566999992
12.9948400001
10.4481500001
18.2131299999
23.85826
7.73988000012
20.23467
26.44001
9.02252000012
13.63983
24.46841
18.5286
35.22782
8.83951999992
16.46365
14.70531
23.84257
14.44169
28.5395900001
25.47169
6.59094000014
17.63465
21.59861
16.73136
19.09204
33.20932
19.19916
42.2061300001
24.5133100001
33.64465
9.31848000002
8.40772000002
2.04006000003
15.10815
35.28062
15.7790999999
15.30369
30.28515
7.69439000008
24.30582
15.25821
33.5268700001
18.3046
18.03379
6.21772000007
24.26468
15.0503499999
5.67621000006
23.68764
5.83788999997
12.8611799999
32.4916800001
7.24040000001
6.00754000002
10.13619
26.9783
18.48607
7.31476999994
10.0430100001
17.6034500001
11.02468
13.7353999999
21.95063
14.1565299999
16.65428
19.0959600001
20.61665
6.91342999996
17.79075
11.3887399998
10.02756
44.8415
9.40671000001
11.28182
9.05859999999
16.00084
11.16596
20.17165
35.62712
8.99132000003
21.28746
38.32346
10.77944
34.39183
11.9092399999
27.8103900001
10.2867300001
9.16405999998
23.00995
39.50731
3.97275999992
7.84225999995
8.86586000002
11.4766000001
10.1619200001
25.60662
21.65105
16.76387
12.7720700001
7.68686999998
18.5553899999
3.95467999997
11.9021300001
26.14351
11.18972
12.17553
13.19167
21.0824599999
9.50302000006
9.62221000006
16.34542
29.99827
8.03295999998
25.9556700001
4.7544199999
27.8218299999
13.9866399999
22.92636
26.77761
3.56267000001
13.3157800001
4.01161999989
11.0098199999
40.2456800001
5.39774999989
14.76743
8.79017000005
22.75485
15.5274
29.1717900001
13.48002
36.7497899999
25.83613
35.5553000001
11.1613100001
25.7190200001
10.09184
12.18187
48.4508900001
38.8549699999
10.38553
31.28868
6.34803999995
6.79972999997
10.38381
6.62925999996
29.9332399999
10.0349500001
31.26
23.46838
6.4980599999
22.44863
6.62599000009
12.9932
41.15869
18.51786
3.71223000006
30.3648400001
19.86263
5.34990999999
9.35040000011
9.81778999988
9.60368000006
23.5585500001
32.3324900001
12.2159600001
11.91638
30.17748
43.05461
20.48095
18.98639
48.7568099999
12.25858
21.99249
14.6810000001
41.3441
7.33801000006
15.48248
12.2559
4.03414999996
13.42626
21.4213200001
5.54476000008
6.28771000006
5.85731999995
9.64885999996
10.1804300001
2.59740999993
15.57515
25.0498800001
8.53717999998
29.3913700001
25.29096
35.9946
19.8618899999
42.4222699999
12.6744600001
9.84343000001
27.29074
7.50926999992
36.0061199999
36.45395
33.2393400001
10.9247
32.6227299999
11.44478
15.96311
38.6640699999
22.9495699999
18.90472
19.1837000001
30.19656
21.0251199999
14.71546
15.29391
8.29345999996
5.41016000009
7.68972000002
11.5126499999
19.3067200001
4.91792999988
15.53519
12.85607
15.1978999999
17.9763100001
24.16822
9.97724000004
12.33065
13.08743
8.58259000001
21.6950600001
16.8632200001
6.76037999999
39.14893
21.09329
44.85223
13.24889
18.5302200001
8.0816899999
10.5029
11.80895
10.2868100001
20.86165
10.25488
14.53548
13.49307
15.4622299999
24.04982
11.6799
5.06748000009
9.91953000007
29.63243
5.79973999993
46.2516600001
6.38469000009
14.77141
16.2974
29.24096
5.26621000003
17.26634
14.3452100001
13.45212
12.72451
15.5289599999
6.53784999996
3.76107000001
15.73089
35.2115000001
8.27487000008
32.7924
9.77561999997
13.47265
15.1028299999
39.52653
15.72707
6.43877000012
15.4466499999
9.03806000005
19.7453500001
20.15506
7.32027000014
15.01709
9.42629000009
7.28703000001
17.9286100001
27.3610500001
40.08904
17.7428400001
25.80722
9.73245000001
6.69509000005
5.80065999995
9.32902999991
38.21343
16.89751
31.3959299999
19.455
18.19867
11.0773
32.02673
12.0186599999
15.80511
31.7768499999
15.8031199999
14.71849
10.1434299999
35.84642
19.6368
36.76619
3.4352999999
10.3336100001
22.2784
12.60969
10.96907
24.03392
5.73471000011
16.7300799999
14.08493
50.5652900001
30.7183999999
36.47293
25.67943
9.80033
15.11162
18.50792
21.65729
40.4112599998
11.70623
29.7960300001
9.50820000004
8.09333000006
12.39217
14.8573200001
28.56482
7.19221999997
15.5591899999
34.8822999999
11.85838
7.42122000002
29.43965
11.1802599999
12.92003
16.08983
6.08617999987
8.11544999992
7.72094999999
39.5159699999
18.28432
8.1372
9.39885000011
23.6244099999
17.3016199999
11.7289900001
10.22085
9.11263999995
15.0450800001
15.20505
14.17525
22.425
14.9479299999
9.83926999988
24.69039
31.74289
18.2901000001
15.12554
28.06828
23.9326999999
17.5550000001
15.44309
9.66360000009
14.4153
6.59581000009
19.6567599999
13.69074
12.49151
9.22505999997
26.5695699999
14.1347299999
10.2048499999
39.63554
13.2807799999
13.02041
12.71889
20.2251
19.23603
26.2866699999
9.7114599999
35.99424
22.6085699999
9.23039999988
23.14222
4.70976
12.92911
19.55665
20.7115600001
6.80293999997
41.7944899999
7.39560000005
6.23161999998
23.6577
34.86489
30.8743799999
29.4956500001
28.6349800001
21.76723
8.49521000008
42.89774
7.0287400001
13.6164299999
8.53252999997
13.02917
15.44507
16.09355
23.72471
16.92091
13.59251
10.5422200001
13.9869200001
13.59603
12.60861
26.2241600001
10.12358
5.03360000008
43.32015
7.71161
5.44847000006
12.8978099999
23.9959799999
18.95592
20.1872500001
20.71415
25.8125999999
15.8084400001
5.48266999994
11.51453
16.24683
7.57536000002
37.57114
16.7191400001
27.4984
11.3219399999
11.2767899999
15.18455
18.4727100001
7.41498999996
27.9410100001
16.67041
12.19353
14.71508
14.01087
19.59558
6.82212999999
6.84762000002
9.94884999993
22.2733199999
18.7096599999
26.6422
10.20767
29.27911
41.0176200001
17.20656
21.21823
10.81012
9.8847099999
13.5497199999
14.18336
24.87502
41.60012
25.3108100001
37.18091
15.7289
8.63907999999
9.61532999994
9.93871000002
21.2512599999
9.60415999999
7.37248000002
10.06114
7.65614000009
5.78486999997
17.32602
12.14697
7.17230000009
15.9001399999
18.17794
32.13443
24.81614
21.7197200001
12.6077000001
26.2806500001
28.75442
18.46615
6.91391999996
7.88979999989
11.36115
45.17152
24.60659
41.0855
49.5852699999
8.08071999997
26.33484
20.47511
11.3055899999
9.25675000006
16.8361000001
32.00985
7.49328000005
10.6134599999
7.61516000004
13.3634800001
8.00494000001
14.25479
29.5178599999
13.19619
22.63784
35.1703699999
13.4619300001
23.99497
19.77487
13.29633
19.76604
7.3592399999
26.9429500001
11.8024699999
12.7074899999
13.3850900001
46.89601
27.67061
19.0888899999
7.78114999994
15.30054
8.45328999998
9.61898999999
11.1178
11.24702
11.26
9.90414
3.90752000012
23.6985799999
20.41428
33.5691600001
27.10872
24.16706
17.32579
10.5647399999
10.40418
24.85987
16.9974399999
19.7337600001
16.64326
20.0582799999
16.0949500001
16.2053500001
15.9284000001
6.77729
4.49465999997
11.9698300001
14.31668
30.52066
26.9699499999
13.13102
16.91261
15.77462
4.56768999994
3.80039999995
13.2189900001
11.4173
44.7406
17.8842000001
10.08143
10.79527
13.01347
29.1758399999
9.44760999992
21.9323700001
15.1245699999
12.23839
27.95913
14.54769
15.4021000001
9.49896
22.59213
11.97815
10.71795
11.20542
41.22012
13.3744099999
8.03783000004
12.01169
10.90786
8.08573999989
12.57682
13.56169
28.0551599999
10.78465
7.79366000008
16.5716699999
6.71081999992
16.26325
6.94547999999
46.1581999999
13.18599
14.1948699999
8.47346999985
36.30112
13.7819299999
9.08123999997
19.5676
11.56421
28.9627499999
25.1628
8.25147000013
18.81573
8.2556400001
5.74014999997
19.1510600001
13.3267999999
13.7792699999
5.09816000005
24.3952200001
16.0058
20.7450699999
11.95494
27.2242699999
8.41544000001
11.1334500001
6.17660999997
14.60089
18.1494
25.3504700001
10.93391
20.7459100001
34.2199
12.99716
11.58532
11.5502300001
3.99974
6.59499000001
31.37679
13.80175
13.14497
4.35177999991
14.39663
41.05767
13.7731499999
9.38240999996
10.4539000001
11.5078199999
32.8343300001
11.45209
10.78721
16.6488
13.83073
12.88351
6.59875
26.24212
22.83777
13.6776000001
6.35265999998
9.59414000006
13.58332
32.08114
25.7127200001
26.15498
18.08421
38.96351
19.9875500001
37.86457
27.6727699999
11.02715
10.71014
11.3634200001
7.43261000002
9.41555999999
40.8842000001
27.05484
20.30345
7.57277999993
26.37638
13.4264100001
14.6654200001
17.1155500001
18.7608800001
11.8046800001
15.7696599999
9.22992999991
4.98819000006
6.97267000005
8.68819000002
33.81814
5.90825999994
12.49147
18.8075799999
10.51248
12.24581
9.25798999995
19.6686300001
24.8624999999
17.21988
9.40142999997
26.37415
7.17351000011
13.522
9.29084000003
14.4026200001
9.69409
29.39227
13.05274
7.78015000001
10.4772099999
17.41405
4.26936000015
27.16103
13.94814
7.06218000001
6.27695000009
10.9426699999
7.31808
10.14482
19.3221500001
8.23979999998
20.9317
23.45819
4.63296000008
19.19221
14.6462400001
13.63559
34.7840100001
11.80665
16.0099899999
7.27896999998
16.56664
44.14669
13.0947200001
11.53697
7.82598999992
26.37659
8.31975999987
9.60774999997
7.95626999997
13.90419
28.2762999999
27.80201
12.36019
22.5312900001
24.08948
11.4613099999
20.44053
12.58092
7.61095
8.24049
6.32429000002
7.73707999999
8.25033999991
24.7510200001
5.97188999993
17.56099
8.75006999995
23.22085
14.3958099999
10.0172100001
7.15954999987
12.0209100001
24.73594
9.70941000013
7.94474999991
18.53358
9.78022999992
46.09791
35.2031
16.4254599999
7.36025999999
14.9299600001
16.96618
5.21401000011
23.06676
23.0714599999
24.47814
23.83213
34.10262
28.77772
28.73525
25.76041
14.2320899999
8.31747999997
50.19225
12.63434
20.0121599999
13.5719399999
9.67441999994
21.9491399999
30.89785
12.38286
35.53443
8.44443999988
19.45237
5.88549999997
9.84682999994
31.0023200001
12.45493
24.43172
20.51815
11.08132
12.49907
14.62287
16.76252
36.5260599999
12.2411399999
9.87999000004
25.5599699999
18.21617
9.27849000006
30.7224699999
7.34189000004
6.44138000009
25.1169500001
14.41951
10.48574
37.13607
11.25669
9.83385000005
35.8398999999
15.9881
14.5312
9.21869000001
19.95396
15.74829
15.3244899999
24.93339
5.85146999999
7.86189000006
30.53587
9.55882999999
17.92213
21.5802800001
5.22779999999
31.6712100001
13.48341
6.85545999999
21.16116
14.6013000001
34.3134000001
28.3729200001
14.5519000001
6.49589000002
23.16734
17.7981899999
19.3783199999
9.20606
17.02169
23.56511
11.5598100001
11.10146
8.75928999996
8.32965999993
32.1499600001
17.24477
17.0995
12.3392299999
9.33853000007
16.9486100001
24.97575
17.79314
17.37127
49.3453399999
23.24862
31.9118
9.07614999998
7.53789000004
6.42710999993
15.9357400001
16.2926299999
14.06808
21.3032699999
10.01794
26.91048
24.8152299999
12.30706
6.25968999998
20.16599
14.60459
24.24441
20.4424999999
12.37097
48.56022
25.9573
12.66276
8.63553999993
28.8197
55.9856700001
13.51794
49.0127099999
18.9710499999
11.3509300001
10.73885
23.48459
5.2082900001
17.85688
16.83614
19.79525
5.25104999996
10.78144
22.40056
8.57721000002
16.8099
23.0749300001
22.00561
14.3346200001
15.00988
40.77199
47.94972
14.62165
30.17356
15.29242
23.78292
13.46199
6.77921000007
9.54634
13.1586000001
8.80582999997
43.17979
9.44923000003
31.2252
5.51220999996
17.31199
16.83525
15.72559
42.1742499999
12.2752500001
7.85964000004
9.15931000002
11.1986599999
20.00512
9.59504000004
15.66166
13.80025
23.70154
5.73343000002
10.4316
16.4810800001
10.1627900001
12.29766
