15.18455
18.4727100001
7.41498999996
27.9410100001
16.67041
12.19353
14.71508
14.01087
19.59558
6.82212999999
6.84762000002
9.94884999993
22.2733199999
18.7096599999
26.6422
10.20767
29.27911
41.0176200001
17.20656
21.21823
10.81012
9.8847099999
13.5497199999
14.18336
24.87502
41.60012
25.3108100001
37.18091
15.7289
8.63907999999
9.61532999994
9.93871000002
21.2512599999
9.60415999999
7.37248000002
10.06114
7.65614000009
5.78486999997
17.32602
12.14697
7.17230000009
15.9001399999
18.17794
32.13443
24.81614
21.7197200001
12.6077000001
26.2806500001
28.75442
18.46615
