14.39663
41.05767
13.7731499999
9.38240999996
10.4539000001
11.5078199999
32.8343300001
11.45209
10.78721
16.6488
13.83073
12.88351
6.59875
26.24212
22.83777
13.6776000001
6.35265999998
9.59414000006
13.58332
32.08114
25.7127200001
26.15498
18.08421
38.96351
19.9875500001
37.86457
27.6727699999
11.02715
10.71014
11.3634200001
7.43261000002
9.41555999999
40.8842000001
27.05484
20.30345
7.57277999993
26.37638
13.4264100001
14.6654200001
17.1155500001
18.7608800001
11.8046800001
15.7696599999
9.22992999991
4.98819000006
6.97267000005
8.68819000002
33.81814
5.90825999994
12.49147
