20.86165
10.25488
14.53548
13.49307
15.4622299999
24.04982
11.6799
5.06748000009
9.91953000007
29.63243
5.79973999993
46.2516600001
6.38469000009
14.77141
16.2974
29.24096
5.26621000003
17.26634
14.3452100001
13.45212
12.72451
15.5289599999
6.53784999996
3.76107000001
15.73089
35.2115000001
8.27487000008
32.7924
9.77561999997
13.47265
15.1028299999
39.52653
15.72707
6.43877000012
15.4466499999
9.03806000005
19.7453500001
20.15506
7.32027000014
15.01709
9.42629000009
7.28703000001
17.9286100001
27.3610500001
40.08904
17.7428400001
25.80722
9.73245000001
6.69509000005
5.80065999995
