6.34803999995
6.79972999997
10.38381
6.62925999996
29.9332399999
10.0349500001
31.26
23.46838
6.4980599999
22.44863
6.62599000009
12.9932
41.15869
18.51786
3.71223000006
30.3648400001
19.86263
5.34990999999
9.35040000011
9.81778999988
9.60368000006
23.5585500001
32.3324900001
12.2159600001
11.91638
30.17748
43.05461
20.48095
18.98639
48.7568099999
12.25858
21.99249
14.6810000001
41.3441
7.33801000006
15.48248
12.2559
4.03414999996
13.42626
21.4213200001
5.54476000008
6.28771000006
5.85731999995
9.64885999996
10.1804300001
2.59740999993
15.57515
25.0498800001
8.53717999998
29.3913700001
