16.08983
6.08617999987
8.11544999992
7.72094999999
39.5159699999
18.28432
8.1372
9.39885000011
23.6244099999
17.3016199999
11.7289900001
10.22085
9.11263999995
15.0450800001
15.20505
14.17525
22.425
14.9479299999
9.83926999988
24.69039
31.74289
18.2901000001
15.12554
28.06828
23.9326999999
17.5550000001
15.44309
9.66360000009
14.4153
6.59581000009
19.6567599999
13.69074
12.49151
9.22505999997
26.5695699999
14.1347299999
10.2048499999
39.63554
13.2807799999
13.02041
12.71889
20.2251
19.23603
26.2866699999
9.7114599999
35.99424
22.6085699999
9.23039999988
23.14222
4.70976
