8.86586000002
11.4766000001
10.1619200001
25.60662
21.65105
16.76387
12.7720700001
7.68686999998
18.5553899999
3.95467999997
11.9021300001
26.14351
11.18972
12.17553
13.19167
21.0824599999
9.50302000006
9.62221000006
16.34542
29.99827
8.03295999998
25.9556700001
4.7544199999
27.8218299999
13.9866399999
22.92636
26.77761
3.56267000001
13.3157800001
4.01161999989
11.0098199999
40.2456800001
5.39774999989
14.76743
8.79017000005
22.75485
15.5274
29.1717900001
13.48002
36.7497899999
25.83613
35.5553000001
11.1613100001
25.7190200001
10.09184
12.18187
48.4508900001
38.8549699999
10.38553
31.28868
