28.3729200001
14.5519000001
6.49589000002
23.16734
17.7981899999
19.3783199999
9.20606
17.02169
23.56511
11.5598100001
11.10146
8.75928999996
8.32965999993
32.1499600001
17.24477
17.0995
12.3392299999
9.33853000007
16.9486100001
24.97575
17.79314
17.37127
49.3453399999
23.24862
31.9118
9.07614999998
7.53789000004
6.42710999993
15.9357400001
16.2926299999
14.06808
21.3032699999
10.01794
26.91048
24.8152299999
12.30706
6.25968999998
20.16599
14.60459
24.24441
20.4424999999
12.37097
48.56022
25.9573
12.66276
8.63553999993
28.8197
55.9856700001
13.51794
49.0127099999
