30.1860099999
20.2700200001
12.44273
37.89433
13.28554
27.09907
5.72601999994
6.63595000003
8.81566999992
12.9948400001
10.4481500001
18.2131299999
23.85826
7.73988000012
20.23467
26.44001
9.02252000012
13.63983
24.46841
18.5286
35.22782
8.83951999992
16.46365
14.70531
23.84257
14.44169
28.5395900001
25.47169
6.59094000014
17.63465
21.59861
16.73136
19.09204
33.20932
19.19916
42.2061300001
24.5133100001
33.64465
9.31848000002
8.40772000002
2.04006000003
15.10815
35.28062
15.7790999999
15.30369
30.28515
7.69439000008
24.30582
15.25821
33.5268700001
