18.3046
18.03379
6.21772000007
24.26468
15.0503499999
5.67621000006
23.68764
5.83788999997
12.8611799999
32.4916800001
7.24040000001
6.00754000002
10.13619
26.9783
18.48607
7.31476999994
10.0430100001
17.6034500001
11.02468
13.7353999999
21.95063
14.1565299999
16.65428
19.0959600001
20.61665
6.91342999996
17.79075
11.3887399998
10.02756
44.8415
9.40671000001
11.28182
9.05859999999
16.00084
11.16596
20.17165
35.62712
8.99132000003
21.28746
38.32346
10.77944
34.39183
11.9092399999
27.8103900001
10.2867300001
9.16405999998
23.00995
39.50731
3.97275999992
7.84225999995
