13.56169
28.0551599999
10.78465
7.79366000008
16.5716699999
6.71081999992
16.26325
6.94547999999
46.1581999999
13.18599
14.1948699999
8.47346999985
36.30112
13.7819299999
9.08123999997
19.5676
11.56421
28.9627499999
25.1628
8.25147000013
18.81573
8.2556400001
5.74014999997
19.1510600001
13.3267999999
13.7792699999
5.09816000005
24.3952200001
16.0058
20.7450699999
11.95494
27.2242699999
8.41544000001
11.1334500001
6.17660999997
14.60089
18.1494
25.3504700001
10.93391
20.7459100001
34.2199
12.99716
11.58532
11.5502300001
3.99974
6.59499000001
31.37679
13.80175
13.14497
4.35177999991
