25.29096
35.9946
19.8618899999
42.4222699999
12.6744600001
9.84343000001
27.29074
7.50926999992
36.0061199999
36.45395
33.2393400001
10.9247
32.6227299999
11.44478
15.96311
38.6640699999
22.9495699999
18.90472
19.1837000001
30.19656
21.0251199999
14.71546
15.29391
8.29345999996
5.41016000009
7.68972000002
11.5126499999
19.3067200001
4.91792999988
15.53519
12.85607
15.1978999999
17.9763100001
24.16822
9.97724000004
12.33065
13.08743
8.58259000001
21.6950600001
16.8632200001
6.76037999999
39.14893
21.09329
44.85223
13.24889
18.5302200001
8.0816899999
10.5029
11.80895
10.2868100001
