18.9710499999
11.3509300001
10.73885
23.48459
5.2082900001
17.85688
16.83614
19.79525
5.25104999996
10.78144
22.40056
8.57721000002
16.8099
23.0749300001
22.00561
14.3346200001
15.00988
40.77199
47.94972
14.62165
30.17356
15.29242
23.78292
13.46199
6.77921000007
9.54634
13.1586000001
8.80582999997
43.17979
9.44923000003
31.2252
5.51220999996
17.31199
16.83525
15.72559
42.1742499999
12.2752500001
7.85964000004
9.15931000002
11.1986599999
20.00512
9.59504000004
15.66166
13.80025
23.70154
5.73343000002
10.4316
16.4810800001
10.1627900001
12.29766
