32.6420999999
19.9531
27.07181
25.35092
24.7232299999
27.3397700001
23.9818000001
20.4655200001
40.73576
12.70728
19.6928799999
20.70109
41.26692
22.5853799999
29.09401
19.0123300001
35.52891
36.07011
25.7514600001
31.31059
26.15994
18.4617999999
27.50459
17.55755
23.14668
26.91061
31.8618200001
32.65264
20.5351200001
23.30168
27.20175
24.23621
25.86957
26.17623
29.5032799999
25.60603
30.00079
20.96736
26.1860000001
17.8223199999
26.19279
10.97439
20.53871
27.03471
14.0256000001
26.22802
33.6295099999
25.7481
27.6380200001
21.9458999999
