12.45235
20.10164
24.21526
17.4016099999
15.4633500001
23.2138700001
19.2238100001
26.00296
22.89431
13.48464
21.9842600001
20.6579199999
27.11821
20.06576
28.99707
21.9198600001
24.39092
23.01657
33.89674
33.2151499999
28.73647
16.48829
22.32377
33.72594
27.78132
32.47996
27.5175600001
30.1550299999
17.3415300001
22.98344
28.32684
27.29921
30.90888
15.6503899998
30.19864
28.7444199999
21.6974800001
19.8922299999
40.88477
24.09351
17.1084
22.8361000001
30.31774
19.9212799999
31.5088299999
26.13174
30.93993
20.56009
29.2732599999
11.86395
