34.10146
24.85476
21.8113800001
22.6961300001
18.17272
26.0427400001
25.70039
25.79368
21.40354
34.19945
15.45374
29.95972
19.8783499999
11.10081
17.03397
21.0553599999
29.3636299999
21.4815799999
18.91102
24.96554
32.4259700001
22.2191199999
29.14243
22.71739
30.4940300001
32.5417500001
18.1619700001
33.2345
28.6736100001
33.486
31.47848
27.5524100001
24.7006900001
23.4253999999
22.38495
21.59494
34.1139100001
28.89301
29.5835600002
36.71696
26.5702200001
33.9438
24.48041
24.67137
30.47094
36.12395
22.27059
22.28029
20.2487300001
23.09294
