14.00942
28.0057600001
22.55852
26.7541100001
26.2507
18.02621
29.6023800001
14.99009
28.11658
35.8813600001
22.2897300001
20.4482500001
29.47251
30.5313
26.2146899999
32.27171
23.1544299999
23.19864
27.5599400001
32.0101700001
33.94657
40.3820999999
18.91107
16.5667
26.7032
14.39534
25.1627299999
17.6148999999
31.65841
32.23133
27.85614
22.2734099999
29.11369
28.56699
22.13923
21.17006
23.20818
27.4470899999
26.3915800001
30.9599699999
30.1486899999
28.71733
24.2725
31.30099
21.3205
28.2406400001
28.3098800001
19.8494299999
39.4696299999
9.00086000003
