17.44648
19.57149
24.7337099999
19.5994300002
30.8629000001
37.83444
25.6629100001
27.8213899999
29.28473
27.6950600001
28.84821
17.4782
22.8013599999
29.50745
27.8358700001
21.4528900001
24.44099
23.99766
21.6023499999
9.19429000001
25.6116100001
22.75784
15.29967
23.21224
28.9578500001
21.73063
21.47036
10.9336100001
7.75225999998
21.60419
22.6343499999
33.16798
24.12092
34.9177799999
21.0337
22.25581
22.7025600001
17.7064200001
24.3933699998
26.8066100001
15.46154
27.31895
26.0005000001
27.8068599999
29.9328299999
26.13125
29.94703
26.4590200001
28.64261
31.5428599999
