31.93577
24.60647
31.16915
31.3757100001
19.56317
8.53609000007
31.9504500001
28.43243
18.8866
23.4209499999
12.6343699999
26.59527
22.8221100001
17.8681000001
25.24454
29.0157699999
22.76742
31.20242
9.30670000007
30.00928
26.62211
23.3291000001
26.62242
24.79099
25.3087000001
26.1394699999
35.468
32.1351900001
29.30382
21.4186499999
27.5356200001
28.59326
27.3091399999
31.6844799998
19.6646299999
30.2483699999
25.86375
22.06056
37.62844
28.25229
36.64461
35.6238600001
30.65772
19.48658
30.62132
24.14825
35.45093
17.8911400001
21.19814
17.8583900001
