26.93209
29.2385799999
24.67664
31.6892
35.67044
23.22435
28.97494
19.9016399999
25.4054
19.79996
13.40113
25.34424
28.9322200001
27.69531
22.5276999999
37.1550599999
17.3413199999
38.83753
21.84433
31.8912999999
23.64462
23.2190800001
26.02425
28.00497
25.5649699999
24.61334
22.44667
12.0011699999
12.09092
26.7503100001
27.4527899999
27.6768700001
30.1958499999
24.03121
42.80157
41.6282200001
20.13108
33.5665599999
19.3604799999
34.0074100001
23.80805
27.87506
29.2367699998
25.75232
29.6672799999
15.8990999999
33.33754
19.3960599999
27.8202200001
14.10155
