33.41264
15.01417
18.60483
26.51148
18.4895499999
21.41916
29.01732
32.61835
22.6975
32.5911200001
18.44153
14.2529800001
17.45848
27.4165499998
27.8095999999
19.0814599999
18.30402
18.8638599999
20.13877
24.8250299999
21.8302199999
18.6177499999
23.05508
23.11657
25.5277499999
25.15741
35.92182
32.26764
19.5618300001
24.14379
8.56068999995
22.73904
26.26611
10.7264299999
29.9065200001
16.5816800001
40.06253
41.54904
20.76669
14.99188
36.0076199999
21.35496
26.0265
17.96817
26.2999999999
14.86809
19.2501000001
41.6670900001
29.0586700001
21.28561
