25.6838800001
22.8603299999
22.85145
23.53876
19.47711
36.2179700001
24.16981
24.9716800001
26.2907600001
30.93287
13.6020500001
26.6535599999
34.4052100001
22.75076
31.9859800001
26.24041
28.18903
31.0579799999
31.9255899999
33.09082
25.5316099999
36.69995
24.9213500001
25.8781499999
29.7071
12.79625
26.6805499999
28.38237
24.4391999999
21.88617
28.1552799998
27.03249
21.21749
25.36389
29.64929
26.0652099999
23.9775599999
22.3162700001
17.13716
25.72792
34.0297000001
38.63184
29.40335
20.0754099999
15.01952
15.3137999999
22.25583
20.9305799999
31.9248800001
29.2597099999
