27.41047
35.05909
23.1203600001
23.9813900001
27.1925
23.35061
23.26183
29.61849
17.8162799999
23.4987400001
34.29837
32.04324
29.24154
24.43018
32.23421
24.58719
36.9129
32.8166500001
23.1346399999
27.96997
24.3550499999
32.46991
20.96143
35.10679
25.2815200001
25.89034
28.82059
28.9914999999
34.40941
19.11337
20.15558
20.61063
25.8746699999
20.0657299999
23.1941600001
29.0052700001
31.62293
13.1373399999
27.27264
31.4858200001
33.61492
23.6033600001
38.6145499999
28.9880199999
23.21743
23.1825900001
31.7031699999
21.71104
16.88806
26.0161899999
