38.0758000001
24.5835900001
29.7420499998
30.7488599999
20.9763900001
31.26442
26.93926
16.9043500001
16.93888
27.17802
28.3263000001
23.0928400001
18.8917
35.88293
16.98888
40.2032
30.5771499999
31.87736
31.01593
26.49026
23.6844500002
21.8974399999
35.1677699999
23.02785
25.38118
28.94174
23.8343399999
26.3260400001
22.46317
29.02653
22.59393
23.5823400001
33.2245600001
28.3798700001
31.94784
20.9241000001
25.3244299999
22.36442
21.3844499999
23.9619900001
32.94729
9.23205000011
17.6277000001
25.1150199999
40.9862299999
34.1605100001
22.93574
31.02416
31.0991999999
27.23662
