36.0294
27.0528000001
32.05507
25.78451
15.2988699999
25.25148
24.5316699999
27.48382
26.8970800001
19.2222699999
10.34381
20.11263
21.98667
30.0741999999
33.26771
14.3389799999
25.5782299999
26.60643
23.1489899999
41.5555000001
12.33834
20.6298600001
23.09491
31.46738
30.32603
24.38235
20.48312
26.5203499999
30.52333
12.22612
19.91601
16.0913900001
28.86745
29.6969300001
26.89931
25.7467100001
24.78309
21.4246500001
20.9642100001
25.1967500001
14.77076
20.22927
22.32955
24.01271
28.3898700001
31.26054
32.35633
32.1998200001
16.7882600001
22.97064
