15.2567700001
15.7395399999
30.9308600001
30.5331199999
20.38345
30.8980200001
27.34559
14.5349200001
34.03815
19.77485
21.8869599999
25.61226
24.7482500001
26.4185199999
37.88369
26.836
21.22146
29.52585
21.8870400001
21.3774799999
38.01216
29.0194
18.3525500001
28.23973
25.3648100001
15.23063
22.9912100001
13.6370700001
30.68457
28.6344900002
27.87131
29.2003199999
30.0601999999
31.23243
34.36276
29.0976400001
20.38893
20.6342
23.87145
17.4558200001
41.75661
10.1232700001
27.00145
33.06751
18.9971100001
24.11704
21.9961699999
16.95556
29.16292
30.96912
