31.45378
15.2189900001
16.81339
15.9788
30.51283
30.1453
23.99826
24.0625999999
28.73873
16.2136199999
33.06577
13.5810499999
19.1150400001
26.05986
26.35462
19.4975399999
19.33887
32.46701
18.5736499999
28.2489399998
39.75459
30.81442
23.4371900001
20.62378
31.2163099999
17.0708700001
29.51803
11.5740399999
17.47853
38.0862500001
12.1152400001
29.05999
24.60351
13.6620700001
30.25899
31.99939
35.8224000001
31.3197199999
19.7315100001
19.87413
28.82566
19.7411399999
28.47699
13.36169
28.1609600001
20.4746600001
26.4737000001
21.8043999999
18.50081
23.0639000001
