25.84812
27.10179
39.0159799999
26.23338
16.59051
44.9077300001
30.4751299999
19.57106
19.23674
7.77475999994
22.6065699999
13.2900899999
34.5514400001
20.93089
26.8200300001
38.1598299999
13.0825100001
23.76362
21.5755299999
35.14968
20.0584400001
27.83315
33.0722700001
24.57768
31.8557200001
31.43527
17.4163200001
31.41362
24.3420899999
16.09259
29.2152799999
21.5351100001
25.78208
27.8410799999
26.0383300001
26.5054200001
30.4730700001
25.0706100001
22.5421900001
21.42427
22.24009
25.53568
28.7156999999
23.57819
25.6581
33.1217499999
26.6704299999
28.4855600001
18.8922900001
38.93754
