42.25197
18.3850799999
17.98381
20.42322
24.5356299998
31.9585600001
28.6854599999
31.5723100001
20.4630099999
31.1673900001
31.3096899999
21.57351
29.4360400001
25.1995699999
23.96057
23.7854000001
24.3002099999
31.6723100001
29.5290100001
28.98973
37.5828699999
23.1430400001
24.5227699999
22.4407799999
28.87766
14.1886399998
33.4628
15.7053800001
24.16053
29.7376400001
25.52489
33.71566
16.6669699999
32.63638
15.35814
22.0697799999
19.82959
18.07235
41.42227
25.42286
32.8379299999
31.0235700001
29.1145199999
19.8427699999
30.40755
34.13896
27.29262
30.72094
21.9942900001
29.22456
