32.6420999999
19.9531
27.07181
25.35092
24.7232299999
27.3397700001
23.9818000001
20.4655200001
40.73576
12.70728
19.6928799999
20.70109
41.26692
22.5853799999
29.09401
19.0123300001
35.52891
36.07011
25.7514600001
31.31059
26.15994
18.4617999999
27.50459
17.55755
23.14668
26.91061
31.8618200001
32.65264
20.5351200001
23.30168
27.20175
24.23621
25.86957
26.17623
29.5032799999
25.60603
30.00079
20.96736
26.1860000001
17.8223199999
26.19279
10.97439
20.53871
27.03471
14.0256000001
26.22802
33.6295099999
25.7481
27.6380200001
21.9458999999
25.6838800001
22.8603299999
22.85145
23.53876
19.47711
36.2179700001
24.16981
24.9716800001
26.2907600001
30.93287
13.6020500001
26.6535599999
34.4052100001
22.75076
31.9859800001
26.24041
28.18903
31.0579799999
31.9255899999
33.09082
25.5316099999
36.69995
24.9213500001
25.8781499999
29.7071
12.79625
26.6805499999
28.38237
24.4391999999
21.88617
28.1552799998
27.03249
21.21749
25.36389
29.64929
26.0652099999
23.9775599999
22.3162700001
17.13716
25.72792
34.0297000001
38.63184
29.40335
20.0754099999
15.01952
15.3137999999
22.25583
20.9305799999
31.9248800001
29.2597099999
42.25197
18.3850799999
17.98381
20.42322
24.5356299998
31.9585600001
28.6854599999
31.5723100001
20.4630099999
31.1673900001
31.3096899999
21.57351
29.4360400001
25.1995699999
23.96057
23.7854000001
24.3002099999
31.6723100001
29.5290100001
28.98973
37.5828699999
23.1430400001
24.5227699999
22.4407799999
28.87766
14.1886399998
33.4628
15.7053800001
24.16053
29.7376400001
25.52489
33.71566
16.6669699999
32.63638
15.35814
22.0697799999
19.82959
18.07235
41.42227
25.42286
32.8379299999
31.0235700001
29.1145199999
19.8427699999
30.40755
34.13896
27.29262
30.72094
21.9942900001
29.22456
31.74081
27.2311999999
17.85685
29.3665499999
12.93761
29.18125
14.64845
22.308
14.99194
9.51069000002
25.96188
16.6618700002
27.65428
32.66276
30.6641100001
21.0604000001
31.3727399999
39.39691
17.8779399999
20.2626499999
27.1891
21.3846699999
26.50391
27.7992799999
22.24989
20.9564199999
7.92034000007
26.89472
22.72884
29.9129600001
21.6079600001
26.3664299999
21.623
30.68267
27.2971499999
28.8448699999
14.7387000001
34.6648499999
27.78606
27.3115699999
19.5891800001
12.65451
20.9927600001
23.7374099999
15.90403
26.10158
21.1774099999
19.12509
27.4469100001
20.67058
25.84812
27.10179
39.0159799999
26.23338
16.59051
44.9077300001
30.4751299999
19.57106
19.23674
7.77475999994
22.6065699999
13.2900899999
34.5514400001
20.93089
26.8200300001
38.1598299999
13.0825100001
23.76362
21.5755299999
35.14968
20.0584400001
27.83315
33.0722700001
24.57768
31.8557200001
31.43527
17.4163200001
31.41362
24.3420899999
16.09259
29.2152799999
21.5351100001
25.78208
27.8410799999
26.0383300001
26.5054200001
30.4730700001
25.0706100001
22.5421900001
21.42427
22.24009
25.53568
28.7156999999
23.57819
25.6581
33.1217499999
26.6704299999
28.4855600001
18.8922900001
38.93754
38.0758000001
24.5835900001
29.7420499998
30.7488599999
20.9763900001
31.26442
26.93926
16.9043500001
16.93888
27.17802
28.3263000001
23.0928400001
18.8917
35.88293
16.98888
40.2032
30.5771499999
31.87736
31.01593
26.49026
23.6844500002
21.8974399999
35.1677699999
23.02785
25.38118
28.94174
23.8343399999
26.3260400001
22.46317
29.02653
22.59393
23.5823400001
33.2245600001
28.3798700001
31.94784
20.9241000001
25.3244299999
22.36442
21.3844499999
23.9619900001
32.94729
9.23205000011
17.6277000001
25.1150199999
40.9862299999
34.1605100001
22.93574
31.02416
31.0991999999
27.23662
36.0294
27.0528000001
32.05507
25.78451
15.2988699999
25.25148
24.5316699999
27.48382
26.8970800001
19.2222699999
10.34381
20.11263
21.98667
30.0741999999
33.26771
14.3389799999
25.5782299999
26.60643
23.1489899999
41.5555000001
12.33834
20.6298600001
23.09491
31.46738
30.32603
24.38235
20.48312
26.5203499999
30.52333
12.22612
19.91601
16.0913900001
28.86745
29.6969300001
26.89931
25.7467100001
24.78309
21.4246500001
20.9642100001
25.1967500001
14.77076
20.22927
22.32955
24.01271
28.3898700001
31.26054
32.35633
32.1998200001
16.7882600001
22.97064
31.93577
24.60647
31.16915
31.3757100001
19.56317
8.53609000007
31.9504500001
28.43243
18.8866
23.4209499999
12.6343699999
26.59527
22.8221100001
17.8681000001
25.24454
29.0157699999
22.76742
31.20242
9.30670000007
30.00928
26.62211
23.3291000001
26.62242
24.79099
25.3087000001
26.1394699999
35.468
32.1351900001
29.30382
21.4186499999
27.5356200001
28.59326
27.3091399999
31.6844799998
19.6646299999
30.2483699999
25.86375
22.06056
37.62844
28.25229
36.64461
35.6238600001
30.65772
19.48658
30.62132
24.14825
35.45093
17.8911400001
21.19814
17.8583900001
27.41047
35.05909
23.1203600001
23.9813900001
27.1925
23.35061
23.26183
29.61849
17.8162799999
23.4987400001
34.29837
32.04324
29.24154
24.43018
32.23421
24.58719
36.9129
32.8166500001
23.1346399999
27.96997
24.3550499999
32.46991
20.96143
35.10679
25.2815200001
25.89034
28.82059
28.9914999999
34.40941
19.11337
20.15558
20.61063
25.8746699999
20.0657299999
23.1941600001
29.0052700001
31.62293
13.1373399999
27.27264
31.4858200001
33.61492
23.6033600001
38.6145499999
28.9880199999
23.21743
23.1825900001
31.7031699999
21.71104
16.88806
26.0161899999
14.00942
28.0057600001
22.55852
26.7541100001
26.2507
18.02621
29.6023800001
14.99009
28.11658
35.8813600001
22.2897300001
20.4482500001
29.47251
30.5313
26.2146899999
32.27171
23.1544299999
23.19864
27.5599400001
32.0101700001
33.94657
40.3820999999
18.91107
16.5667
26.7032
14.39534
25.1627299999
17.6148999999
31.65841
32.23133
27.85614
22.2734099999
29.11369
28.56699
22.13923
21.17006
23.20818
27.4470899999
26.3915800001
30.9599699999
30.1486899999
28.71733
24.2725
31.30099
21.3205
28.2406400001
28.3098800001
19.8494299999
39.4696299999
9.00086000003
33.41264
15.01417
18.60483
26.51148
18.4895499999
21.41916
29.01732
32.61835
22.6975
32.5911200001
18.44153
14.2529800001
17.45848
27.4165499998
27.8095999999
19.0814599999
18.30402
18.8638599999
20.13877
24.8250299999
21.8302199999
18.6177499999
23.05508
23.11657
25.5277499999
25.15741
35.92182
32.26764
19.5618300001
24.14379
8.56068999995
22.73904
26.26611
10.7264299999
29.9065200001
16.5816800001
40.06253
41.54904
20.76669
14.99188
36.0076199999
21.35496
26.0265
17.96817
26.2999999999
14.86809
19.2501000001
41.6670900001
29.0586700001
21.28561
23.53942
25.2561499999
30.4704
16.0929400001
20.13461
18.5540199999
36.6031900001
28.9530399999
28.83367
30.7428
33.91235
27.5603400001
26.7687200001
33.7169199999
33.25087
25.32465
31.6211399999
27.59088
22.05538
24.04447
30.67518
34.6582300001
31.63385
16.77912
18.88746
21.7120099999
26.89425
29.2431700001
20.15763
17.10673
7.91882000002
38.6633900001
17.92853
28.8977200001
22.0534600001
34.9227499999
12.06059
15.47992
32.91949
43.92794
24.5804499999
39.7483699999
26.2957
21.12164
23.2814100001
28.3375199999
30.5587599998
14.4526300001
23.714
24.64756
26.93209
29.2385799999
24.67664
31.6892
35.67044
23.22435
28.97494
19.9016399999
25.4054
19.79996
13.40113
25.34424
28.9322200001
27.69531
22.5276999999
37.1550599999
17.3413199999
38.83753
21.84433
31.8912999999
23.64462
23.2190800001
26.02425
28.00497
25.5649699999
24.61334
22.44667
12.0011699999
12.09092
26.7503100001
27.4527899999
27.6768700001
30.1958499999
24.03121
42.80157
41.6282200001
20.13108
33.5665599999
19.3604799999
34.0074100001
23.80805
27.87506
29.2367699998
25.75232
29.6672799999
15.8990999999
33.33754
19.3960599999
27.8202200001
14.10155
34.10146
24.85476
21.8113800001
22.6961300001
18.17272
26.0427400001
25.70039
25.79368
21.40354
34.19945
15.45374
29.95972
19.8783499999
11.10081
17.03397
21.0553599999
29.3636299999
21.4815799999
18.91102
24.96554
32.4259700001
22.2191199999
29.14243
22.71739
30.4940300001
32.5417500001
18.1619700001
33.2345
28.6736100001
33.486
31.47848
27.5524100001
24.7006900001
23.4253999999
22.38495
21.59494
34.1139100001
28.89301
29.5835600002
36.71696
26.5702200001
33.9438
24.48041
24.67137
30.47094
36.12395
22.27059
22.28029
20.2487300001
23.09294
20.71306
28.70383
18.9472500001
21.14887
30.8300599999
28.10563
18.03934
30.4956700001
24.80496
8.61181000003
23.84277
35.6764900001
22.5082800001
30.12313
25.8605899998
27.36694
33.8887
31.08537
21.7791700001
20.27167
26.3392200001
24.54869
18.2456799999
27.49466
24.1444100001
20.0427300001
18.1458599999
11.4420300002
25.7061
16.73347
25.22795
27.5571
24.2575999999
35.9855299999
24.6744200001
22.40775
28.7532500001
22.09219
31.80079
24.9813400001
24.0877400001
24.2625200001
35.23762
31.9061499999
26.19756
14.23254
32.71589
34.2043600001
16.64075
25.4058099999
15.2567700001
15.7395399999
30.9308600001
30.5331199999
20.38345
30.8980200001
27.34559
14.5349200001
34.03815
19.77485
21.8869599999
25.61226
24.7482500001
26.4185199999
37.88369
26.836
21.22146
29.52585
21.8870400001
21.3774799999
38.01216
29.0194
18.3525500001
28.23973
25.3648100001
15.23063
22.9912100001
13.6370700001
30.68457
28.6344900002
27.87131
29.2003199999
30.0601999999
31.23243
34.36276
29.0976400001
20.38893
20.6342
23.87145
17.4558200001
41.75661
10.1232700001
27.00145
33.06751
18.9971100001
24.11704
21.9961699999
16.95556
29.16292
30.96912
17.44648
19.57149
24.7337099999
19.5994300002
30.8629000001
37.83444
25.6629100001
27.8213899999
29.28473
27.6950600001
28.84821
17.4782
22.8013599999
29.50745
27.8358700001
21.4528900001
24.44099
23.99766
21.6023499999
9.19429000001
25.6116100001
22.75784
15.29967
23.21224
28.9578500001
21.73063
21.47036
10.9336100001
7.75225999998
21.60419
22.6343499999
33.16798
24.12092
34.9177799999
21.0337
22.25581
22.7025600001
17.7064200001
24.3933699998
26.8066100001
15.46154
27.31895
26.0005000001
27.8068599999
29.9328299999
26.13125
29.94703
26.4590200001
28.64261
31.5428599999
27.90293
25.6731400001
24.85366
12.3960900001
20.5753800001
20.3950199999
20.34616
19.58262
7.85545000003
24.7580500001
33.8892000001
23.0369099999
13.8744900001
18.3454699999
26.8795200001
39.84641
17.6677400001
28.9636200001
31.27368
24.7195499999
24.9849899999
14.7199900001
24.61859
34.7944400001
19.90484
23.3642900001
20.3145099999
22.37079
21.4598899999
26.65932
15.5737900001
30.36864
27.29313
26.90203
25.2569700001
24.1707400001
26.3923899999
19.0856600001
11.9956199999
10.9097999999
36.1491
30.2550799998
20.90052
21.3203100001
29.59121
28.3555800001
28.60826
23.34231
13.2327299999
14.97722
31.45378
15.2189900001
16.81339
15.9788
30.51283
30.1453
23.99826
24.0625999999
28.73873
16.2136199999
33.06577
13.5810499999
19.1150400001
26.05986
26.35462
19.4975399999
19.33887
32.46701
18.5736499999
28.2489399998
39.75459
30.81442
23.4371900001
20.62378
31.2163099999
17.0708700001
29.51803
11.5740399999
17.47853
38.0862500001
12.1152400001
29.05999
24.60351
13.6620700001
30.25899
31.99939
35.8224000001
31.3197199999
19.7315100001
19.87413
28.82566
19.7411399999
28.47699
13.36169
28.1609600001
20.4746600001
26.4737000001
21.8043999999
18.50081
23.0639000001
12.45235
20.10164
24.21526
17.4016099999
15.4633500001
23.2138700001
19.2238100001
26.00296
22.89431
13.48464
21.9842600001
20.6579199999
27.11821
20.06576
28.99707
21.9198600001
24.39092
23.01657
33.89674
33.2151499999
28.73647
16.48829
22.32377
33.72594
27.78132
32.47996
27.5175600001
30.1550299999
17.3415300001
22.98344
28.32684
27.29921
30.90888
15.6503899998
30.19864
28.7444199999
21.6974800001
19.8922299999
40.88477
24.09351
17.1084
22.8361000001
30.31774
19.9212799999
31.5088299999
26.13174
30.93993
20.56009
29.2732599999
11.86395
