31.74081
27.2311999999
17.85685
29.3665499999
12.93761
29.18125
14.64845
22.308
14.99194
9.51069000002
25.96188
16.6618700002
27.65428
32.66276
30.6641100001
21.0604000001
31.3727399999
39.39691
17.8779399999
20.2626499999
27.1891
21.3846699999
26.50391
27.7992799999
22.24989
20.9564199999
7.92034000007
26.89472
22.72884
29.9129600001
21.6079600001
26.3664299999
21.623
30.68267
27.2971499999
28.8448699999
14.7387000001
34.6648499999
27.78606
27.3115699999
19.5891800001
12.65451
20.9927600001
23.7374099999
15.90403
26.10158
21.1774099999
19.12509
27.4469100001
20.67058
