20.71306
28.70383
18.9472500001
21.14887
30.8300599999
28.10563
18.03934
30.4956700001
24.80496
8.61181000003
23.84277
35.6764900001
22.5082800001
30.12313
25.8605899998
27.36694
33.8887
31.08537
21.7791700001
20.27167
26.3392200001
24.54869
18.2456799999
27.49466
24.1444100001
20.0427300001
18.1458599999
11.4420300002
25.7061
16.73347
25.22795
27.5571
24.2575999999
35.9855299999
24.6744200001
22.40775
28.7532500001
22.09219
31.80079
24.9813400001
24.0877400001
24.2625200001
35.23762
31.9061499999
26.19756
14.23254
32.71589
34.2043600001
16.64075
25.4058099999
