23.53942
25.2561499999
30.4704
16.0929400001
20.13461
18.5540199999
36.6031900001
28.9530399999
28.83367
30.7428
33.91235
27.5603400001
26.7687200001
33.7169199999
33.25087
25.32465
31.6211399999
27.59088
22.05538
24.04447
30.67518
34.6582300001
31.63385
16.77912
18.88746
21.7120099999
26.89425
29.2431700001
20.15763
17.10673
7.91882000002
38.6633900001
17.92853
28.8977200001
22.0534600001
34.9227499999
12.06059
15.47992
32.91949
43.92794
24.5804499999
39.7483699999
26.2957
21.12164
23.2814100001
28.3375199999
30.5587599998
14.4526300001
23.714
24.64756
