27.90293
25.6731400001
24.85366
12.3960900001
20.5753800001
20.3950199999
20.34616
19.58262
7.85545000003
24.7580500001
33.8892000001
23.0369099999
13.8744900001
18.3454699999
26.8795200001
39.84641
17.6677400001
28.9636200001
31.27368
24.7195499999
24.9849899999
14.7199900001
24.61859
34.7944400001
19.90484
23.3642900001
20.3145099999
22.37079
21.4598899999
26.65932
15.5737900001
30.36864
27.29313
26.90203
25.2569700001
24.1707400001
26.3923899999
19.0856600001
11.9956199999
10.9097999999
36.1491
30.2550799998
20.90052
21.3203100001
29.59121
28.3555800001
28.60826
23.34231
13.2327299999
14.97722
