28.00839
19.32896
14.4539999999
41.28575
29.31024
18.76932
32.6582000001
27.7702700001
26.2529999999
18.8352699999
31.28744
32.8632299999
26.7663200001
34.02486
19.24074
23.04414
20.9475
33.3558
28.38676
25.25842
22.2966199999
27.63804
35.0166900001
27.6567299999
28.96548
24.75248
24.5967199999
16.69914
19.98879
23.86959
23.1581400001
23.2574400001
36.40885
30.84743
24.5072799999
31.4979999999
26.54107
29.65299
11.96531
20.3671200001
16.77744
16.8203199999
28.24428
22.98768
25.41463
19.82461
20.45868
31.02783
33.4259399999
11.84641
