23.36433
34.24603
18.5032999999
21.10304
27.2986399999
27.38395
25.9621100001
29.0488899999
13.91035
20.7967000001
26.23543
26.2383999999
9.84912999999
27.3736
8.84644999995
22.36038
22.1002300001
36.13252
25.2230900001
16.84387
26.70152
27.2905000001
18.45026
23.9090100001
30.95111
22.73811
25.54555
17.67865
31.03263
8.43627000006
31.5602399999
25.81537
26.89063
18.82678
14.12864
23.54554
22.83621
14.85104
26.3191199999
29.2994200001
31.47694
42.9853599999
31.9968099999
20.27627
11.0824699999
25.4425700001
25.6934
9.65981999994
17.42782
22.05878
