25.0444199999
19.3652
29.2931800002
16.36381
28.10416
21.80514
37.9153199999
30.41481
10.88451
27.9121999999
28.26978
31.4738100001
38.3438700001
23.5070499999
32.9914299999
24.6442399999
8.93087000004
22.7724099999
26.9464799999
32.33461
16.2346800001
24.2504500001
26.60457
6.89532999997
24.47046
23.30645
19.56673
24.63023
28.0947
21.6518600001
19.9984599999
24.6080100001
22.9710700001
20.0570500001
20.9736500001
28.3176399999
36.7344899999
26.7468300001
18.37102
21.15269
16.59081
23.9669700001
29.60945
22.5351099999
24.57112
20.43174
24.7413000001
26.16101
29.8636
18.8171700001
30.2470100001
9.29671999998
21.37398
25.93846
27.3683300001
25.23326
14.5342399999
9.01017000002
16.1942200001
20.5526299999
24.11328
23.81225
21.7194700001
25.40417
23.4730100001
30.36307
27.12991
18.28276
27.93303
25.31746
23.67703
29.0650899999
25.1320600001
25.1577699999
21.27095
18.04626
24.45467
18.6305099999
23.74014
35.27965
24.3077400001
21.27563
19.6091799999
25.3578699999
36.8904700001
27.92383
27.79288
30.0808299999
28.51908
23.8404499998
28.7536899999
29.8639900001
30.6055299999
18.0071
28.50668
26.9571
19.2002900001
18.71532
16.3307500001
21.9582699999
24.4633500001
29.99334
7.64480000001
16.16957
17.32759
33.5740599999
17.6599900001
21.61431
20.9662500001
30.6885
32.30857
25.06534
17.7461499999
23.5815499999
8.99037999997
32.0628999999
20.19482
20.2048300001
17.21922
41.32796
12.0969700001
20.2139000001
20.3859600001
28.9321
22.1510600001
30.4830100001
9.08155999996
28.78946
20.9161300001
28.7724199998
23.17636
38.4328000001
25.21802
24.6294799999
21.4457299999
20.13619
34.49579
27.2844100001
35.0778799999
33.55319
14.9130699999
12.76
23.5177299998
36.78574
32.6978999999
34.60916
26.45566
8.69220000005
29.0301300001
23.12115
14.9119099999
29.97396
25.2272600001
29.12526
26.15063
14.06488
31.4293699999
19.4560500002
24.4406
32.20325
30.5035699999
21.7005599999
16.8568599999
20.01599
18.5314699999
24.38844
15.8508100001
27.17721
29.67447
13.37596
28.72685
32.5795399999
17.13768
31.3967500001
21.8324899999
33.5703200001
26.27035
31.097
21.6644400001
27.0699799999
20.8495799999
32.21569
29.05892
20.7407000001
32.04847
26.6043
11.7249
22.47672
16.41779
23.49916
33.9295699999
21.8165999999
26.77782
27.8757500001
23.9024799999
24.77859
13.16044
25.53334
26.41897
22.1587499999
23.36433
34.24603
18.5032999999
21.10304
27.2986399999
27.38395
25.9621100001
29.0488899999
13.91035
20.7967000001
26.23543
26.2383999999
9.84912999999
27.3736
8.84644999995
22.36038
22.1002300001
36.13252
25.2230900001
16.84387
26.70152
27.2905000001
18.45026
23.9090100001
30.95111
22.73811
25.54555
17.67865
31.03263
8.43627000006
31.5602399999
25.81537
26.89063
18.82678
14.12864
23.54554
22.83621
14.85104
26.3191199999
29.2994200001
31.47694
42.9853599999
31.9968099999
20.27627
11.0824699999
25.4425700001
25.6934
9.65981999994
17.42782
22.05878
24.8678
31.95126
14.2046300001
24.48578
28.62948
17.0954699999
15.22025
26.0827599999
23.2430500002
23.75367
27.73034
30.3199
16.8496599999
24.2779900001
29.72655
23.5222
18.4644000001
26.71005
14.12445
24.0845
22.20863
22.5191200001
26.9789300001
28.39253
23.0560800001
22.1480299999
26.2378499999
22.5325199999
25.4993499999
29.7646699999
8.61112999998
27.35838
25.98638
32.9080599999
20.44927
27.02665
25.63507
31.8573099999
23.88873
22.0849199999
23.3721
31.7385100001
30.2785499999
23.11561
27.2572699999
28.6891600001
29.0347699999
23.2231500001
17.2871599999
22.5029500001
28.00839
19.32896
14.4539999999
41.28575
29.31024
18.76932
32.6582000001
27.7702700001
26.2529999999
18.8352699999
31.28744
32.8632299999
26.7663200001
34.02486
19.24074
23.04414
20.9475
33.3558
28.38676
25.25842
22.2966199999
27.63804
35.0166900001
27.6567299999
28.96548
24.75248
24.5967199999
16.69914
19.98879
23.86959
23.1581400001
23.2574400001
36.40885
30.84743
24.5072799999
31.4979999999
26.54107
29.65299
11.96531
20.3671200001
16.77744
16.8203199999
28.24428
22.98768
25.41463
19.82461
20.45868
31.02783
33.4259399999
11.84641
21.6561599999
33.0392199999
25.47085
19.71131
28.0329400001
19.8849899999
28.5719699999
26.17733
29.2769899999
28.32427
29.66496
21.1109799999
25.7188199998
31.24139
20.84409
33.21589
24.31083
31.68389
25.70497
23.01683
23.98292
26.3679699999
23.19601
18.49766
22.9675700001
6.40281999996
32.2314999999
32.55846
21.76407
12.56376
32.66631
24.5247799999
33.26098
30.40599
27.1382
19.8228900001
33.38828
21.63317
13.83458
22.9747299999
11.11587
25.57184
14.55099
12.84799
25.4599
11.3854200001
19.36476
40.7234299999
29.0115500001
29.61009
31.8306600001
15.56416
23.43349
30.0721499999
27.2811199999
19.11129
7.04438000009
24.1344399999
29.67456
33.5502199999
9.04509999999
47.0374100001
30.39686
34.45886
32.49274
29.63214
31.47539
34.68037
20.43232
22.12373
21.3135099999
21.17353
19.5851599999
35.877
11.53223
18.2855499999
20.79889
15.3333399999
23.72431
33.46325
11.73979
24.7226400001
9.44869999995
32.2041900001
28.3443999998
27.4981600001
29.2986600001
23.55588
23.48854
24.0382000001
30.9023900001
29.52616
20.96545
29.2748300001
22.1815300001
13.45546
30.45967
20.2386500001
32.53496
29.39156
26.07112
16.0592799999
21.9742000001
21.2076399999
31.8694
21.65209
33.11717
26.35193
22.76562
21.8252399999
38.11324
15.74872
27.8935100001
19.03227
24.60197
23.8978200001
30.99541
26.36764
30.3936699999
24.6752300001
19.3114100001
32.51346
23.9803300002
33.49872
36.7943299999
15.08581
8.43545000011
20.4273399999
23.11389
26.74014
23.8891299999
9.20203000004
11.60187
12.29035
10.6549600001
29.68888
24.87283
22.9970000001
35.9105700001
19.49386
28.5338099999
19.6628400001
31.70002
23.0878699999
16.67013
32.29076
24.9710200001
32.3318800001
31.45015
29.24667
29.58086
32.81895
12.51267
25.31807
30.7017600001
22.97701
20.73332
22.6944399999
44.0009799999
10.9170199999
14.3304
22.3031500001
31.0441300001
19.93833
30.41914
22.8192499999
23.1424400001
29.5954100001
30.7066799999
15.3715599999
19.4657500001
16.86992
22.53833
28.05833
37.79937
14.7696499999
25.99933
25.8494499999
24.19479
24.04839
26.2751199999
27.0520000001
6.33937000006
21.94974
33.2414899999
22.7082400001
23.5874099999
34.27844
21.0546299999
21.438
29.5924399999
28.8821
23.0669799999
16.857
23.0414099999
36.3149600001
25.44429
24.1110800001
7.54413000005
25.6423599999
41.7727600001
26.75131
26.59296
27.5980600001
30.21728
29.18143
33.91466
26.0719300001
30.2029299999
12.2453299999
12.49366
24.82651
27.7362099999
13.58929
29.58719
34.04426
22.35876
26.78983
30.2938499999
19.6967
35.56595
28.5888
31.0776
26.41876
23.0443899999
29.6811800001
17.94267
19.8634899999
23.4063499999
24.6610900001
10.79
9.31108999997
27.0515200001
12.0477499999
19.5722699999
18.3310800001
13.0880799999
27.2803699999
23.04002
19.35179
17.77136
28.01991
51.1117699998
10.67402
38.2584899999
25.2831400001
27.5208300002
31.1902
21.71614
38.0971800002
24.7749099999
24.0533899999
7.79414999997
18.92959
16.40121
28.6920799999
30.4132100001
10.80918
27.4491300001
21.0380800001
7.56729000004
23.07229
20.69112
18.0851900001
25.5244999999
29.5510299999
18.57678
18.4794000001
36.4493999999
26.87004
19.0061699999
33.5806700001
34.3440699999
21.7636300001
30.3818099999
27.17903
21.29924
27.0293000001
10.8616699999
11.43251
22.8779999999
28.0702
18.06262
39.46107
24.9381799999
22.60208
25.6610000001
15.43375
27.6707199999
29.30843
23.1733800001
18.9476
34.0897199999
23.57965
29.31937
26.25928
27.6584599998
26.46326
10.3430499999
21.3500100001
14.86524
19.8583200001
11.0908100001
13.10909
25.3868000001
24.9261400001
28.1703999999
10.1198900001
22.50337
26.3462500001
28.87049
23.54318
26.0832
22.60834
23.2367
21.6704000002
32.9995600001
23.03529
21.7861500001
9.30530999997
23.47092
35.55533
35.48627
14.52853
7.60349000013
26.27596
20.6209
29.0754
27.8483999999
17.377
27.9929399999
24.80055
23.8899900001
15.9090700001
24.9433700001
24.56587
30.68284
10.36407
33.4784
22.85668
18.2427699999
10.63047
15.26111
29.29229
32.99014
16.8844100001
22.90772
16.8693200001
30.07096
11.2912799999
19.1380100001
27.4449100001
38.16143
24.2239699999
35.01741
20.77104
26.7901099999
26.96867
21.16842
21.22837
21.02169
22.73937
10.7864999999
16.72329
25.99365
25.80579
25.59152
16.9272799999
18.3599
24.4842000001
26.06283
32.1204499999
21.2990600001
27.59139
25.94869
15.3911599999
26.4716400001
34.04636
10.97546
26.67085
31.18595
12.72977
20.0845199999
21.9828999999
39.17644
26.09623
19.7626299999
31.89374
25.2429
20.85424
22.62688
34.5749499999
24.6488999999
34.40572
30.5393299999
30.01623
25.7709
21.95318
18.03255
27.8186000001
24.2884600001
30.39023
36.58222
21.64766
25.28961
28.71549
31.9918900001
20.9211
24.2651600001
21.07765
20.22346
14.11469
31.3504499999
18.6171200001
10.38813
22.47215
17.73814
22.81117
12.98916
29.1961899999
19.75289
22.11457
23.0500400001
32.50528
23.9686500001
10.7044700001
6.93734999991
28.77706
27.4172700001
27.06889
21.2096999999
32.7043900001
20.3990000001
16.0203399999
27.78336
28.5099500001
19.8849599999
20.8797999999
26.02412
24.8461099999
23.38335
22.1339799999
16.4865299999
30.1555
24.4226899999
27.86298
29.52024
30.3391699999
37.21614
21.6550099999
23.4907200001
31.84506
31.5533200001
20.39977
35.16079
23.7377100001
15.86598
29.6534699999
15.9484100001
18.0391600002
35.99198
20.88853
13.59537
18.65832
21.87758
28.1956399999
24.88989
15.1005500001
16.2138800002
23.77969
15.1915599999
21.83368
19.5642
28.28158
15.2641499999
27.2177800001
17.1816
15.4330899999
17.02299
21.83127
25.64488
14.56535
35.55443
29.7550100001
19.1100300001
23.4605099999
21.69232
27.21123
28.3097300001
21.3889799999
37.39298
20.5142100001
34.5344799999
31.66781
21.9699400001
20.6635
26.7339100001
36.3678100001
35.1795900001
28.42198
32.87846
25.14286
25.66142
18.48388
26.19671
17.94835
33.3700700001
22.8121100001
25.07238
30.01173
17.38131
18.52086
25.64883
25.49164
25.4722800001
23.0171399999
32.0968800001
24.5201099999
21.5502200001
25.1690900001
22.8704200001
22.48324
19.9561300001
23.69511
29.34954
36.07411
25.64884
7.79151000001
29.6602699999
25.47749
24.10048
27.6028600001
33.9406
20.4497200001
24.2358499999
24.50631
28.0252499999
10.7924799999
20.7779799999
18.93113
10.49269
28.1567699999
30.4711799999
23.3167900001
23.44461
15.7069699999
14.37457
21.38047
25.7316000001
12.81019
25.3478699999
24.19749
20.7612199999
29.0571399999
25.94619
11.02935
21.75249
27.11055
15.94719
13.2627900001
24.5608900001
34.8721599999
27.75841
21.35938
16.6721600001
22.9213299999
25.2458499999
12.5775200002
10.30302
19.73991
20.8654799999
27.74242
27.4184200001
24.9010599999
29.4329600001
26.8543
23.88643
21.2595900001
18.61309
24.7838999999
10.8084400001
23.8263000001
26.2008600001
24.63358
31.0566700001
20.5671199998
20.4850700001
29.87457
32.5620599999
28.20656
16.03436
30.7727
30.5557500001
19.37754
36.5956700001
24.6412900001
12.77435
26.29348
18.0894500001
17.4761600001
23.9428600001
24.07302
29.16692
26.57541
31.75564
15.5925099999
20.4631800001
11.15831
13.26367
22.0713599999
22.76557
25.44196
22.10886
16.41675
23.6579
29.0772300001
30.72375
26.91174
21.39313
27.42183
22.8997000001
19.9200800001
26.08369
23.4235200001
27.13283
18.06115
26.59627
23.7365199999
34.03281
27.8663199999
22.21768
26.33846
21.64303
29.86314
25.29104
10.98499
27.6179599999
20.48086
21.74086
17.00277
8.88024000009
25.64868
22.95462
23.01095
27.2681199999
16.63563
25.4454700002
20.2885800001
27.73177
18.2496699999
