24.7749099999
24.0533899999
7.79414999997
18.92959
16.40121
28.6920799999
30.4132100001
10.80918
27.4491300001
21.0380800001
7.56729000004
23.07229
20.69112
18.0851900001
25.5244999999
29.5510299999
18.57678
18.4794000001
36.4493999999
26.87004
19.0061699999
33.5806700001
34.3440699999
21.7636300001
30.3818099999
27.17903
21.29924
27.0293000001
10.8616699999
11.43251
22.8779999999
28.0702
18.06262
39.46107
24.9381799999
22.60208
25.6610000001
15.43375
27.6707199999
29.30843
23.1733800001
18.9476
34.0897199999
23.57965
29.31937
26.25928
27.6584599998
26.46326
10.3430499999
21.3500100001
