24.2884600001
30.39023
36.58222
21.64766
25.28961
28.71549
31.9918900001
20.9211
24.2651600001
21.07765
20.22346
14.11469
31.3504499999
18.6171200001
10.38813
22.47215
17.73814
22.81117
12.98916
29.1961899999
19.75289
22.11457
23.0500400001
32.50528
23.9686500001
10.7044700001
6.93734999991
28.77706
27.4172700001
27.06889
21.2096999999
32.7043900001
20.3990000001
16.0203399999
27.78336
28.5099500001
19.8849599999
20.8797999999
26.02412
24.8461099999
23.38335
22.1339799999
16.4865299999
30.1555
24.4226899999
27.86298
29.52024
30.3391699999
37.21614
21.6550099999
