19.1380100001
27.4449100001
38.16143
24.2239699999
35.01741
20.77104
26.7901099999
26.96867
21.16842
21.22837
21.02169
22.73937
10.7864999999
16.72329
25.99365
25.80579
25.59152
16.9272799999
18.3599
24.4842000001
26.06283
32.1204499999
21.2990600001
27.59139
25.94869
15.3911599999
26.4716400001
34.04636
10.97546
26.67085
31.18595
12.72977
20.0845199999
21.9828999999
39.17644
26.09623
19.7626299999
31.89374
25.2429
20.85424
22.62688
34.5749499999
24.6488999999
34.40572
30.5393299999
30.01623
25.7709
21.95318
18.03255
27.8186000001
