32.87846
25.14286
25.66142
18.48388
26.19671
17.94835
33.3700700001
22.8121100001
25.07238
30.01173
17.38131
18.52086
25.64883
25.49164
25.4722800001
23.0171399999
32.0968800001
24.5201099999
21.5502200001
25.1690900001
22.8704200001
22.48324
19.9561300001
23.69511
29.34954
36.07411
25.64884
7.79151000001
29.6602699999
25.47749
24.10048
27.6028600001
33.9406
20.4497200001
24.2358499999
24.50631
28.0252499999
10.7924799999
20.7779799999
18.93113
10.49269
28.1567699999
30.4711799999
23.3167900001
23.44461
15.7069699999
14.37457
21.38047
25.7316000001
12.81019
