14.86524
19.8583200001
11.0908100001
13.10909
25.3868000001
24.9261400001
28.1703999999
10.1198900001
22.50337
26.3462500001
28.87049
23.54318
26.0832
22.60834
23.2367
21.6704000002
32.9995600001
23.03529
21.7861500001
9.30530999997
23.47092
35.55533
35.48627
14.52853
7.60349000013
26.27596
20.6209
29.0754
27.8483999999
17.377
27.9929399999
24.80055
23.8899900001
15.9090700001
24.9433700001
24.56587
30.68284
10.36407
33.4784
22.85668
18.2427699999
10.63047
15.26111
29.29229
32.99014
16.8844100001
22.90772
16.8693200001
30.07096
11.2912799999
