23.9428600001
24.07302
29.16692
26.57541
31.75564
15.5925099999
20.4631800001
11.15831
13.26367
22.0713599999
22.76557
25.44196
22.10886
16.41675
23.6579
29.0772300001
30.72375
26.91174
21.39313
27.42183
22.8997000001
19.9200800001
26.08369
23.4235200001
27.13283
18.06115
26.59627
23.7365199999
34.03281
27.8663199999
22.21768
26.33846
21.64303
29.86314
25.29104
10.98499
27.6179599999
20.48086
21.74086
17.00277
8.88024000009
25.64868
22.95462
23.01095
27.2681199999
16.63563
25.4454700002
20.2885800001
27.73177
18.2496699999
