31.8306600001
15.56416
23.43349
30.0721499999
27.2811199999
19.11129
7.04438000009
24.1344399999
29.67456
33.5502199999
9.04509999999
47.0374100001
30.39686
34.45886
32.49274
29.63214
31.47539
34.68037
20.43232
22.12373
21.3135099999
21.17353
19.5851599999
35.877
11.53223
18.2855499999
20.79889
15.3333399999
23.72431
33.46325
11.73979
24.7226400001
9.44869999995
32.2041900001
28.3443999998
27.4981600001
29.2986600001
23.55588
23.48854
24.0382000001
30.9023900001
29.52616
20.96545
29.2748300001
22.1815300001
13.45546
30.45967
20.2386500001
32.53496
29.39156
