24.8678
31.95126
14.2046300001
24.48578
28.62948
17.0954699999
15.22025
26.0827599999
23.2430500002
23.75367
27.73034
30.3199
16.8496599999
24.2779900001
29.72655
23.5222
18.4644000001
26.71005
14.12445
24.0845
22.20863
22.5191200001
26.9789300001
28.39253
23.0560800001
22.1480299999
26.2378499999
22.5325199999
25.4993499999
29.7646699999
8.61112999998
27.35838
25.98638
32.9080599999
20.44927
27.02665
25.63507
31.8573099999
23.88873
22.0849199999
23.3721
31.7385100001
30.2785499999
23.11561
27.2572699999
28.6891600001
29.0347699999
23.2231500001
17.2871599999
22.5029500001
