41.7727600001
26.75131
26.59296
27.5980600001
30.21728
29.18143
33.91466
26.0719300001
30.2029299999
12.2453299999
12.49366
24.82651
27.7362099999
13.58929
29.58719
34.04426
22.35876
26.78983
30.2938499999
19.6967
35.56595
28.5888
31.0776
26.41876
23.0443899999
29.6811800001
17.94267
19.8634899999
23.4063499999
24.6610900001
10.79
9.31108999997
27.0515200001
12.0477499999
19.5722699999
18.3310800001
13.0880799999
27.2803699999
23.04002
19.35179
17.77136
28.01991
51.1117699998
10.67402
38.2584899999
25.2831400001
27.5208300002
31.1902
21.71614
38.0971800002
