25.3478699999
24.19749
20.7612199999
29.0571399999
25.94619
11.02935
21.75249
27.11055
15.94719
13.2627900001
24.5608900001
34.8721599999
27.75841
21.35938
16.6721600001
22.9213299999
25.2458499999
12.5775200002
10.30302
19.73991
20.8654799999
27.74242
27.4184200001
24.9010599999
29.4329600001
26.8543
23.88643
21.2595900001
18.61309
24.7838999999
10.8084400001
23.8263000001
26.2008600001
24.63358
31.0566700001
20.5671199998
20.4850700001
29.87457
32.5620599999
28.20656
16.03436
30.7727
30.5557500001
19.37754
36.5956700001
24.6412900001
12.77435
26.29348
18.0894500001
17.4761600001
