26.07112
16.0592799999
21.9742000001
21.2076399999
31.8694
21.65209
33.11717
26.35193
22.76562
21.8252399999
38.11324
15.74872
27.8935100001
19.03227
24.60197
23.8978200001
30.99541
26.36764
30.3936699999
24.6752300001
19.3114100001
32.51346
23.9803300002
33.49872
36.7943299999
15.08581
8.43545000011
20.4273399999
23.11389
26.74014
23.8891299999
9.20203000004
11.60187
12.29035
10.6549600001
29.68888
24.87283
22.9970000001
35.9105700001
19.49386
28.5338099999
19.6628400001
31.70002
23.0878699999
16.67013
32.29076
24.9710200001
32.3318800001
31.45015
29.24667
