14.9119099999
29.97396
25.2272600001
29.12526
26.15063
14.06488
31.4293699999
19.4560500002
24.4406
32.20325
30.5035699999
21.7005599999
16.8568599999
20.01599
18.5314699999
24.38844
15.8508100001
27.17721
29.67447
13.37596
28.72685
32.5795399999
17.13768
31.3967500001
21.8324899999
33.5703200001
26.27035
31.097
21.6644400001
27.0699799999
20.8495799999
32.21569
29.05892
20.7407000001
32.04847
26.6043
11.7249
22.47672
16.41779
23.49916
33.9295699999
21.8165999999
26.77782
27.8757500001
23.9024799999
24.77859
13.16044
25.53334
26.41897
22.1587499999
