25.0444199999
19.3652
29.2931800002
16.36381
28.10416
21.80514
37.9153199999
30.41481
10.88451
27.9121999999
28.26978
31.4738100001
38.3438700001
23.5070499999
32.9914299999
24.6442399999
8.93087000004
22.7724099999
26.9464799999
32.33461
16.2346800001
24.2504500001
26.60457
6.89532999997
24.47046
23.30645
19.56673
24.63023
28.0947
21.6518600001
19.9984599999
24.6080100001
22.9710700001
20.0570500001
20.9736500001
28.3176399999
36.7344899999
26.7468300001
18.37102
21.15269
16.59081
23.9669700001
29.60945
22.5351099999
24.57112
20.43174
24.7413000001
26.16101
29.8636
18.8171700001
