24.4633500001
29.99334
7.64480000001
16.16957
17.32759
33.5740599999
17.6599900001
21.61431
20.9662500001
30.6885
32.30857
25.06534
17.7461499999
23.5815499999
8.99037999997
32.0628999999
20.19482
20.2048300001
17.21922
41.32796
12.0969700001
20.2139000001
20.3859600001
28.9321
22.1510600001
30.4830100001
9.08155999996
28.78946
20.9161300001
28.7724199998
23.17636
38.4328000001
25.21802
24.6294799999
21.4457299999
20.13619
34.49579
27.2844100001
35.0778799999
33.55319
14.9130699999
12.76
23.5177299998
36.78574
32.6978999999
34.60916
26.45566
8.69220000005
29.0301300001
23.12115
