30.2470100001
9.29671999998
21.37398
25.93846
27.3683300001
25.23326
14.5342399999
9.01017000002
16.1942200001
20.5526299999
24.11328
23.81225
21.7194700001
25.40417
23.4730100001
30.36307
27.12991
18.28276
27.93303
25.31746
23.67703
29.0650899999
25.1320600001
25.1577699999
21.27095
18.04626
24.45467
18.6305099999
23.74014
35.27965
24.3077400001
21.27563
19.6091799999
25.3578699999
36.8904700001
27.92383
27.79288
30.0808299999
28.51908
23.8404499998
28.7536899999
29.8639900001
30.6055299999
18.0071
28.50668
26.9571
19.2002900001
18.71532
16.3307500001
21.9582699999
