29.58086
32.81895
12.51267
25.31807
30.7017600001
22.97701
20.73332
22.6944399999
44.0009799999
10.9170199999
14.3304
22.3031500001
31.0441300001
19.93833
30.41914
22.8192499999
23.1424400001
29.5954100001
30.7066799999
15.3715599999
19.4657500001
16.86992
22.53833
28.05833
37.79937
14.7696499999
25.99933
25.8494499999
24.19479
24.04839
26.2751199999
27.0520000001
6.33937000006
21.94974
33.2414899999
22.7082400001
23.5874099999
34.27844
21.0546299999
21.438
29.5924399999
28.8821
23.0669799999
16.857
23.0414099999
36.3149600001
25.44429
24.1110800001
7.54413000005
25.6423599999
