23.4907200001
31.84506
31.5533200001
20.39977
35.16079
23.7377100001
15.86598
29.6534699999
15.9484100001
18.0391600002
35.99198
20.88853
13.59537
18.65832
21.87758
28.1956399999
24.88989
15.1005500001
16.2138800002
23.77969
15.1915599999
21.83368
19.5642
28.28158
15.2641499999
27.2177800001
17.1816
15.4330899999
17.02299
21.83127
25.64488
14.56535
35.55443
29.7550100001
19.1100300001
23.4605099999
21.69232
27.21123
28.3097300001
21.3889799999
37.39298
20.5142100001
34.5344799999
31.66781
21.9699400001
20.6635
26.7339100001
36.3678100001
35.1795900001
28.42198
