21.6561599999
33.0392199999
25.47085
19.71131
28.0329400001
19.8849899999
28.5719699999
26.17733
29.2769899999
28.32427
29.66496
21.1109799999
25.7188199998
31.24139
20.84409
33.21589
24.31083
31.68389
25.70497
23.01683
23.98292
26.3679699999
23.19601
18.49766
22.9675700001
6.40281999996
32.2314999999
32.55846
21.76407
12.56376
32.66631
24.5247799999
33.26098
30.40599
27.1382
19.8228900001
33.38828
21.63317
13.83458
22.9747299999
11.11587
25.57184
14.55099
12.84799
25.4599
11.3854200001
19.36476
40.7234299999
29.0115500001
29.61009
