18.1178000001
7.97337000002
12.1501
23.19787
19.26072
13.7467400001
65.1678599999
8.49046999996
14.6171799999
12.26058
14.96684
19.0817099999
16.3833099999
18.1152899999
18.5429000002
16.9238500001
21.7117400001
16.5667399999
27.3353799999
9.84442999994
16.3461999999
24.3893799999
31.93648
23.5099000001
41.49699
52.9249
19.0453799999
17.2372599998
22.8479000001
7.22940000007
24.1020699999
18.0039499999
17.6213
23.12978
70.39
13.8734399999
14.2722700001
11.45455
19.4001100002
25.7716099999
22.6588600001
16.2223499999
27.3740600001
14.9854599999
27.4105400001
21.701
23.0159100001
24.46801
14.56827
16.9040299999
