12.65873
127.44001
14.6151299999
12.82542
19.89433
10.0880200001
11.0229699998
16.72016
17.2323599999
8.98134000006
21.54844
24.4298200002
20.1220799999
23.6505999998
20.6480500001
25.4083299999
20.4905699999
19.33502
21.5930199999
9.0602200001
9.71343999996
21.1400299999
14.4186099999
16.61737
26.5354699999
13.9264100001
26.0022699998
21.2479599999
13.90433
45.52859
16.58393
17.04088
15.5896700001
21.40966
10.46915
21.04893
14.5939199999
29.49665
13.7578
15.10864
15.4833900001
14.6723
19.4297699999
25.4362
8.73196
17.9533599998
15.81019
16.42528
19.6849499999
18.3014199999
