26.89958
13.90075
21.63981
14.34527
11.32792
10.7394000001
38.0668299999
21.5969599999
19.0193899999
8.06189999997
17.9469400001
23.88202
16.7982900001
15.8017599999
25.32761
16.4184999999
14.51712
30.7511000001
13.7335699999
13.55236
23.02781
7.46828999999
32.1745099999
23.08553
25.4241499999
25.4150400001
16.3424099999
20.07093
19.5337500001
17.6001400002
19.94536
10.4523400001
18.9659599999
17.7579
13.8550100001
14.3194399999
5.92423
18.0152
17.5127900001
12.7972199999
26.40651
14.0388
15.7493599999
17.9742800001
18.1971499999
24.2803199999
18.59372
14.2625300001
12.80036
22.0629499999
