26.2202300001
16.6542499999
7.07152999996
23.5364
19.3904099999
6.61606000003
16.9693400001
23.31596
22.28836
17.51612
22.14151
8.52098000003
17.7190400001
13.86127
18.0540400001
13.18027
26.3912600001
18.5525
13.5609
5.80290000001
14.8286600001
18.5430100001
12.86359
15.37821
21.2602699997
15.95089
23.87249
24.4936000002
15.45836
6.89254999999
24.40561
44.9467699999
13.47933
13.1306299999
8.32936999993
17.7588
16.79824
18.4891299999
9.59415000002
17.4301199999
21.0617099999
16.2993600001
18.6333999999
27.0876600001
69.05285
12.14026
14.36413
23.0498900001
15.7035000001
13.91313
