22.2120599998
14.3765799999
18.98482
10.35718
5.72825000004
25.74121
16.73996
106.78007
7.17820999993
18.7540200001
18.6396400001
6.96463000006
21.44071
28.56465
13.85056
13.3439199999
15.1859800001
11.91998
23.5668
10.58673
15.53631
14.9434300001
14.4008400001
23.1627999999
14.50313
17.6747799999
10.2598700001
16.23526
25.66469
21.09013
22.3783000001
14.3179999999
14.26696
21.6561899998
14.8725999999
23.7997099999
20.23971
14.61181
5.52747000009
19.7408999999
16.3987799999
15.7145699998
20.8698599999
13.3669499999
25.3334999999
15.38827
19.9416499999
13.8425099999
22.70741
19.1094300001
23.17217
16.18034
15.9722800001
16.2649800001
7.78749000002
20.10119
14.8714600001
20.2760799999
20.9413699999
17.9654400001
28.23752
15.94146
16.29623
12.5956300001
19.47808
67.5524
19.6780199999
7.03931999998
13.4708900001
29.6502800001
19.1499099999
22.06513
16.24642
8.34090000007
25.74843
19.69279
11.17506
15.5951100001
26.4295000001
20.0431199999
15.4810500001
57.4233500001
29.0622899999
23.2558500001
10.66443
8.53526000003
15.2115099999
13.83675
21.0273900001
24.68083
32.37417
16.2093900001
18.9167499999
21.3974000001
15.0404899999
21.93235
8.19785
16.0304700001
21.33932
16.1752900002
13.99525
20.9276200001
13.6815000001
20.0414
12.99128
23.6320900001
9.39249
18.3415099999
17.59106
23.8099
13.5344100001
23.64806
14.0480899999
16.12005
21.52403
23.10979
22.84504
14.88796
34.8919599999
22.1491800001
18.07433
12.93884
10.04802
20.6042000001
29.3181200001
22.4589999999
17.6917999999
13.4184600001
41.00428
29.81145
23.02036
16.95876
15.21906
14.0319800001
20.8817800001
19.9489500001
9.31284999999
18.4407800001
24.96221
23.99612
23.68376
16.1884699999
21.39408
16.31163
21.0522
16.43259
19.1764099998
12.2609
8.32410999993
6.52863999992
18.82648
23.87009
11.1653700001
14.7302699999
9.16195999994
29.59668
12.72288
19.54076
25.6975700001
46.18175
17.0499699999
25.4880499999
16.42294
20.52302
28.5756699999
22.27676
25.1100399999
17.16619
22.10094
14.0563700001
21.7052100002
11.99451
105.05916
14.4081600001
7.18067000003
25.42697
21.9310599999
14.7254999999
24.0705500001
15.03052
27.1730600001
13.9597099999
13.2586800001
18.1758899998
9.63702999998
19.7405
15.8351200001
23.58889
16.95686
15.5506899999
20.80826
19.3216899999
18.2785400001
17.0584499999
17.05718
12.30797
17.96788
24.5288099999
22.9062000001
19.0934
15.25555
22.43573
8.37508000003
14.7433000001
19.0109200001
11.56386
18.7432800001
22.54327
20.8560899999
11.80693
10.4276000001
24.5581499999
11.9027300001
8.45195999998
15.3590599999
18.2402999999
19.4673199998
24.81603
18.6640199999
17.5973
18.80797
92.6889899999
17.47658
20.01682
19.4117000002
24.3111299999
11.1498299999
18.4655099999
18.8653299999
6.85615999997
17.79528
27.61943
13.75758
14.97698
16.6945700001
7.65882999997
27.1450799999
23.7605200001
12.03805
15.69947
7.75456000003
11.4253100001
23.54111
24.23139
24.0883400001
15.5975700001
21.4625100001
18.1829199999
14.7772600001
32.2330999998
26.89958
13.90075
21.63981
14.34527
11.32792
10.7394000001
38.0668299999
21.5969599999
19.0193899999
8.06189999997
17.9469400001
23.88202
16.7982900001
15.8017599999
25.32761
16.4184999999
14.51712
30.7511000001
13.7335699999
13.55236
23.02781
7.46828999999
32.1745099999
23.08553
25.4241499999
25.4150400001
16.3424099999
20.07093
19.5337500001
17.6001400002
19.94536
10.4523400001
18.9659599999
17.7579
13.8550100001
14.3194399999
5.92423
18.0152
17.5127900001
12.7972199999
26.40651
14.0388
15.7493599999
17.9742800001
18.1971499999
24.2803199999
18.59372
14.2625300001
12.80036
22.0629499999
18.1178000001
7.97337000002
12.1501
23.19787
19.26072
13.7467400001
65.1678599999
8.49046999996
14.6171799999
12.26058
14.96684
19.0817099999
16.3833099999
18.1152899999
18.5429000002
16.9238500001
21.7117400001
16.5667399999
27.3353799999
9.84442999994
16.3461999999
24.3893799999
31.93648
23.5099000001
41.49699
52.9249
19.0453799999
17.2372599998
22.8479000001
7.22940000007
24.1020699999
18.0039499999
17.6213
23.12978
70.39
13.8734399999
14.2722700001
11.45455
19.4001100002
25.7716099999
22.6588600001
16.2223499999
27.3740600001
14.9854599999
27.4105400001
21.701
23.0159100001
24.46801
14.56827
16.9040299999
26.2202300001
16.6542499999
7.07152999996
23.5364
19.3904099999
6.61606000003
16.9693400001
23.31596
22.28836
17.51612
22.14151
8.52098000003
17.7190400001
13.86127
18.0540400001
13.18027
26.3912600001
18.5525
13.5609
5.80290000001
14.8286600001
18.5430100001
12.86359
15.37821
21.2602699997
15.95089
23.87249
24.4936000002
15.45836
6.89254999999
24.40561
44.9467699999
13.47933
13.1306299999
8.32936999993
17.7588
16.79824
18.4891299999
9.59415000002
17.4301199999
21.0617099999
16.2993600001
18.6333999999
27.0876600001
69.05285
12.14026
14.36413
23.0498900001
15.7035000001
13.91313
12.65873
127.44001
14.6151299999
12.82542
19.89433
10.0880200001
11.0229699998
16.72016
17.2323599999
8.98134000006
21.54844
24.4298200002
20.1220799999
23.6505999998
20.6480500001
25.4083299999
20.4905699999
19.33502
21.5930199999
9.0602200001
9.71343999996
21.1400299999
14.4186099999
16.61737
26.5354699999
13.9264100001
26.0022699998
21.2479599999
13.90433
45.52859
16.58393
17.04088
15.5896700001
21.40966
10.46915
21.04893
14.5939199999
29.49665
13.7578
15.10864
15.4833900001
14.6723
19.4297699999
25.4362
8.73196
17.9533599998
15.81019
16.42528
19.6849499999
18.3014199999
14.2980899999
15.0254599999
15.7606599999
16.5424500001
13.2416699999
19.27589
7.43822000001
13.81696
15.73959
21.19552
10.30541
13.9363800001
19.38134
19.37899
12.51949
15.2881
23.64723
13.37026
29.16322
12.74681
17.55436
22.0641999999
20.41325
24.88657
17.43076
15.31276
13.7916400001
24.13248
17.5097200001
14.15196
90.6291499999
30.06987
24.8312299999
57.63107
12.29776
10.5072699999
17.46961
24.1083600001
9.81909
26.12894
21.1732300001
70.9503
20.9152899999
20.2226099999
19.7226200001
25.16039
29.7630299999
19.1818000001
20.4276500001
17.69334
55.98106
12.37758
8.19998999988
26.67499
79.0367699999
16.3530799999
18.9755200001
23.2350499999
7.39048000006
8.80968000006
16.6233300001
16.3806
18.4910200001
9.89501999994
13.227
11.05437
18.36277
16.16503
16.61191
9.36377000005
24.4726799999
17.46343
16.95936
18.5753499999
34.1539499999
21.14701
20.7226000001
19.6632599999
10.35895
19.6823699999
22.11222
24.2711700001
21.58264
21.67219
25.3394000001
20.80923
22.0009300001
81.0023200001
20.32873
16.04177
12.6519799998
14.13767
22.98343
21.1388699999
97.21938
7.39244999993
18.33865
40.8244599999
17.4716199999
24.80091
13.5512900001
9.66462000005
16.1271399999
14.8979699999
16.85311
22.5282500001
11.9680799999
19.36479
14.5034
22.13578
31.5895099998
24.28929
9.46198000002
21.7802399999
13.6961400001
15.7682
6.82149
26.61367
14.0687899999
19.8033200001
12.98836
21.65569
22.7907700001
12.35062
15.46741
11.50164
20.0770599999
20.92495
22.7844099998
57.1778599999
23.68615
18.21835
21.66439
11.9127800001
17.51645
11.8999899999
15.3393799999
15.9511000001
19.4295999999
24.88766
13.7134199999
18.99041
21.72305
16.45073
8.74509999994
14.6975299999
20.03307
11.83261
17.26978
16.1254300001
8.63874999993
21.32348
21.62532
12.2941300001
17.03162
15.1762299999
5.34511999995
7.92416000005
22.0461900001
20.1013399999
14.2984199999
12.3397600001
12.14508
18.59248
7.73624
10.90014
16.4357800001
12.92727
26.56123
12.56264
24.41721
10.7847900001
9.95440999989
16.4389000001
16.8585499999
22.2170300001
20.2128300001
14.3138000001
10.47431
22.19799
20.81953
16.62517
12.26209
17.2725900001
12.46343
16.07817
17.91524
14.85653
15.0724000001
38.28405
24.4154000001
19.17178
13.78503
18.9124400001
13.76719
16.4269499999
22.35948
17.36043
19.88588
17.7124199999
6.86614000006
14.2956299999
20.27206
12.75825
17.3395299999
17.1593200001
16.6013400001
18.8514699999
14.9022100001
33.2770400001
53.05457
16.93102
9.77344000002
21.2258200001
14.9083000001
19.8187899999
17.86758
25.25309
10.77834
20.7857899999
17.8881300001
20.05991
17.2099
45.29285
19.8936299999
15.75064
20.3805399999
14.07132
16.8146800001
22.6703799999
17.6366800001
16.8323400001
18.6036800001
4.7241900001
20.97601
28.82519
16.2227000002
18.71987
28.0098499999
14.19615
23.1411899999
23.3798400001
22.38076
23.93321
22.5245300001
11.1615499998
20.40912
19.24715
7.64898000006
14.0669199999
15.2616900001
15.98593
12.3496999998
20.1249299999
20.32999
23.8255100001
11.77091
11.0517899999
22.61387
17.86731
18.58704
17.50295
13.3070499999
14.01356
18.43138
19.74705
14.01162
17.42321
32.46124
19.16643
11.1159000001
19.5024699999
14.47448
21.22458
8.89680999995
11.59707
19.02173
10.39659
23.2673500001
26.2686500001
43.9563
7.07493
18.05828
13.8453599999
10.4182099999
9.47216999996
13.65862
17.2701800002
20.9313299999
24.84259
16.7426499999
18.3319700002
15.3724100001
25.2355
21.9440799999
16.2602700001
21.8290799999
14.7069
20.5120400001
18.6026200001
19.13034
8.49020999996
11.3849800001
21.57212
22.29124
11.4356999999
18.43333
15.1524799999
24.62611
21.31548
18.16209
18.5394100001
9.35631000006
18.78799
20.27209
17.08396
7.32028999995
9.51515000011
11.3738800001
18.3656100001
20.5616499999
16.4296200001
17.51936
22.6074499999
20.1913900001
19.3914800001
16.64961
18.8091899999
20.83665
19.30576
14.94025
18.87022
21.03204
15.4433800001
20.7481099999
20.56085
21.85598
20.99295
11.9739700001
19.2486999999
20.4601200001
24.16631
17.4508600001
20.77116
24.40935
6.30220999999
19.2530799999
26.9008200001
20.0896600001
15.64917
22.50084
25.39604
15.2642399999
17.4542
19.6772600001
12.5337099999
15.7790699999
16.0917399999
16.69241
18.10705
15.71821
11.7945399999
15.3511699999
10.47502
12.11122
19.4060500001
10.6064499998
13.62728
17.46856
13.20597
27.0610100001
6.58010000002
23.4297800001
17.61383
13.5661899999
21.3688400002
13.58802
17.5225
24.5218599999
27.7938900001
18.3647400001
11.8628199999
18.77799
8.20056999999
13.4225
22.6977200001
21.8224800001
18.9351199999
17.4050999999
16.74783
19.28439
30.41191
14.66882
13.2935499999
19.85719
16.79609
15.2547399999
15.7346
13.96299
12.5655
23.15965
15.7651699999
12.1709500001
14.12402
17.26749
14.0814700001
12.6446700001
7.02795999998
23.8707999999
19.4954
7.96284000005
13.5361800001
10.75853
16.34358
19.02783
14.5177799999
19.6216000001
7.28594000009
9.66622999997
11.46416
19.1843099999
13.06629
8.15135000006
20.53165
11.07602
13.1149699999
13.4302899999
13.8506799999
16.53773
21.4791200001
22.13296
41.23905
14.9199300001
16.3861
22.1132600001
8.26432999992
15.1035699999
23.28394
20.2125499999
52.5495299998
19.4212399999
12.7625200001
17.0281499999
21.8578300001
24.8466899999
32.29185
24.92704
19.36422
12.0315800001
13.17049
20.63423
15.1185099999
13.5177300001
16.4509899999
11.18696
23.2838500001
24.9044999999
17.9646800001
27.36746
15.61514
16.54568
15.5989700001
19.73389
14.1733299999
18.76189
12.23037
16.5255
12.4309699999
17.0443900001
7.25899
16.6306699999
24.05577
8.20548
26.41658
16.5608
18.4923000002
10.25101
25.19235
16.00509
9.95599000005
16.60288
15.70961
12.75744
15.1088800001
23.7009000001
19.2905300001
19.5351
17.59976
17.2748
27.4832799999
20.6830100002
66.2652500001
17.46571
8.67168000003
15.3885400001
14.96323
13.9696000001
19.31057
10.91264
35.52802
7.17932
19.7848500002
42.8312299999
17.33977
21.8198200001
19.5309299999
20.1466
15.02683
6.55559999996
12.1783299999
9.90364000003
16.58573
29.60181
6.56686000002
14.76703
14.78793
11.70218
5.35062000004
30.03232
19.9040799998
6.46883000003
21.9019999999
15.9874700001
15.2801
27.8545499999
17.8299099999
15.2901199999
8.97205999994
17.2013800001
15.67944
30.6599900001
16.62739
11.74171
16.3250299999
12.18687
13.0462400001
12.9721
21.26177
24.2294
13.63879
22.12775
15.94573
17.32997
6.39997000003
6.49647000001
22.8898700001
18.12017
11.5911800001
15.82398
14.6403200001
