6.86614000006
14.2956299999
20.27206
12.75825
17.3395299999
17.1593200001
16.6013400001
18.8514699999
14.9022100001
33.2770400001
53.05457
16.93102
9.77344000002
21.2258200001
14.9083000001
19.8187899999
17.86758
25.25309
10.77834
20.7857899999
17.8881300001
20.05991
17.2099
45.29285
19.8936299999
15.75064
20.3805399999
14.07132
16.8146800001
22.6703799999
17.6366800001
16.8323400001
18.6036800001
4.7241900001
20.97601
28.82519
16.2227000002
18.71987
28.0098499999
14.19615
23.1411899999
23.3798400001
22.38076
23.93321
22.5245300001
11.1615499998
20.40912
19.24715
7.64898000006
14.0669199999
