7.17932
19.7848500002
42.8312299999
17.33977
21.8198200001
19.5309299999
20.1466
15.02683
6.55559999996
12.1783299999
9.90364000003
16.58573
29.60181
6.56686000002
14.76703
14.78793
11.70218
5.35062000004
30.03232
19.9040799998
6.46883000003
21.9019999999
15.9874700001
15.2801
27.8545499999
17.8299099999
15.2901199999
8.97205999994
17.2013800001
15.67944
30.6599900001
16.62739
11.74171
16.3250299999
12.18687
13.0462400001
12.9721
21.26177
24.2294
13.63879
22.12775
15.94573
17.32997
6.39997000003
6.49647000001
22.8898700001
18.12017
11.5911800001
15.82398
14.6403200001
