15.2616900001
15.98593
12.3496999998
20.1249299999
20.32999
23.8255100001
11.77091
11.0517899999
22.61387
17.86731
18.58704
17.50295
13.3070499999
14.01356
18.43138
19.74705
14.01162
17.42321
32.46124
19.16643
11.1159000001
19.5024699999
14.47448
21.22458
8.89680999995
11.59707
19.02173
10.39659
23.2673500001
26.2686500001
43.9563
7.07493
18.05828
13.8453599999
10.4182099999
9.47216999996
13.65862
17.2701800002
20.9313299999
24.84259
16.7426499999
18.3319700002
15.3724100001
25.2355
21.9440799999
16.2602700001
21.8290799999
14.7069
20.5120400001
18.6026200001
