18.82648
23.87009
11.1653700001
14.7302699999
9.16195999994
29.59668
12.72288
19.54076
25.6975700001
46.18175
17.0499699999
25.4880499999
16.42294
20.52302
28.5756699999
22.27676
25.1100399999
17.16619
22.10094
14.0563700001
21.7052100002
11.99451
105.05916
14.4081600001
7.18067000003
25.42697
21.9310599999
14.7254999999
24.0705500001
15.03052
27.1730600001
13.9597099999
13.2586800001
18.1758899998
9.63702999998
19.7405
15.8351200001
23.58889
16.95686
15.5506899999
20.80826
19.3216899999
18.2785400001
17.0584499999
17.05718
12.30797
17.96788
24.5288099999
22.9062000001
19.0934
