23.17217
16.18034
15.9722800001
16.2649800001
7.78749000002
20.10119
14.8714600001
20.2760799999
20.9413699999
17.9654400001
28.23752
15.94146
16.29623
12.5956300001
19.47808
67.5524
19.6780199999
7.03931999998
13.4708900001
29.6502800001
19.1499099999
22.06513
16.24642
8.34090000007
25.74843
19.69279
11.17506
15.5951100001
26.4295000001
20.0431199999
15.4810500001
57.4233500001
29.0622899999
23.2558500001
10.66443
8.53526000003
15.2115099999
13.83675
21.0273900001
24.68083
32.37417
16.2093900001
18.9167499999
21.3974000001
15.0404899999
21.93235
8.19785
16.0304700001
21.33932
16.1752900002
