15.25555
22.43573
8.37508000003
14.7433000001
19.0109200001
11.56386
18.7432800001
22.54327
20.8560899999
11.80693
10.4276000001
24.5581499999
11.9027300001
8.45195999998
15.3590599999
18.2402999999
19.4673199998
24.81603
18.6640199999
17.5973
18.80797
92.6889899999
17.47658
20.01682
19.4117000002
24.3111299999
11.1498299999
18.4655099999
18.8653299999
6.85615999997
17.79528
27.61943
13.75758
14.97698
16.6945700001
7.65882999997
27.1450799999
23.7605200001
12.03805
15.69947
7.75456000003
11.4253100001
23.54111
24.23139
24.0883400001
15.5975700001
21.4625100001
18.1829199999
14.7772600001
32.2330999998
