19.13034
8.49020999996
11.3849800001
21.57212
22.29124
11.4356999999
18.43333
15.1524799999
24.62611
21.31548
18.16209
18.5394100001
9.35631000006
18.78799
20.27209
17.08396
7.32028999995
9.51515000011
11.3738800001
18.3656100001
20.5616499999
16.4296200001
17.51936
22.6074499999
20.1913900001
19.3914800001
16.64961
18.8091899999
20.83665
19.30576
14.94025
18.87022
21.03204
15.4433800001
20.7481099999
20.56085
21.85598
20.99295
11.9739700001
19.2486999999
20.4601200001
24.16631
17.4508600001
20.77116
24.40935
6.30220999999
19.2530799999
26.9008200001
20.0896600001
15.64917
