20.63423
15.1185099999
13.5177300001
16.4509899999
11.18696
23.2838500001
24.9044999999
17.9646800001
27.36746
15.61514
16.54568
15.5989700001
19.73389
14.1733299999
18.76189
12.23037
16.5255
12.4309699999
17.0443900001
7.25899
16.6306699999
24.05577
8.20548
26.41658
16.5608
18.4923000002
10.25101
25.19235
16.00509
9.95599000005
16.60288
15.70961
12.75744
15.1088800001
23.7009000001
19.2905300001
19.5351
17.59976
17.2748
27.4832799999
20.6830100002
66.2652500001
17.46571
8.67168000003
15.3885400001
14.96323
13.9696000001
19.31057
10.91264
35.52802
