13.5512900001
9.66462000005
16.1271399999
14.8979699999
16.85311
22.5282500001
11.9680799999
19.36479
14.5034
22.13578
31.5895099998
24.28929
9.46198000002
21.7802399999
13.6961400001
15.7682
6.82149
26.61367
14.0687899999
19.8033200001
12.98836
21.65569
22.7907700001
12.35062
15.46741
11.50164
20.0770599999
20.92495
22.7844099998
57.1778599999
23.68615
18.21835
21.66439
11.9127800001
17.51645
11.8999899999
15.3393799999
15.9511000001
19.4295999999
24.88766
13.7134199999
18.99041
21.72305
16.45073
8.74509999994
14.6975299999
20.03307
11.83261
17.26978
16.1254300001
