23.15965
15.7651699999
12.1709500001
14.12402
17.26749
14.0814700001
12.6446700001
7.02795999998
23.8707999999
19.4954
7.96284000005
13.5361800001
10.75853
16.34358
19.02783
14.5177799999
19.6216000001
7.28594000009
9.66622999997
11.46416
19.1843099999
13.06629
8.15135000006
20.53165
11.07602
13.1149699999
13.4302899999
13.8506799999
16.53773
21.4791200001
22.13296
41.23905
14.9199300001
16.3861
22.1132600001
8.26432999992
15.1035699999
23.28394
20.2125499999
52.5495299998
19.4212399999
12.7625200001
17.0281499999
21.8578300001
24.8466899999
32.29185
24.92704
19.36422
12.0315800001
13.17049
