22.50084
25.39604
15.2642399999
17.4542
19.6772600001
12.5337099999
15.7790699999
16.0917399999
16.69241
18.10705
15.71821
11.7945399999
15.3511699999
10.47502
12.11122
19.4060500001
10.6064499998
13.62728
17.46856
13.20597
27.0610100001
6.58010000002
23.4297800001
17.61383
13.5661899999
21.3688400002
13.58802
17.5225
24.5218599999
27.7938900001
18.3647400001
11.8628199999
18.77799
8.20056999999
13.4225
22.6977200001
21.8224800001
18.9351199999
17.4050999999
16.74783
19.28439
30.41191
14.66882
13.2935499999
19.85719
16.79609
15.2547399999
15.7346
13.96299
12.5655
