55.98106
12.37758
8.19998999988
26.67499
79.0367699999
16.3530799999
18.9755200001
23.2350499999
7.39048000006
8.80968000006
16.6233300001
16.3806
18.4910200001
9.89501999994
13.227
11.05437
18.36277
16.16503
16.61191
9.36377000005
24.4726799999
17.46343
16.95936
18.5753499999
34.1539499999
21.14701
20.7226000001
19.6632599999
10.35895
19.6823699999
22.11222
24.2711700001
21.58264
21.67219
25.3394000001
20.80923
22.0009300001
81.0023200001
20.32873
16.04177
12.6519799998
14.13767
22.98343
21.1388699999
97.21938
7.39244999993
18.33865
40.8244599999
17.4716199999
24.80091
