13.99525
20.9276200001
13.6815000001
20.0414
12.99128
23.6320900001
9.39249
18.3415099999
17.59106
23.8099
13.5344100001
23.64806
14.0480899999
16.12005
21.52403
23.10979
22.84504
14.88796
34.8919599999
22.1491800001
18.07433
12.93884
10.04802
20.6042000001
29.3181200001
22.4589999999
17.6917999999
13.4184600001
41.00428
29.81145
23.02036
16.95876
15.21906
14.0319800001
20.8817800001
19.9489500001
9.31284999999
18.4407800001
24.96221
23.99612
23.68376
16.1884699999
21.39408
16.31163
21.0522
16.43259
19.1764099998
12.2609
8.32410999993
6.52863999992
