8.63874999993
21.32348
21.62532
12.2941300001
17.03162
15.1762299999
5.34511999995
7.92416000005
22.0461900001
20.1013399999
14.2984199999
12.3397600001
12.14508
18.59248
7.73624
10.90014
16.4357800001
12.92727
26.56123
12.56264
24.41721
10.7847900001
9.95440999989
16.4389000001
16.8585499999
22.2170300001
20.2128300001
14.3138000001
10.47431
22.19799
20.81953
16.62517
12.26209
17.2725900001
12.46343
16.07817
17.91524
14.85653
15.0724000001
38.28405
24.4154000001
19.17178
13.78503
18.9124400001
13.76719
16.4269499999
22.35948
17.36043
19.88588
17.7124199999
