14.2980899999
15.0254599999
15.7606599999
16.5424500001
13.2416699999
19.27589
7.43822000001
13.81696
15.73959
21.19552
10.30541
13.9363800001
19.38134
19.37899
12.51949
15.2881
23.64723
13.37026
29.16322
12.74681
17.55436
22.0641999999
20.41325
24.88657
17.43076
15.31276
13.7916400001
24.13248
17.5097200001
14.15196
90.6291499999
30.06987
24.8312299999
57.63107
12.29776
10.5072699999
17.46961
24.1083600001
9.81909
26.12894
21.1732300001
70.9503
20.9152899999
20.2226099999
19.7226200001
25.16039
29.7630299999
19.1818000001
20.4276500001
17.69334
