22.2120599998
14.3765799999
18.98482
10.35718
5.72825000004
25.74121
16.73996
106.78007
7.17820999993
18.7540200001
18.6396400001
6.96463000006
21.44071
28.56465
13.85056
13.3439199999
15.1859800001
11.91998
23.5668
10.58673
15.53631
14.9434300001
14.4008400001
23.1627999999
14.50313
17.6747799999
10.2598700001
16.23526
25.66469
21.09013
22.3783000001
14.3179999999
14.26696
21.6561899998
14.8725999999
23.7997099999
20.23971
14.61181
5.52747000009
19.7408999999
16.3987799999
15.7145699998
20.8698599999
13.3669499999
25.3334999999
15.38827
19.9416499999
13.8425099999
22.70741
19.1094300001
