14.47584
18.09653
10.5024199999
21.00982
24.56618
13.0273300001
12.5429799999
21.46032
16.54656
22.11081
24.0361000001
19.8613199999
8.69605999987
32.2903
14.10854
14.3147300001
18.6425000001
15.3247700001
19.9229299999
22.5398700001
17.8775299999
15.7432400001
19.31352
29.23992
12.1699099999
55.57698
11.31981
17.6328500001
38.11318
15.4037800001
32.98536
19.0301999999
21.0177600001
16.27987
39.21028
8.77896999998
9.26153999998
24.2932800001
15.9709800001
24.49983
14.9802999999
8.36338999995
12.32158
22.5011100001
23.05918
29.4934599999
15.80542
85.09477
13.67252
24.2841199999
19.0650899999
7.42858999991
18.4652699999
26.8563700002
6.48612000002
13.81826
16.6046600001
22.29188
18.3197100001
25.78535
12.57257
19.92609
17.62084
20.9557200001
25.51673
12.28564
18.45539
16.01852
18.4721499998
10.5165799999
21.4604999999
9.20574
19.77437
15.4523
21.2358899999
9.81861999992
25.22652
18.5513200001
18.2658500001
12.29353
7.37208
30.06524
10.38414
8.00125999993
28.7109600001
16.98938
24.8283300002
11.40568
12.6009899999
17.15706
12.15125
12.08731
10.99442
19.3753000001
20.7666800001
17.91536
17.5309800002
18.7854599999
19.7662799999
22.86318
20.01018
27.5929700001
12.3748600001
17.02804
16.6044899999
32.51348
18.10467
13.0493899999
14.5931500001
9.22438999999
16.53311
17.7823899999
11.41643
17.64203
38.1853199999
34.0738400001
12.3288499999
28.7193800001
26.85453
29.87144
8.11317999987
17.2094800001
17.92522
8.79486999998
13.0183999999
11.57546
56.81152
15.8152900001
14.23884
19.31901
17.8571399999
17.9194
11.61467
10.1574100001
21.84675
12.90834
11.21077
8.18495999998
25.16683
12.3457399999
8.92697999999
15.38008
8.09678000002
20.95886
33.80207
11.38398
19.54113
11.50316
14.7244099999
9.6176900001
10.08592
14.35809
14.5256500001
9.84243999992
17.9050200001
10.97688
24.6867600001
24.1169799999
17.92441
13.82071
25.90345
19.9714200001
15.2562500001
20.91831
18.55774
13.3028199999
18.3693200001
6.54700999998
21.9055399999
18.7388500001
13.23224
20.90029
20.1160099999
19.20163
25.1491500001
19.88696
17.6367500001
20.41402
19.52672
18.2466800001
22.7730500001
13.7915000001
14.10165
22.9565900001
12.76425
20.5804
27.5324799999
11.9814599999
21.61755
13.66028
35.8700700001
19.47355
20.8557899999
30.6291400001
18.2919
15.0115499999
26.7405200001
21.76523
18.19172
17.42664
20.9525700001
18.2878699999
23.0619
11.8852799999
16.45851
22.5010899999
25.1014100001
14.8077399998
23.5117200001
23.60688
22.3454
25.1798700001
19.90864
7.89162999997
15.58672
21.24038
15.6844400002
31.0497999999
18.2567900002
10.2585
18.4546800001
21.0816599999
13.9889100001
18.09879
11.12705
22.75802
26.88815
21.27384
18.22989
10.02389
14.71675
23.15746
17.67829
38.1348100001
13.16823
25.5076400001
19.12635
35.6143799999
11.6139400001
24.7342900001
14.67854
14.4195800001
15.2165100001
15.6443200001
15.88672
17.84565
26.3680100001
15.7723899999
15.1106
22.883
19.1609999998
21.2488600001
14.7391799999
17.5168299999
19.94009
18.21685
21.0212399999
24.88291
23.17344
18.4949800001
9.68998000002
15.13619
25.6392000001
44.08638
17.38382
12.3211600001
22.0630300001
13.1424100001
8.95739
23.6012299999
16.97541
16.6965
15.3044500001
15.21306
22.0348199999
19.97427
19.7448399999
8.54827000003
21.61171
10.7838
14.6044999999
17.0705
25.56723
6.04054000007
23.0424
15.67955
15.85078
17.4527100001
14.1225999999
20.5598
9.52378000005
17.07712
24.76604
12.98667
17.54023
18.1309999999
13.58705
7.67802000011
16.00315
5.64621000004
8.30434999999
19.36168
17.16241
33.64065
18.74294
21.4299700001
17.51985
16.79597
25.5518299999
14.9632800001
20.54094
8.57938000001
14.67716
22.7241499999
19.4644200001
17.74767
10.2684000001
9.54902999999
25.74894
21.7534599999
12.04603
18.82968
20.54443
27.0148999998
46.59082
24.91174
23.3928499999
16.23431
17.43799
21.57533
19.32149
16.24638
27.4593700001
27.1483
16.6093499999
19.60794
4.28012999997
25.31187
19.1057600001
16.66471
24.23532
14.8586
19.2067999999
20.78088
16.7398299999
11.7786999999
30.08162
10.9553
22.39065
20.57599
18.17521
29.8543100001
5.35898999998
22.1975499999
14.7492099999
17.9539099999
16.27144
5.89226000011
22.7592
22.8702400001
21.6554699999
19.58667
24.3815200002
12.50032
19.96835
12.7729100001
9.78018999996
18.1083000001
23.32946
25.0930999999
21.95341
21.92059
19.78631
20.13494
17.88163
8.50502000004
25.3232600001
17.94687
14.66463
19.30055
8.33199999994
17.5446799999
15.04212
15.8629099999
19.9573700001
17.6086499998
12.03403
13.74963
10.33147
8.66553999996
8.64977999998
20.41306
15.7599800001
17.0509599999
12.0758700001
17.12063
18.82488
19.2387700001
24.6702299999
27.1086200001
13.48306
18.29247
20.3687199999
19.3272099998
23.9674600001
10.38075
11.7642
12.70132
14.70761
37.1496
8.46851000004
18.90024
30.97912
15.2480200001
23.6636099999
16.4051000001
22.78262
18.9555600001
12.0359700001
20.67264
17.23346
9.25678000005
8.51803000004
19.20984
7.17524000001
24.0806400001
21.78806
47.3932
10.65781
17.4315200001
20.8195100001
34.1320099998
9.08864999993
19.6561500001
19.4568700001
20.55165
34.1870800001
4.89703000011
21.4079799999
23.5286900001
26.92871
22.4789
23.80381
20.82991
16.51098
20.8547599999
8.32925000007
19.35245
15.89156
26.6032
26.77257
27.20041
7.80632000009
6.56191999989
19.2845899999
27.7856499999
12.66911
16.7822700001
28.1108
18.9751500001
17.1480299999
31.62729
20.3705800001
12.6140000001
23.1742199999
49.8991599999
18.51564
13.0393000001
15.00612
14.60156
25.5578099998
10.98945
15.3448399999
8.79893000005
16.8666599999
21.99966
29.73867
14.68811
23.77962
6.22137000004
21.3489100001
16.62653
31.32316
12.33508
8.9127799999
29.76964
9.40896999999
26.8324500001
20.37457
19.3267799999
75.2753899998
9.58788000001
8.03417000012
22.17766
180.84678
25.39888
36.4271699999
16.06177
18.12656
16.1952200001
21.08195
28.30154
10.16757
16.4183200001
10.5867700001
22.6425099999
8.66226000013
19.8078500001
24.21695
21.46141
8.38863000006
20.43657
17.19395
13.67723
21.2562500001
18.5308600001
18.6459100001
14.65098
22.55111
18.03287
12.6624
20.7142999999
19.7006699999
18.6895
17.09797
10.5152200001
23.91418
10.4183000001
19.31328
20.63598
16.4673000001
12.58048
19.24153
26.89909
20.9643500001
7.54522000009
17.77807
23.5211699998
20.5804
15.21589
30.9604400003
21.40887
19.3682800001
5.9747599999
13.2933500001
15.0205000001
16.1163799999
9.9694399999
19.9119600001
12.2485700001
23.7399899999
18.9115399999
18.4707199999
18.46845
18.9848499999
14.99662
20.55865
20.1937299999
25.5863900001
16.49523
20.18628
12.4474299999
6.74364999996
12.53236
16.36919
15.2125199999
18.15306
16.23664
24.6534299999
11.6790100001
10.93671
15.3978500001
15.44591
15.29804
15.0189799999
10.7257600001
23.4072100001
20.80061
19.6574800001
22.45884
19.8163500001
26.6070399999
11.8354900001
10.7132
10.11739
32.35444
19.7191700001
16.8526600001
17.1193300001
66.2091100001
63.40808
19.95863
23.72377
8.19921000011
14.03023
21.6757200001
15.51752
20.60526
16.10956
32.21545
18.88222
22.1337
9.01053999993
23.84938
20.65799
67.47537
21.54117
21.47372
8.65820999991
13.19463
20.8763799999
26.71325
17.3757900001
14.27903
21.12567
25.81148
10.8624
22.29898
19.2287999999
10.88852
28.29787
20.9301200002
28.0572799999
26.51213
6.53904000006
21.1931600001
18.8341999999
15.1457799999
21.1746799999
21.07507
20.7994200001
16.80363
14.2527099999
11.71725
18.45762
20.97575
11.04033
26.6327400001
14.6251600001
17.7172000001
13.15451
24.0771999999
19.61543
16.9833000001
8.34692000004
13.0061800001
7.03353999997
16.1386499999
23.1344099999
15.8428700001
21.1618
11.28499
14.9298800001
17.49911
14.0875200001
25.56901
10.13288
19.5501699999
18.5467300001
20.60023
12.3258699999
15.1956499999
16.59023
20.1625599999
18.21109
17.1804900001
6.42373000004
21.50812
7.24881000002
18.54902
20.97095
13.1379300001
13.36154
10.8136599999
19.94765
22.0107900001
10.63484
25.0289500001
20.1580000001
13.323
17.35815
20.40655
20.89371
20.23909
16.39148
30.26476
23.9041200001
15.71882
6.46204999997
14.33247
23.45571
10.50024
23.8359299999
35.34826
20.58369
19.3442500001
21.6959299999
17.7622
26.11375
22.4167200001
21.3756300001
21.1534299999
11.0338099999
24.3978799999
15.70828
9.70452999999
17.19877
18.7381000001
14.58262
16.5920999999
8.94961999997
30.5920599999
18.0510099999
15.66646
8.41052999999
16.4341999999
8.62741000007
21.4987400001
10.0864200002
31.8552699999
22.7517200001
11.02182
12.37693
11.84739
30.1288300001
19.44383
13.98887
25.04402
14.63567
8.08408000006
22.0573000001
110.07409
22.30333
27.1302200001
13.38849
24.36542
12.0880900001
16.58892
15.70633
27.28886
9.26171000011
44.3015699999
11.54813
11.62534
19.7885700001
19.7101799999
18.90108
23.88208
16.33372
20.0953500001
9.62442999997
28.9720399999
20.14384
24.20189
19.7976
22.9759600001
15.2397100001
19.46421
17.4929900001
14.3279
19.52518
11.6506599999
21.45251
18.2513800003
21.96441
16.7179999999
7.15142000001
23.1236200001
21.32363
19.33681
17.56696
11.73543
16.6178
34.10236
12.17844
20.0671100001
18.44403
9.87054000003
16.43892
25.7167
18.8523199999
12.9073900001
13.35175
22.101
9.11284000007
16.1115700001
42.7115300002
31.1285
34.93273
14.85138
20.05712
6.40868000011
13.9058600001
15.4242899999
13.27146
10.81124
14.81458
13.3036
6.99538000009
29.01218
14.90708
23.7851999999
18.4667100001
20.86632
30.4676100001
28.44363
21.43109
19.2064500001
18.31354
7.12159
22.2996
13.13503
19.52221
13.60111
11.35563
14.0035599999
25.38744
24.13943
10.51682
18.9745100001
13.6835899999
13.60644
16.4479899999
18.1422100001
9.92544999998
22.8340800001
68.1452200001
21.0447099999
14.42531
17.51306
23.4425100001
19.4302200001
21.48139
18.92239
18.58048
17.6046499999
17.03124
13.79995
13.9117099999
18.1721
19.63052
24.6789300001
13.58244
24.2367499999
14.1374199999
20.56806
11.6836699999
23.82199
23.26795
18.2748
18.0901499999
28.4931900001
17.513
20.13969
12.45818
31.3825999999
17.2497899999
16.23453
15.8507
11.2299800001
20.3218799999
53.2163399999
9.98637000006
34.0458200001
9.76386000006
27.2149799999
49.42276
22.11924
13.55984
15.3166500002
40.1708900001
30.0210800001
23.3155200001
10.3774100001
22.0233799999
24.03743
11.0442
27.09876
17.06941
13.2811199999
21.13359
16.66366
20.28668
20.15049
16.29072
13.49392
17.2547799998
20.54073
24.8553899999
26.12417
12.9090999999
16.64238
16.9174599999
12.3663
22.8478000001
20.7057599999
20.27056
17.02619
14.7996400001
21.96348
24.9427700001
63.05588
13.47265
16.56138
16.1151799998
21.7866200001
15.97942
15.5844299999
17.72389
24.6047099999
11.37861
20.4469400001
20.5765199999
17.74003
12.2565700001
16.1161999999
16.8523800001
6.19763000007
16.6535100001
20.40393
9.11968999985
59.17562
20.6308700001
17.72245
23.9111199999
21.9389899999
10.5499099999
21.21496
39.7344900001
13.69724
10.8952400001
20.15171
22.94788
22.8484499999
30.72653
20.3480999999
22.51374
12.70205
19.89887
19.4362700002
17.7886500001
20.1626800001
15.42114
15.4349799999
18.91819
6.40853000013
24.46165
41.6275500001
28.97843
10.48841
19.8536200001
12.1018600001
22.5942099999
29.26993
12.41679
14.66715
5.97759000014
27.12534
18.265
74.3200000001
10.7879499999
27.4883099999
18.9059599999
10.16549
7.52459000004
17.79153
9.75387000002
18.18022
13.5938899999
12.50735
20.34045
22.30785
24.80226
18.66331
16.31099
16.0949799999
34.4259000001
21.8253800001
26.4079
21.5280500001
10.88232
16.07994
21.6112299999
32.7483100001
23.34025
27.02266
13.72315
23.50119
18.32024
14.59869
17.91182
15.7175099999
25.43765
26.76394
17.0215799999
18.2827999999
22.69732
21.8271300001
7.82984000002
18.45187
