19.1609999998
21.2488600001
14.7391799999
17.5168299999
19.94009
18.21685
21.0212399999
24.88291
23.17344
18.4949800001
9.68998000002
15.13619
25.6392000001
44.08638
17.38382
12.3211600001
22.0630300001
13.1424100001
8.95739
23.6012299999
16.97541
16.6965
15.3044500001
15.21306
22.0348199999
19.97427
19.7448399999
8.54827000003
21.61171
10.7838
14.6044999999
17.0705
25.56723
6.04054000007
23.0424
15.67955
15.85078
17.4527100001
14.1225999999
20.5598
9.52378000005
17.07712
24.76604
12.98667
17.54023
18.1309999999
13.58705
7.67802000011
16.00315
5.64621000004
