10.08592
14.35809
14.5256500001
9.84243999992
17.9050200001
10.97688
24.6867600001
24.1169799999
17.92441
13.82071
25.90345
19.9714200001
15.2562500001
20.91831
18.55774
13.3028199999
18.3693200001
6.54700999998
21.9055399999
18.7388500001
13.23224
20.90029
20.1160099999
19.20163
25.1491500001
19.88696
17.6367500001
20.41402
19.52672
18.2466800001
22.7730500001
13.7915000001
14.10165
22.9565900001
12.76425
20.5804
27.5324799999
11.9814599999
21.61755
13.66028
35.8700700001
19.47355
20.8557899999
30.6291400001
18.2919
15.0115499999
26.7405200001
21.76523
18.19172
17.42664
