18.17521
29.8543100001
5.35898999998
22.1975499999
14.7492099999
17.9539099999
16.27144
5.89226000011
22.7592
22.8702400001
21.6554699999
19.58667
24.3815200002
12.50032
19.96835
12.7729100001
9.78018999996
18.1083000001
23.32946
25.0930999999
21.95341
21.92059
19.78631
20.13494
17.88163
8.50502000004
25.3232600001
17.94687
14.66463
19.30055
8.33199999994
17.5446799999
15.04212
15.8629099999
19.9573700001
17.6086499998
12.03403
13.74963
10.33147
8.66553999996
8.64977999998
20.41306
15.7599800001
17.0509599999
12.0758700001
17.12063
18.82488
19.2387700001
24.6702299999
27.1086200001
