18.88222
22.1337
9.01053999993
23.84938
20.65799
67.47537
21.54117
21.47372
8.65820999991
13.19463
20.8763799999
26.71325
17.3757900001
14.27903
21.12567
25.81148
10.8624
22.29898
19.2287999999
10.88852
28.29787
20.9301200002
28.0572799999
26.51213
6.53904000006
21.1931600001
18.8341999999
15.1457799999
21.1746799999
21.07507
20.7994200001
16.80363
14.2527099999
11.71725
18.45762
20.97575
11.04033
26.6327400001
14.6251600001
17.7172000001
13.15451
24.0771999999
19.61543
16.9833000001
8.34692000004
13.0061800001
7.03353999997
16.1386499999
23.1344099999
15.8428700001
