23.7399899999
18.9115399999
18.4707199999
18.46845
18.9848499999
14.99662
20.55865
20.1937299999
25.5863900001
16.49523
20.18628
12.4474299999
6.74364999996
12.53236
16.36919
15.2125199999
18.15306
16.23664
24.6534299999
11.6790100001
10.93671
15.3978500001
15.44591
15.29804
15.0189799999
10.7257600001
23.4072100001
20.80061
19.6574800001
22.45884
19.8163500001
26.6070399999
11.8354900001
10.7132
10.11739
32.35444
19.7191700001
16.8526600001
17.1193300001
66.2091100001
63.40808
19.95863
23.72377
8.19921000011
14.03023
21.6757200001
15.51752
20.60526
16.10956
32.21545
