21.1618
11.28499
14.9298800001
17.49911
14.0875200001
25.56901
10.13288
19.5501699999
18.5467300001
20.60023
12.3258699999
15.1956499999
16.59023
20.1625599999
18.21109
17.1804900001
6.42373000004
21.50812
7.24881000002
18.54902
20.97095
13.1379300001
13.36154
10.8136599999
19.94765
22.0107900001
10.63484
25.0289500001
20.1580000001
13.323
17.35815
20.40655
20.89371
20.23909
16.39148
30.26476
23.9041200001
15.71882
6.46204999997
14.33247
23.45571
10.50024
23.8359299999
35.34826
20.58369
19.3442500001
21.6959299999
17.7622
26.11375
22.4167200001
