8.30434999999
19.36168
17.16241
33.64065
18.74294
21.4299700001
17.51985
16.79597
25.5518299999
14.9632800001
20.54094
8.57938000001
14.67716
22.7241499999
19.4644200001
17.74767
10.2684000001
9.54902999999
25.74894
21.7534599999
12.04603
18.82968
20.54443
27.0148999998
46.59082
24.91174
23.3928499999
16.23431
17.43799
21.57533
19.32149
16.24638
27.4593700001
27.1483
16.6093499999
19.60794
4.28012999997
25.31187
19.1057600001
16.66471
24.23532
14.8586
19.2067999999
20.78088
16.7398299999
11.7786999999
30.08162
10.9553
22.39065
20.57599
