26.77257
27.20041
7.80632000009
6.56191999989
19.2845899999
27.7856499999
12.66911
16.7822700001
28.1108
18.9751500001
17.1480299999
31.62729
20.3705800001
12.6140000001
23.1742199999
49.8991599999
18.51564
13.0393000001
15.00612
14.60156
25.5578099998
10.98945
15.3448399999
8.79893000005
16.8666599999
21.99966
29.73867
14.68811
23.77962
6.22137000004
21.3489100001
16.62653
31.32316
12.33508
8.9127799999
29.76964
9.40896999999
26.8324500001
20.37457
19.3267799999
75.2753899998
9.58788000001
8.03417000012
22.17766
180.84678
25.39888
36.4271699999
16.06177
18.12656
16.1952200001
