20.9525700001
18.2878699999
23.0619
11.8852799999
16.45851
22.5010899999
25.1014100001
14.8077399998
23.5117200001
23.60688
22.3454
25.1798700001
19.90864
7.89162999997
15.58672
21.24038
15.6844400002
31.0497999999
18.2567900002
10.2585
18.4546800001
21.0816599999
13.9889100001
18.09879
11.12705
22.75802
26.88815
21.27384
18.22989
10.02389
14.71675
23.15746
17.67829
38.1348100001
13.16823
25.5076400001
19.12635
35.6143799999
11.6139400001
24.7342900001
14.67854
14.4195800001
15.2165100001
15.6443200001
15.88672
17.84565
26.3680100001
15.7723899999
15.1106
22.883
