14.90708
23.7851999999
18.4667100001
20.86632
30.4676100001
28.44363
21.43109
19.2064500001
18.31354
7.12159
22.2996
13.13503
19.52221
13.60111
11.35563
14.0035599999
25.38744
24.13943
10.51682
18.9745100001
13.6835899999
13.60644
16.4479899999
18.1422100001
9.92544999998
22.8340800001
68.1452200001
21.0447099999
14.42531
17.51306
23.4425100001
19.4302200001
21.48139
18.92239
18.58048
17.6046499999
17.03124
13.79995
13.9117099999
18.1721
19.63052
24.6789300001
13.58244
24.2367499999
14.1374199999
20.56806
11.6836699999
23.82199
23.26795
18.2748
