18.0901499999
28.4931900001
17.513
20.13969
12.45818
31.3825999999
17.2497899999
16.23453
15.8507
11.2299800001
20.3218799999
53.2163399999
9.98637000006
34.0458200001
9.76386000006
27.2149799999
49.42276
22.11924
13.55984
15.3166500002
40.1708900001
30.0210800001
23.3155200001
10.3774100001
22.0233799999
24.03743
11.0442
27.09876
17.06941
13.2811199999
21.13359
16.66366
20.28668
20.15049
16.29072
13.49392
17.2547799998
20.54073
24.8553899999
26.12417
12.9090999999
16.64238
16.9174599999
12.3663
22.8478000001
20.7057599999
20.27056
17.02619
14.7996400001
21.96348
