19.8536200001
12.1018600001
22.5942099999
29.26993
12.41679
14.66715
5.97759000014
27.12534
18.265
74.3200000001
10.7879499999
27.4883099999
18.9059599999
10.16549
7.52459000004
17.79153
9.75387000002
18.18022
13.5938899999
12.50735
20.34045
22.30785
24.80226
18.66331
16.31099
16.0949799999
34.4259000001
21.8253800001
26.4079
21.5280500001
10.88232
16.07994
21.6112299999
32.7483100001
23.34025
27.02266
13.72315
23.50119
18.32024
14.59869
17.91182
15.7175099999
25.43765
26.76394
17.0215799999
18.2827999999
22.69732
21.8271300001
7.82984000002
18.45187
