14.47584
18.09653
10.5024199999
21.00982
24.56618
13.0273300001
12.5429799999
21.46032
16.54656
22.11081
24.0361000001
19.8613199999
8.69605999987
32.2903
14.10854
14.3147300001
18.6425000001
15.3247700001
19.9229299999
22.5398700001
17.8775299999
15.7432400001
19.31352
29.23992
12.1699099999
55.57698
11.31981
17.6328500001
38.11318
15.4037800001
32.98536
19.0301999999
21.0177600001
16.27987
39.21028
8.77896999998
9.26153999998
24.2932800001
15.9709800001
24.49983
14.9802999999
8.36338999995
12.32158
22.5011100001
23.05918
29.4934599999
15.80542
85.09477
13.67252
24.2841199999
