20.01018
27.5929700001
12.3748600001
17.02804
16.6044899999
32.51348
18.10467
13.0493899999
14.5931500001
9.22438999999
16.53311
17.7823899999
11.41643
17.64203
38.1853199999
34.0738400001
12.3288499999
28.7193800001
26.85453
29.87144
8.11317999987
17.2094800001
17.92522
8.79486999998
13.0183999999
11.57546
56.81152
15.8152900001
14.23884
19.31901
17.8571399999
17.9194
11.61467
10.1574100001
21.84675
12.90834
11.21077
8.18495999998
25.16683
12.3457399999
8.92697999999
15.38008
8.09678000002
20.95886
33.80207
11.38398
19.54113
11.50316
14.7244099999
9.6176900001
