13.48306
18.29247
20.3687199999
19.3272099998
23.9674600001
10.38075
11.7642
12.70132
14.70761
37.1496
8.46851000004
18.90024
30.97912
15.2480200001
23.6636099999
16.4051000001
22.78262
18.9555600001
12.0359700001
20.67264
17.23346
9.25678000005
8.51803000004
19.20984
7.17524000001
24.0806400001
21.78806
47.3932
10.65781
17.4315200001
20.8195100001
34.1320099998
9.08864999993
19.6561500001
19.4568700001
20.55165
34.1870800001
4.89703000011
21.4079799999
23.5286900001
26.92871
22.4789
23.80381
20.82991
16.51098
20.8547599999
8.32925000007
19.35245
15.89156
26.6032
