24.9427700001
63.05588
13.47265
16.56138
16.1151799998
21.7866200001
15.97942
15.5844299999
17.72389
24.6047099999
11.37861
20.4469400001
20.5765199999
17.74003
12.2565700001
16.1161999999
16.8523800001
6.19763000007
16.6535100001
20.40393
9.11968999985
59.17562
20.6308700001
17.72245
23.9111199999
21.9389899999
10.5499099999
21.21496
39.7344900001
13.69724
10.8952400001
20.15171
22.94788
22.8484499999
30.72653
20.3480999999
22.51374
12.70205
19.89887
19.4362700002
17.7886500001
20.1626800001
15.42114
15.4349799999
18.91819
6.40853000013
24.46165
41.6275500001
28.97843
10.48841
