21.08195
28.30154
10.16757
16.4183200001
10.5867700001
22.6425099999
8.66226000013
19.8078500001
24.21695
21.46141
8.38863000006
20.43657
17.19395
13.67723
21.2562500001
18.5308600001
18.6459100001
14.65098
22.55111
18.03287
12.6624
20.7142999999
19.7006699999
18.6895
17.09797
10.5152200001
23.91418
10.4183000001
19.31328
20.63598
16.4673000001
12.58048
19.24153
26.89909
20.9643500001
7.54522000009
17.77807
23.5211699998
20.5804
15.21589
30.9604400003
21.40887
19.3682800001
5.9747599999
13.2933500001
15.0205000001
16.1163799999
9.9694399999
19.9119600001
12.2485700001
