9.62442999997
28.9720399999
20.14384
24.20189
19.7976
22.9759600001
15.2397100001
19.46421
17.4929900001
14.3279
19.52518
11.6506599999
21.45251
18.2513800003
21.96441
16.7179999999
7.15142000001
23.1236200001
21.32363
19.33681
17.56696
11.73543
16.6178
34.10236
12.17844
20.0671100001
18.44403
9.87054000003
16.43892
25.7167
18.8523199999
12.9073900001
13.35175
22.101
9.11284000007
16.1115700001
42.7115300002
31.1285
34.93273
14.85138
20.05712
6.40868000011
13.9058600001
15.4242899999
13.27146
10.81124
14.81458
13.3036
6.99538000009
29.01218
