19.0650899999
7.42858999991
18.4652699999
26.8563700002
6.48612000002
13.81826
16.6046600001
22.29188
18.3197100001
25.78535
12.57257
19.92609
17.62084
20.9557200001
25.51673
12.28564
18.45539
16.01852
18.4721499998
10.5165799999
21.4604999999
9.20574
19.77437
15.4523
21.2358899999
9.81861999992
25.22652
18.5513200001
18.2658500001
12.29353
7.37208
30.06524
10.38414
8.00125999993
28.7109600001
16.98938
24.8283300002
11.40568
12.6009899999
17.15706
12.15125
12.08731
10.99442
19.3753000001
20.7666800001
17.91536
17.5309800002
18.7854599999
19.7662799999
22.86318
