21.3756300001
21.1534299999
11.0338099999
24.3978799999
15.70828
9.70452999999
17.19877
18.7381000001
14.58262
16.5920999999
8.94961999997
30.5920599999
18.0510099999
15.66646
8.41052999999
16.4341999999
8.62741000007
21.4987400001
10.0864200002
31.8552699999
22.7517200001
11.02182
12.37693
11.84739
30.1288300001
19.44383
13.98887
25.04402
14.63567
8.08408000006
22.0573000001
110.07409
22.30333
27.1302200001
13.38849
24.36542
12.0880900001
16.58892
15.70633
27.28886
9.26171000011
44.3015699999
11.54813
11.62534
19.7885700001
19.7101799999
18.90108
23.88208
16.33372
20.0953500001
