10.5205699999
21.4336299999
24.0670800001
21.8271
37.9834799999
38.2879300001
18.3593
10.12307
9.96125000017
14.37015
30.4192399998
14.63439
17.89123
16.6630200001
22.80008
39.1093700001
25.1635499999
15.61782
8.27268000005
9.03688000015
23.2230400001
18.5181999999
22.5743599999
12.59275
11.0925299999
18.83504
12.6230200002
15.5385200001
6.20226000005
20.33549
12.8280900001
12.83817
15.5007499999
21.7570400001
14.9098200001
16.98392
17.5685700001
18.47211
16.7830100001
7.81670000008
13.1535
13.9140400001
8.65860999993
17.28813
14.59751
16.3508600001
17.1113799999
26.53976
25.3266499999
27.54346
