18.47363
12.3426999999
13.2357099999
13.4942499999
30.63457
25.2798299999
31.35766
13.56299
36.78867
23.0884200002
11.1344600001
18.9936200001
16.0820500001
23.96701
21.4460700001
32.2750500001
18.6629
20.5010299999
17.59699
19.83121
19.41726
27.2374700001
10.0499200001
12.0016999999
12.3738800001
35.1544
22.83892
30.5536099999
14.6213799999
11.9990699999
24.6589800001
17.0133699999
19.1616
38.1583
17.5453999999
11.29119
8.10262000002
24.94835
18.75789
15.34952
16.2062
26.9255100001
15.1388900001
13.20673
61.63046
16.94101
6.54054999992
15.07867
16.0902
9.67948000005
