22.5126800002
10.3404100001
5.97953000001
23.54526
8.59031
58.8250099999
13.58566
14.9382999999
18.7458599999
10.36225
8.95585999999
7.08405000006
8.34921000013
13.2232
37.2215699999
31.7943699999
16.9911400001
10.9135199999
16.86708
26.0708999999
7.95953999995
20.18768
11.08994
10.5979099999
20.9557399999
10.8458400001
15.7039699999
10.10163
17.7814699999
13.3047400001
82.63983
9.40398000006
28.71932
11.07167
19.73538
7.96851999999
10.34699
27.34035
33.85275
22.7259
7.94491999992
15.1574800001
25.5763899999
9.45694999991
23.42029
8.74702999997
18.51338
14.7975400001
19.04461
22.0272
