8.22346000001
14.5812199999
4.74424000003
15.6523599999
21.4741
9.69432999997
31.99003
34.50501
11.23479
11.34442
20.12621
17.58588
13.55119
12.06504
10.7217400001
11.8489600001
10.24717
10.4998999999
23.3060599999
13.0441300001
17.83682
11.6846400001
7.13468000002
33.8553299999
35.88534
6.03110999998
28.097
15.75014
22.8041300001
40.70375
19.75017
14.2821900001
11.3549599999
14.83999
15.1780600001
52.5715899999
7.76279999991
35.75297
23.1165199999
15.7953100001
20.3403899999
20.80924
9.02174999996
21.70074
11.70141
10.32684
15.402
6.32668000006
20.5991400001
15.5090399999
