40.8020499999
8.71369999996
16.3408100002
39.72488
24.9771099999
34.34259
17.1856499999
12.6932300001
8.09430000011
11.3239600001
13.77651
13.0788
11.16958
82.6947900001
15.1396699999
15.0655100001
5.90726000001
26.33161
19.3038100001
17.4298100001
9.73937999993
16.5214399999
13.0996200001
14.7485999999
8.67041999998
15.5756100001
19.9222799999
15.36242
30.99344
14.84853
17.81457
24.4888700001
17.5528299997
12.76642
8.08447
27.3061300002
21.52253
15.5042600001
9.80402000004
20.2654099999
11.5693799999
13.91626
15.1661799999
14.8006600001
21.3350100002
14.99077
16.17278
25.98729
14.9997
22.6657800002
