26.7405300001
11.9337500001
9.52734999999
19.9530199999
8.60093999992
20.89506
9.87712000008
10.24972
19.10782
34.1352499998
30.12287
12.11026
14.1899
15.94484
20.9518100001
22.68716
24.45276
23.31324
32.06751
25.57524
15.69279
12.4635799999
17.0631800001
9.16853000002
12.64093
17.48236
14.6496299999
15.8223299999
12.7602200001
19.10995
7.45919999992
13.99269
14.4332
51.6498299999
13.7562600001
11.4428400001
38.0152300001
16.4389900001
13.35045
71.1936999999
18.9302500001
11.1624
69.34286
78.36427
21.23925
19.45793
12.51541
20.2446299999
31.1324099998
9.85843000014
