9.05986000004
21.52053
17.28413
16.88258
40.1166999999
17.6608000001
25.0819999999
23.83173
17.54873
11.3571799999
14.36641
10.69686
25.09971
9.94781000004
35.2934899998
6.02483000001
13.5420000001
27.78491
15.1918
14.92319
14.85824
17.74861
18.3138499999
13.8494299999
30.2855000001
15.0700800001
9.08380000002
7.52980000002
20.56483
15.05018
15.8186999999
57.8449400001
12.1597199999
17.8348
31.89939
21.91331
13.2259399999
21.19884
6.77910000004
14.5533799999
20.9998100001
9.15521
21.1487799999
21.31228
5.95410999993
21.8213399999
18.4244100001
12.3191900001
12.10839
18.7691499999
