26.63775
11.55461
17.66793
21.49707
25.6915899999
15.3033500001
30.8139000001
17.2250300001
58.97442
19.5586700001
9.24274000002
16.69025
7.69023000007
14.48101
18.3682399999
26.41281
11.87509
14.05623
18.8417100001
10.13508
29.47275
18.0213799998
35.8933100001
8.93797999993
26.48989
8.61054000002
13.12809
10.6795099999
17.5574499998
9.76965999999
34.3379499998
12.67155
8.47831000003
18.45518
7.68259999994
21.96802
9.9952
16.1107000001
58.07569
24.1154
19.1647699999
12.28157
8.94189999998
10.00034
29.0619
4.65885999997
19.7855
15.80417
18.53455
22.5344899999
