10.5431299999
21.05651
10.31903
15.4003100002
19.9565999999
20.81172
18.64216
18.3064199999
30.91449
10.36112
10.27837
15.45381
32.16607
24.3637400001
15.87824
7.71903000004
12.1225700001
12.9904399998
13.99864
6.78522000008
21.77159
13.58242
12.25664
21.9738800001
13.97936
63.46629
12.1952599999
21.3031200001
16.4544800001
12.2441400001
30.61762
7.15834999993
24.47403
38.7609199999
6.56544000003
7.06825000001
34.48042
22.59513
19.78412
15.91336
27.56602
29.5370900002
72.4823200002
25.12376
8.10049999994
10.99413
14.3096699999
10.61579
15.9737500001
17.74813
