12.5096199999
12.21525
11.7912600001
16.32235
10.3877800001
11.98376
28.6948300001
15.78968
14.5907600001
21.22457
19.96245
11.20765
11.1582900001
13.68203
17.2899100001
12.6852000001
16.72931
6.22768999997
22.84298
16.24736
17.2377300001
12.2081699999
36.7241399999
16.6690300001
11.5049200001
27.6717000001
15.7084400001
8.49102000007
15.33632
22.7834
54.60104
25.27455
16.0006199999
33.87922
19.9079000001
15.7503699999
16.22464
14.1181
11.94507
8.31974999991
22.4901000001
20.9934200001
15.7714999999
19.8651000001
14.7789099999
16.5906700001
9.12476000004
18.2715500002
13.47369
31.34251
