6.35193
13.37397
15.5058700001
6.8523700001
29.04904
4.70445999992
21.03752
12.1289999998
10.57455
13.05421
21.0160999999
18.9918
16.6132200001
12.1896299999
16.2814199999
11.71675
30.61495
25.62125
22.30091
12.9443900001
16.5065399999
11.6194099999
13.69325
5.72116999992
13.3807399999
45.55712
6.0821
10.0730299999
14.52313
12.71534
17.5980700001
6.7141000001
23.48802
15.0743100001
13.07361
14.78184
40.47146
22.5454299999
19.1016500001
13.14559
11.93407
20.0260899999
25.68148
22.43298
19.2215400001
14.7445200001
24.89161
15.7400100001
15.0387799999
22.77107
