17.4976999999
14.5346000001
19.2134900001
33.9592399999
31.75774
17.0819400001
30.63619
19.02481
14.3842399999
18.23352
12.94224
15.9763000001
28.01917
22.71718
10.0941699999
7.74408000009
14.47951
4.45860999997
41.7629799999
19.4353700001
14.16795
14.40529
9.26240000001
25.5704000001
49.7085299999
11.77784
28.91846
27.6751799999
12.31728
8.21141999995
13.86612
18.18785
28.94433
19.9797
24.26164
19.7219199999
14.25057
13.38825
16.3007399999
65.27117
15.4266999998
22.8561
18.4868
14.31556
10.87976
9.35291000002
25.3367900001
17.1469299999
19.97302
56.91096
