22.7297299999
16.2339999999
32.0010100001
49.5921
29.00761
24.9965299999
16.58366
15.8887499999
19.4126500001
17.7552
30.96089
6.16836000001
11.7589599999
14.9817499999
16.0533700001
13.49849
14.36413
23.8690599999
15.87132
22.2947800001
18.78149
5.85869999998
21.32617
7.81576000003
26.02452
16.1974999999
11.0865800001
16.44732
17.33996
14.51864
26.4713200001
16.61837
25.0202199999
19.0647400001
17.5284899999
15.50927
16.4315600002
19.2628500001
9.45611999999
20.1680500001
16.3075900001
17.1065400001
18.98891
26.0297900001
20.04343
23.94701
17.08605
18.5949299999
17.35091
12.8566599999
