37.79142
5.89647999988
7.49667999998
5.90229
15.33706
15.0951800001
20.55168
38.3704599999
24.76059
14.5435099999
23.20195
29.81109
48.82887
13.8092199999
7.57603999996
17.2561699999
62.48471
21.0773
36.94458
20.43426
6.66542000009
7.62035999994
10.45395
19.15993
9.82952999999
16.2964399999
15.49512
16.83183
19.8049499999
18.4163800002
47.3326900001
19.98182
10.58514
11.9051700002
19.06585
22.32134
16.00687
24.38698
23.3507100003
8.18076999998
12.8814900001
22.2312299999
18.32909
14.1926500001
14.3563200001
7.20273000002
21.3969500001
17.3851899999
19.4173800001
28.0263200001
26.7405300001
11.9337500001
9.52734999999
19.9530199999
8.60093999992
20.89506
9.87712000008
10.24972
19.10782
34.1352499998
30.12287
12.11026
14.1899
15.94484
20.9518100001
22.68716
24.45276
23.31324
32.06751
25.57524
15.69279
12.4635799999
17.0631800001
9.16853000002
12.64093
17.48236
14.6496299999
15.8223299999
12.7602200001
19.10995
7.45919999992
13.99269
14.4332
51.6498299999
13.7562600001
11.4428400001
38.0152300001
16.4389900001
13.35045
71.1936999999
18.9302500001
11.1624
69.34286
78.36427
21.23925
19.45793
12.51541
20.2446299999
31.1324099998
9.85843000014
22.5126800002
10.3404100001
5.97953000001
23.54526
8.59031
58.8250099999
13.58566
14.9382999999
18.7458599999
10.36225
8.95585999999
7.08405000006
8.34921000013
13.2232
37.2215699999
31.7943699999
16.9911400001
10.9135199999
16.86708
26.0708999999
7.95953999995
20.18768
11.08994
10.5979099999
20.9557399999
10.8458400001
15.7039699999
10.10163
17.7814699999
13.3047400001
82.63983
9.40398000006
28.71932
11.07167
19.73538
7.96851999999
10.34699
27.34035
33.85275
22.7259
7.94491999992
15.1574800001
25.5763899999
9.45694999991
23.42029
8.74702999997
18.51338
14.7975400001
19.04461
22.0272
17.4041299999
12.52356
30.5631200002
21.4657800001
24.6465800001
9.22112
11.85803
10.94382
15.9643900001
32.1073300003
18.4019999999
20.8551699999
14.31304
26.9951000001
8.49445999996
20.95874
36.2631300001
17.78501
13.6995199999
11.00223
12.81813
7.40338999999
28.5746599999
14.6157900001
11.5808900001
10.50437
18.4199300001
9.91828999994
29.64925
15.6355900001
13.09292
15.66633
20.8493499999
11.03149
21.2630100001
10.2703799999
26.88229
11.90767
11.63807
11.20274
15.3737800001
13.91755
10.54215
18.0234899999
7.99706999992
11.6955
17.01966
13.07283
25.46563
35.89401
10.5205699999
21.4336299999
24.0670800001
21.8271
37.9834799999
38.2879300001
18.3593
10.12307
9.96125000017
14.37015
30.4192399998
14.63439
17.89123
16.6630200001
22.80008
39.1093700001
25.1635499999
15.61782
8.27268000005
9.03688000015
23.2230400001
18.5181999999
22.5743599999
12.59275
11.0925299999
18.83504
12.6230200002
15.5385200001
6.20226000005
20.33549
12.8280900001
12.83817
15.5007499999
21.7570400001
14.9098200001
16.98392
17.5685700001
18.47211
16.7830100001
7.81670000008
13.1535
13.9140400001
8.65860999993
17.28813
14.59751
16.3508600001
17.1113799999
26.53976
25.3266499999
27.54346
6.93806000007
27.17755
8.52154999995
21.8638500001
21.73428
8.39178999991
27.6174399999
16.22852
18.57127
12.4015799999
16.57907
12.2358800001
9.20155000011
19.96163
8.85894999991
33.1529600001
6.89283000003
10.93376
16.9175400001
6.33470999997
8.74890999997
17.76556
16.8142200001
29.56219
14.21624
10.30268
37.59835
15.18531
17.40466
15.2387200001
12.4668699999
10.34693
9.05527000001
13.44455
9.43054000009
12.4846399999
7.68909999996
15.3845099999
9.44388000004
6.93570999999
14.2846600001
20.9942100001
11.9406
24.3983400001
13.76827
31.0243099999
18.22462
21.0098999999
14.88693
10.7742699999
3.50180000009
18.3244099999
10.15751
9.45323999994
26.27806
23.7904699999
32.1320999999
13.80657
23.85531
8.89517999988
13.688
8.41990999994
8.42821000004
22.09774
20.29932
24.06864
10.15712
19.98065
14.1756699999
23.78812
10.6420700001
17.9956200001
13.69299
7.77239000006
8.75428999995
20.6050200001
13.6242800001
20.4247299999
21.99754
15.12031
29.3742600001
21.31664
9.39944999991
27.77983
8.67360999994
9.6814900001
11.80281
10.90865
13.1762999999
9.78515999997
21.9295599998
19.2034799999
12.8587100001
20.51234
7.94316999998
10.3515199999
26.74947
13.5011900001
16.45898
21.6715300001
12.5096199999
12.21525
11.7912600001
16.32235
10.3877800001
11.98376
28.6948300001
15.78968
14.5907600001
21.22457
19.96245
11.20765
11.1582900001
13.68203
17.2899100001
12.6852000001
16.72931
6.22768999997
22.84298
16.24736
17.2377300001
12.2081699999
36.7241399999
16.6690300001
11.5049200001
27.6717000001
15.7084400001
8.49102000007
15.33632
22.7834
54.60104
25.27455
16.0006199999
33.87922
19.9079000001
15.7503699999
16.22464
14.1181
11.94507
8.31974999991
22.4901000001
20.9934200001
15.7714999999
19.8651000001
14.7789099999
16.5906700001
9.12476000004
18.2715500002
13.47369
31.34251
10.5431299999
21.05651
10.31903
15.4003100002
19.9565999999
20.81172
18.64216
18.3064199999
30.91449
10.36112
10.27837
15.45381
32.16607
24.3637400001
15.87824
7.71903000004
12.1225700001
12.9904399998
13.99864
6.78522000008
21.77159
13.58242
12.25664
21.9738800001
13.97936
63.46629
12.1952599999
21.3031200001
16.4544800001
12.2441400001
30.61762
7.15834999993
24.47403
38.7609199999
6.56544000003
7.06825000001
34.48042
22.59513
19.78412
15.91336
27.56602
29.5370900002
72.4823200002
25.12376
8.10049999994
10.99413
14.3096699999
10.61579
15.9737500001
17.74813
17.4976999999
14.5346000001
19.2134900001
33.9592399999
31.75774
17.0819400001
30.63619
19.02481
14.3842399999
18.23352
12.94224
15.9763000001
28.01917
22.71718
10.0941699999
7.74408000009
14.47951
4.45860999997
41.7629799999
19.4353700001
14.16795
14.40529
9.26240000001
25.5704000001
49.7085299999
11.77784
28.91846
27.6751799999
12.31728
8.21141999995
13.86612
18.18785
28.94433
19.9797
24.26164
19.7219199999
14.25057
13.38825
16.3007399999
65.27117
15.4266999998
22.8561
18.4868
14.31556
10.87976
9.35291000002
25.3367900001
17.1469299999
19.97302
56.91096
6.35193
13.37397
15.5058700001
6.8523700001
29.04904
4.70445999992
21.03752
12.1289999998
10.57455
13.05421
21.0160999999
18.9918
16.6132200001
12.1896299999
16.2814199999
11.71675
30.61495
25.62125
22.30091
12.9443900001
16.5065399999
11.6194099999
13.69325
5.72116999992
13.3807399999
45.55712
6.0821
10.0730299999
14.52313
12.71534
17.5980700001
6.7141000001
23.48802
15.0743100001
13.07361
14.78184
40.47146
22.5454299999
19.1016500001
13.14559
11.93407
20.0260899999
25.68148
22.43298
19.2215400001
14.7445200001
24.89161
15.7400100001
15.0387799999
22.77107
31.5650600001
16.3152600001
19.18128
16.8887
26.8587300001
13.5101199999
9.43848999997
14.17765
35.2331300001
33.22093
59.1899700001
22.2309900001
14.53549
11.07781
41.9191399999
11.0312699999
21.02194
18.17773
24.9604099999
42.4491
10.20828
20.02639
11.7458800001
41.2904899999
9.64286000002
21.2330199999
20.8561099999
11.23823
10.84539
7.14356999996
20.75731
26.29735
12.2593599999
31.9457200001
18.09944
20.49309
6.33400000003
12.88616
16.85676
18.1078600001
11.9066700001
20.5519300001
9.90631999995
19.53291
21.5290400001
6.39818000013
16.05261
18.33361
10.847
19.5295399999
7.52346000005
11.40452
8.26907000004
13.41834
18.7731499999
71.00615
8.17161000008
7.71539000003
14.8433200001
5.89813999995
10.1402700001
23.9609100001
15.87996
13.9336199999
15.8686499998
27.8026299998
25.0099200001
18.6107099999
18.4456700002
24.74264
15.76034
16.3367900001
73.2233499999
32.12095
6.44140999997
20.7428900001
48.23145
22.8439
34.5536699999
14.2938900001
38.7890999999
18.5606
71.0094
64.1081899999
16.5476899999
19.3315900001
16.16964
8.76465000003
17.7870100001
14.41843
10.2615499999
17.0258199999
10.58889
15.31935
28.3500100002
15.9139399999
42.30799
7.27047999995
7.76428
6.57830000005
40.8020499999
8.71369999996
16.3408100002
39.72488
24.9771099999
34.34259
17.1856499999
12.6932300001
8.09430000011
11.3239600001
13.77651
13.0788
11.16958
82.6947900001
15.1396699999
15.0655100001
5.90726000001
26.33161
19.3038100001
17.4298100001
9.73937999993
16.5214399999
13.0996200001
14.7485999999
8.67041999998
15.5756100001
19.9222799999
15.36242
30.99344
14.84853
17.81457
24.4888700001
17.5528299997
12.76642
8.08447
27.3061300002
21.52253
15.5042600001
9.80402000004
20.2654099999
11.5693799999
13.91626
15.1661799999
14.8006600001
21.3350100002
14.99077
16.17278
25.98729
14.9997
22.6657800002
8.22346000001
14.5812199999
4.74424000003
15.6523599999
21.4741
9.69432999997
31.99003
34.50501
11.23479
11.34442
20.12621
17.58588
13.55119
12.06504
10.7217400001
11.8489600001
10.24717
10.4998999999
23.3060599999
13.0441300001
17.83682
11.6846400001
7.13468000002
33.8553299999
35.88534
6.03110999998
28.097
15.75014
22.8041300001
40.70375
19.75017
14.2821900001
11.3549599999
14.83999
15.1780600001
52.5715899999
7.76279999991
35.75297
23.1165199999
15.7953100001
20.3403899999
20.80924
9.02174999996
21.70074
11.70141
10.32684
15.402
6.32668000006
20.5991400001
15.5090399999
12.4175100001
9.58458000002
35.9967299999
83.2650200002
15.5955500001
17.1025899999
21.0930699999
13.5620600001
12.43809
15.5896500002
26.19223
8.15628
19.87878
29.80767
11.55963
8.16174999997
29.9449
14.08219
12.1876999999
23.2453099999
16.9479500002
21.5427000001
14.7257899999
14.63044
16.8230400002
32.13475
13.64092
15.3908400001
27.45741
25.24434
7.96594999998
14.46926
25.82021
7.55061000003
17.19912
15.522
13.8984900001
25.30227
8.73809
16.64925
16.6279300001
23.09418
19.23704
12.836
8.75717
11.67116
16.1397099999
18.15037
15.8630499999
26.2857400001
26.63775
11.55461
17.66793
21.49707
25.6915899999
15.3033500001
30.8139000001
17.2250300001
58.97442
19.5586700001
9.24274000002
16.69025
7.69023000007
14.48101
18.3682399999
26.41281
11.87509
14.05623
18.8417100001
10.13508
29.47275
18.0213799998
35.8933100001
8.93797999993
26.48989
8.61054000002
13.12809
10.6795099999
17.5574499998
9.76965999999
34.3379499998
12.67155
8.47831000003
18.45518
7.68259999994
21.96802
9.9952
16.1107000001
58.07569
24.1154
19.1647699999
12.28157
8.94189999998
10.00034
29.0619
4.65885999997
19.7855
15.80417
18.53455
22.5344899999
18.47363
12.3426999999
13.2357099999
13.4942499999
30.63457
25.2798299999
31.35766
13.56299
36.78867
23.0884200002
11.1344600001
18.9936200001
16.0820500001
23.96701
21.4460700001
32.2750500001
18.6629
20.5010299999
17.59699
19.83121
19.41726
27.2374700001
10.0499200001
12.0016999999
12.3738800001
35.1544
22.83892
30.5536099999
14.6213799999
11.9990699999
24.6589800001
17.0133699999
19.1616
38.1583
17.5453999999
11.29119
8.10262000002
24.94835
18.75789
15.34952
16.2062
26.9255100001
15.1388900001
13.20673
61.63046
16.94101
6.54054999992
15.07867
16.0902
9.67948000005
9.05986000004
21.52053
17.28413
16.88258
40.1166999999
17.6608000001
25.0819999999
23.83173
17.54873
11.3571799999
14.36641
10.69686
25.09971
9.94781000004
35.2934899998
6.02483000001
13.5420000001
27.78491
15.1918
14.92319
14.85824
17.74861
18.3138499999
13.8494299999
30.2855000001
15.0700800001
9.08380000002
7.52980000002
20.56483
15.05018
15.8186999999
57.8449400001
12.1597199999
17.8348
31.89939
21.91331
13.2259399999
21.19884
6.77910000004
14.5533799999
20.9998100001
9.15521
21.1487799999
21.31228
5.95410999993
21.8213399999
18.4244100001
12.3191900001
12.10839
18.7691499999
22.7297299999
16.2339999999
32.0010100001
49.5921
29.00761
24.9965299999
16.58366
15.8887499999
19.4126500001
17.7552
30.96089
6.16836000001
11.7589599999
14.9817499999
16.0533700001
13.49849
14.36413
23.8690599999
15.87132
22.2947800001
18.78149
5.85869999998
21.32617
7.81576000003
26.02452
16.1974999999
11.0865800001
16.44732
17.33996
14.51864
26.4713200001
16.61837
25.0202199999
19.0647400001
17.5284899999
15.50927
16.4315600002
19.2628500001
9.45611999999
20.1680500001
16.3075900001
17.1065400001
18.98891
26.0297900001
20.04343
23.94701
17.08605
18.5949299999
17.35091
12.8566599999
