17.4041299999
12.52356
30.5631200002
21.4657800001
24.6465800001
9.22112
11.85803
10.94382
15.9643900001
32.1073300003
18.4019999999
20.8551699999
14.31304
26.9951000001
8.49445999996
20.95874
36.2631300001
17.78501
13.6995199999
11.00223
12.81813
7.40338999999
28.5746599999
14.6157900001
11.5808900001
10.50437
18.4199300001
9.91828999994
29.64925
15.6355900001
13.09292
15.66633
20.8493499999
11.03149
21.2630100001
10.2703799999
26.88229
11.90767
11.63807
11.20274
15.3737800001
13.91755
10.54215
18.0234899999
7.99706999992
11.6955
17.01966
13.07283
25.46563
35.89401
