37.79142
5.89647999988
7.49667999998
5.90229
15.33706
15.0951800001
20.55168
38.3704599999
24.76059
14.5435099999
23.20195
29.81109
48.82887
13.8092199999
7.57603999996
17.2561699999
62.48471
21.0773
36.94458
20.43426
6.66542000009
7.62035999994
10.45395
19.15993
9.82952999999
16.2964399999
15.49512
16.83183
19.8049499999
18.4163800002
47.3326900001
19.98182
10.58514
11.9051700002
19.06585
22.32134
16.00687
24.38698
23.3507100003
8.18076999998
12.8814900001
22.2312299999
18.32909
14.1926500001
14.3563200001
7.20273000002
21.3969500001
17.3851899999
19.4173800001
28.0263200001
