3.50180000009
18.3244099999
10.15751
9.45323999994
26.27806
23.7904699999
32.1320999999
13.80657
23.85531
8.89517999988
13.688
8.41990999994
8.42821000004
22.09774
20.29932
24.06864
10.15712
19.98065
14.1756699999
23.78812
10.6420700001
17.9956200001
13.69299
7.77239000006
8.75428999995
20.6050200001
13.6242800001
20.4247299999
21.99754
15.12031
29.3742600001
21.31664
9.39944999991
27.77983
8.67360999994
9.6814900001
11.80281
10.90865
13.1762999999
9.78515999997
21.9295599998
19.2034799999
12.8587100001
20.51234
7.94316999998
10.3515199999
26.74947
13.5011900001
16.45898
21.6715300001
