31.5650600001
16.3152600001
19.18128
16.8887
26.8587300001
13.5101199999
9.43848999997
14.17765
35.2331300001
33.22093
59.1899700001
22.2309900001
14.53549
11.07781
41.9191399999
11.0312699999
21.02194
18.17773
24.9604099999
42.4491
10.20828
20.02639
11.7458800001
41.2904899999
9.64286000002
21.2330199999
20.8561099999
11.23823
10.84539
7.14356999996
20.75731
26.29735
12.2593599999
31.9457200001
18.09944
20.49309
6.33400000003
12.88616
16.85676
18.1078600001
11.9066700001
20.5519300001
9.90631999995
19.53291
21.5290400001
6.39818000013
16.05261
18.33361
10.847
19.5295399999
