6.93806000007
27.17755
8.52154999995
21.8638500001
21.73428
8.39178999991
27.6174399999
16.22852
18.57127
12.4015799999
16.57907
12.2358800001
9.20155000011
19.96163
8.85894999991
33.1529600001
6.89283000003
10.93376
16.9175400001
6.33470999997
8.74890999997
17.76556
16.8142200001
29.56219
14.21624
10.30268
37.59835
15.18531
17.40466
15.2387200001
12.4668699999
10.34693
9.05527000001
13.44455
9.43054000009
12.4846399999
7.68909999996
15.3845099999
9.44388000004
6.93570999999
14.2846600001
20.9942100001
11.9406
24.3983400001
13.76827
31.0243099999
18.22462
21.0098999999
14.88693
10.7742699999
