7.52346000005
11.40452
8.26907000004
13.41834
18.7731499999
71.00615
8.17161000008
7.71539000003
14.8433200001
5.89813999995
10.1402700001
23.9609100001
15.87996
13.9336199999
15.8686499998
27.8026299998
25.0099200001
18.6107099999
18.4456700002
24.74264
15.76034
16.3367900001
73.2233499999
32.12095
6.44140999997
20.7428900001
48.23145
22.8439
34.5536699999
14.2938900001
38.7890999999
18.5606
71.0094
64.1081899999
16.5476899999
19.3315900001
16.16964
8.76465000003
17.7870100001
14.41843
10.2615499999
17.0258199999
10.58889
15.31935
28.3500100002
15.9139399999
42.30799
7.27047999995
7.76428
6.57830000005
