12.4175100001
9.58458000002
35.9967299999
83.2650200002
15.5955500001
17.1025899999
21.0930699999
13.5620600001
12.43809
15.5896500002
26.19223
8.15628
19.87878
29.80767
11.55963
8.16174999997
29.9449
14.08219
12.1876999999
23.2453099999
16.9479500002
21.5427000001
14.7257899999
14.63044
16.8230400002
32.13475
13.64092
15.3908400001
27.45741
25.24434
7.96594999998
14.46926
25.82021
7.55061000003
17.19912
15.522
13.8984900001
25.30227
8.73809
16.64925
16.6279300001
23.09418
19.23704
12.836
8.75717
11.67116
16.1397099999
18.15037
15.8630499999
26.2857400001
