20.7980000001
16.05581
32.05504
31.6417200001
33.4098
21.53064
12.8079
46.2514299999
18.4365599999
22.21459
37.7183999999
24.4137800001
16.72207
12.5915700002
17.05544
25.35041
23.5374499999
10.7147299999
24.63458
11.43949
17.5143399999
17.2059599999
19.9241399999
10.76893
5.60054000001
16.2176099999
16.98544
13.7342400001
8.55835999991
19.8834100001
8.90289000003
12.5554300001
19.43417
14.31225
17.9475000002
21.2056199999
19.7556800001
20.18979
5.90286999999
15.30429
4.67559999996
15.5889399999
14.6549100002
15.7992899999
20.77913
12.9981200001
19.98233
16.24468
63.6977900001
21.56622
26.50202
17.7439100001
15.4329999998
13.54338
9.99095999997
21.1818499998
27.01239
26.59818
8.69856000005
24.72464
5.63873000001
18.7538000001
26.0331799999
28.26795
23.1489500001
7.35230999999
18.98288
11.3564800001
6.89251999999
9.67434000003
26.4940099999
17.0137599999
18.6747600001
39.0335400002
18.6930699999
15.73255
35.5203699999
40.27969
14.62534
15.00026
40.0728900001
24.5177499999
41.66445
23.19551
10.92308
10.3866900001
11.7178200001
18.11083
10.89859
22.82375
13.96623
30.7270099998
12.4568099999
15.9285899999
12.6769000001
24.5681
14.38963
24.20312
6.87167000002
14.3289200001
30.73937
13.0154499999
48.63813
9.52403999993
12.01692
3.86207999999
35.0335500001
25.96276
29.52963
13.4103700002
55.18832
10.9797299999
14.65949
19.47693
11.7586899999
20.9077699999
18.0371900001
9.68798000005
28.48432
11.0342300001
22.80914
16.07571
9.17264999996
13.4481899999
10.5477799999
14.6608600002
17.01812
26.7280400001
16.2457
27.1016399999
6.35933000001
16.4252200001
49.5850399998
7.27814000007
15.04591
14.33658
25.38906
17.1200400001
9.70001999999
19.1996599999
13.21379
14.02454
18.1839999999
17.3842000001
7.13368000009
17.1275099999
19.4797
25.56343
15.5785999999
21.56224
31.04889
17.2830500001
12.1439799999
4.97860999999
9.82475999999
24.81109
26.10832
24.4259899999
15.6647300001
31.2227
13.7376399999
26.8342599999
12.94121
8.2551699999
14.77585
12.98962
13.1345599999
35.44281
16.16192
28.6180199999
16.36465
31.1674800001
20.8502800001
4.55694999988
6.74422999995
13.30569
13.8941299999
12.88061
9.80564000004
41.39124
32.0948899999
30.7560000001
20.4486
8.97214999993
18.0933200001
23.9492200001
34.9532099999
31.60794
19.52625
15.3072899999
12.6711700001
15.59367
16.29594
12.13481
44.91642
11.667
15.56186
17.1255599998
14.3299400001
14.56705
22.39904
16.10525
10.33956
28.27141
8.05769000005
54.1910999999
15.6113900001
11.4849800001
19.5371100002
19.16561
11.73887
13.05485
9.21552999993
23.9295300001
9.19710999995
11.5082
29.5828999999
35.7863899999
13.8873600001
32.73612
15.51753
25.2440600001
30.0847400001
11.0779899998
20.85518
8.69648999989
12.71713
48.5208299999
18.81614
11.87228
21.51682
26.7087899999
15.2136200001
14.4061500001
17.6421000001
10.8454
10.5202299999
26.2484
16.9447300001
18.79529
15.8929399999
33.2440599999
30.90885
16.77197
47.7394900001
8.31813000003
49.0615399999
14.2074299997
28.5529100001
13.76747
18.72025
20.7413100001
24.22208
20.64269
7.93744000001
12.7242099999
11.1167400001
18.1926299999
41.57044
12.35406
33.30858
8.84024999989
39.3413
20.6957200001
12.1954999999
18.7992100001
17.6859500001
25.9624000001
24.03214
78.46502
9.73245999997
24.93273
31.2729099999
6.14335999987
11.81232
15.9243999999
15.0391999999
13.3892000001
7.34180000005
12.6958199999
17.9318499999
28.0105699999
19.5389099999
33.95218
16.11152
16.58527
9.68625000003
14.64906
22.5157
22.77668
7.83481999999
9.14792000002
15.41065
8.42197000002
59.5539599999
17.12041
18.4093700001
34.1119100001
13.4268199999
11.35713
27.4248500001
16.9367300002
14.4864599999
8.89127999998
11.45817
14.32057
13.6213999998
11.51427
23.1331600001
12.34689
15.5676500001
6.02435000008
5.58615999995
6.39945999999
12.98572
55.78464
8.15662999998
12.52737
15.70839
39.07416
18.1546700001
19.2456499999
23.16289
5.68696999992
13.6831500001
19.1138400001
9.2755799999
19.0295199999
21.5358999999
6.49367
21.1021099999
39.90514
14.8777399999
45.84744
14.0924900001
24.9746699999
3.74456000002
11.9129100002
22.15007
19.5321299999
8.83191000007
22.72023
19.7335000001
20.2919599999
18.87652
15.00155
17.2936199999
13.2785
14.0755599999
13.0294
5.44949999999
22.99395
4.51967000007
8.86433999997
26.3266799999
24.1088299999
30.39639
15.84308
22.10656
25.0475399999
14.5274500001
24.5812700001
14.3578400001
12.65947
40.7214700001
12.12159
18.79356
16.81652
28.04283
9.00665
22.4478699999
11.4468
27.4059600001
9.14202000003
26.2823000003
10.38703
16.39634
29.3533899999
7.52617999993
32.47462
57.07065
36.1649600001
7.97271999996
24.88836
18.9964399999
55.6403300001
16.93047
13.98277
19.9963599998
59.06083
20.3032600001
21.66992
13.4160699999
9.17759999994
30.8753999999
11.4903800001
47.4561899999
24.77091
28.21386
11.83609
16.6601999999
17.4639899998
51.7813500001
9.59447000001
60.17103
9.26156999997
15.6737300002
18.90536
34.41017
7.73228
12.4835099999
12.47915
11.08216
21.5903
20.27708
5.14564000012
9.88193999999
17.73596
32.2765200001
17.40848
34.9658899999
22.3646699999
12.55363
17.2300999999
12.27472
35.02581
14.7729099999
16.0762400001
14.6545700001
7.47155999998
20.8340200001
24.06785
10.5574599999
5.34369000001
21.5353799999
66.321
19.08664
15.75431
18.8020199999
9.93374999985
49.2427399999
15.1789499999
8.49933999986
11.87259
19.94757
35.3866399999
14.25105
6.47817999986
25.08611
17.1868199999
5.93984999997
12.6999799999
52.2904800001
17.53182
16.8097499999
21.5392
27.13395
22.6188899999
18.64257
11.8956
23.43918
26.1616499999
10.3610799999
35.8382
26.4576900001
48.01542
33.47986
13.9873
10.1695300001
14.64003
23.15413
22.1776400001
37.1634199999
12.8730199999
17.90949
20.6308399999
8.54876000003
14.10979
29.23948
12.22227
13.3129900001
24.61165
14.19722
8.86022000003
15.1073500001
18.0216399999
22.8625699999
19.1237999999
20.56746
9.01575999998
8.19348999998
18.7849799999
21.0438
13.42343
16.7533199999
15.6410300001
21.85678
11.7609399999
16.20835
24.71899
8.10458000004
8.48462
13.8226300001
23.05355
9.50281999994
12.0422899999
25.71908
41.6955499999
13.2449800001
9.55452000001
14.5812100001
14.4847299999
8.07822999998
6.17715999996
20.6571899999
23.91827
34.96505
27.78908
15.72567
17.61187
39.2516199998
11.39527
16.50992
13.55151
10.2805400001
17.5661299999
16.8981999999
13.66529
10.11686
22.6122
19.1339299999
9.96233000001
14.5092600002
16.47156
21.9872699999
4.43086000008
13.7005800001
10.2819299999
28.8495600001
21.30077
6.74658000004
10.4151199999
16.1818600001
27.66296
10.7087300001
16.06683
35.1045100001
8.53477999999
23.43605
45.61824
37.5320100002
21.2834700001
21.42662
22.00958
26.21049
4.61022999999
17.5802500001
22.90869
15.977
8.74143000005
7.70788000012
15.3091599999
8.42665000004
6.73630999995
7.64202000003
21.5628000001
16.6425999999
6.68456999992
19.2304500001
31.3499100001
23.5355199999
16.35531
15.93883
30.50089
11.17531
17.6898399999
19.9244899999
17.09967
8.00239000004
9.45581999992
10.4543099999
36.42903
9.39679999987
15.3605899998
18.3376099999
14.59918
10.3160400001
62.6491799999
14.79253
17.4820000001
28.4534999999
16.4544500001
13.27749
6.4596099999
36.68172
37.05493
15.99401
14.9227699999
5.19258000003
11.9749200001
6.04631999996
16.76994
18.01466
32.8480100001
9.10852000001
18.5281
22.61328
8.65500999999
13.70488
13.9965599998
46.0068500001
16.8670900001
25.09871
23.56543
16.06676
39.11539
27.43825
22.04847
8.30682000006
31.8584499999
18.88648
21.30834
17.59676
9.45097999997
9.36713000003
10.0041400001
28.4330000001
16.4398100001
14.3328
9.41651000001
62.2120099999
10.52513
14.82924
14.2614000001
10.49907
10.68591
29.90668
19.0523700002
12.29129
26.5579999998
9.28060000006
16.81704
14.54504
13.26755
27.82685
17.9533500001
26.52266
18.76026
25.4254600001
17.1564399998
13.22005
6.48597000004
22.3939200001
17.3113200001
15.3700400001
59.6487200001
20.2658699999
22.98913
9.67440999998
12.5686700001
28.97407
10.56697
60.59986
15.31683
40.22925
6.42542999994
19.7858200001
7.74242999998
27.93482
18.2931499999
20.18307
23.1598900001
17.97163
23.71421
9.53905000002
16.5043800001
11.6251600001
17.1740999999
7.0925899999
10.12512
16.6286500001
9.61017
10.63757
11.21283
18.83184
12.5781
50.87999
38.22835
30.67986
13.7182300001
18.1107000001
21.06825
20.31592
18.0944899999
16.30802
5.66500000004
21.72549
21.39715
13.04431
14.3863100001
20.9289600002
17.2384699999
20.38919
7.15871999995
20.28033
7.74609000003
17.5773499999
17.74181
8.05262000009
13.0714499999
21.8887900001
17.306
8.64110000001
16.3026500001
14.9207199999
12.2858199999
28.74653
16.25321
14.78416
45.0552700001
14.9034299999
24.53921
21.61998
16.91668
15.90854
28.3097499999
17.1170699999
31.2549299999
32.2350300001
15.3655999999
19.37913
43.3114
15.5949599999
24.4482000001
18.10341
8.96665000007
24.3331399999
14.15512
21.0641800001
10.1538000001
10.7895900001
15.6709
15.0177999999
17.4307200002
6.92933000007
15.50801
15.5595
8.32449000014
24.12404
20.49893
9.62156
8.54200999998
8.12559000007
10.3476900001
7.55704999994
21.3409500001
13.67736
20.09164
32.44872
9.96478999988
18.6021
20.2495799999
10.3420599999
11.1995699999
15.09328
16.1562600001
17.8430999999
12.9119799999
8.60661000002
11.2126099999
19.04223
26.7693699999
19.9633200001
18.4154099999
13.4256200001
13.1281699999
18.8717
19.40322
32.8805699999
15.22673
22.27782
17.06176
6.03464000009
22.34861
12.6662
27.44917
14.84864
12.04905
10.50977
15.6594700001
12.9838
16.25968
20.27506
14.87757
9.49060999998
10.2408800001
15.62529
23.4312500001
23.1827
17.47618
19.6437800002
16.29042
14.7641700001
11.45554
10.83722
18.55348
26.32505
13.7013600001
32.7379600001
10.22477
17.6326799999
11.90738
24.8879
21.2223499999
13.29315
18.28324
17.54654
21.1143200001
24.53272
21.0828000002
12.32627
15.7687000001
31.3505599999
18.8250599999
16.25006
21.3034600002
21.71907
11.89396
16.4602399999
25.5319800001
20.1474599999
12.77218
17.73373
11.4694600001
12.1579900001
9.06654000003
18.31249
26.81536
17.9573699998
15.75721
17.30252
12.2298399999
19.4591199999
10.22488
11.09288
38.7371200001
7.86462000001
6.39086000016
19.4680399999
10.9602399999
13.60514
22.7184400001
31.95224
24.8315499998
24.0440999999
19.39787
8.59926000005
26.83273
14.91919
4.86762000003
19.4222500001
15.1088299998
5.76155000005
9.41016000009
63.55339
17.5802099999
11.28162
5.98185999994
17.27052
8.27315999998
58.96938
8.46386000002
18.4489099999
28.8082399999
24.11546
11.5441599999
25.18038
34.57303
27.4811799999
16.7755699999
11.34405
20.05115
9.91283000004
3.12069000001
19.03411
18.3926600001
15.28452
14.2853100001
35.8159200001
6.71780999994
17.55875
6.85462
16.2739700001
8.69851999998
17.1787899999
25.6764700001
5.87704000005
13.1491699999
8.03286000004
19.08195
19.55366
14.55565
16.9820500001
10.27546
8.5999700001
15.1805099999
8.0962899999
13.26439
11.3103499999
7.99291000003
10.9232300001
11.77119
22.1278899999
9.04369000008
17.5424899999
12.55342
42.8907
18.41366
22.44723
13.89143
15.92976
26.3805799999
35.12574
26.7916
36.3579299999
13.3567400001
10.5330000001
25.55426
24.31989
17.39859
16.56853
15.53686
9.11989000021
8.74742000003
20.3260599999
15.0733499998
15.82314
17.31282
4.71777999995
7.15824000002
18.9349999999
41.1322000001
11.0924100002
45.7673999999
19.6466799998
14.15419
30.1248700001
15.7918399998
9.41261999996
19.2453900001
14.97302
10.9210600001
7.76011999999
93.73133
12.5463800001
19.01991
21.7532299999
14.7551700001
15.9523
5.07137999998
12.0954399999
38.0331199999
30.49457
16.96725
20.4619
23.9498999999
81.7421
7.48595999996
14.78611
37.5030100001
17.9832499999
26.34266
27.59982
28.2704500001
18.3631399999
26.4775099999
19.4386
15.35357
13.8466399999
17.1121
68.33335
15.5849499999
21.1571
34.6776599999
50.21033
8.93926999997
9.42559
14.1714399999
19.7978000001
14.11691
29.74138
17.22112
25.42297
15.0825700001
6.5592299999
18.14903
11.9563900002
21.1420399999
38.10702
17.67472
