20.9289600002
17.2384699999
20.38919
7.15871999995
20.28033
7.74609000003
17.5773499999
17.74181
8.05262000009
13.0714499999
21.8887900001
17.306
8.64110000001
16.3026500001
14.9207199999
12.2858199999
28.74653
16.25321
14.78416
45.0552700001
14.9034299999
24.53921
21.61998
16.91668
15.90854
28.3097499999
17.1170699999
31.2549299999
32.2350300001
15.3655999999
19.37913
43.3114
15.5949599999
24.4482000001
18.10341
8.96665000007
24.3331399999
14.15512
21.0641800001
10.1538000001
10.7895900001
15.6709
15.0177999999
17.4307200002
6.92933000007
15.50801
15.5595
8.32449000014
24.12404
20.49893
