22.39904
16.10525
10.33956
28.27141
8.05769000005
54.1910999999
15.6113900001
11.4849800001
19.5371100002
19.16561
11.73887
13.05485
9.21552999993
23.9295300001
9.19710999995
11.5082
29.5828999999
35.7863899999
13.8873600001
32.73612
15.51753
25.2440600001
30.0847400001
11.0779899998
20.85518
8.69648999989
12.71713
48.5208299999
18.81614
11.87228
21.51682
26.7087899999
15.2136200001
14.4061500001
17.6421000001
10.8454
10.5202299999
26.2484
16.9447300001
18.79529
15.8929399999
33.2440599999
30.90885
16.77197
47.7394900001
8.31813000003
49.0615399999
14.2074299997
28.5529100001
13.76747
