20.7980000001
16.05581
32.05504
31.6417200001
33.4098
21.53064
12.8079
46.2514299999
18.4365599999
22.21459
37.7183999999
24.4137800001
16.72207
12.5915700002
17.05544
25.35041
23.5374499999
10.7147299999
24.63458
11.43949
17.5143399999
17.2059599999
19.9241399999
10.76893
5.60054000001
16.2176099999
16.98544
13.7342400001
8.55835999991
19.8834100001
8.90289000003
12.5554300001
19.43417
14.31225
17.9475000002
21.2056199999
19.7556800001
20.18979
5.90286999999
15.30429
4.67559999996
15.5889399999
14.6549100002
15.7992899999
20.77913
12.9981200001
19.98233
16.24468
63.6977900001
21.56622
