19.55366
14.55565
16.9820500001
10.27546
8.5999700001
15.1805099999
8.0962899999
13.26439
11.3103499999
7.99291000003
10.9232300001
11.77119
22.1278899999
9.04369000008
17.5424899999
12.55342
42.8907
18.41366
22.44723
13.89143
15.92976
26.3805799999
35.12574
26.7916
36.3579299999
13.3567400001
10.5330000001
25.55426
24.31989
17.39859
16.56853
15.53686
9.11989000021
8.74742000003
20.3260599999
15.0733499998
15.82314
17.31282
4.71777999995
7.15824000002
18.9349999999
41.1322000001
11.0924100002
45.7673999999
19.6466799998
14.15419
30.1248700001
15.7918399998
9.41261999996
19.2453900001
