19.6437800002
16.29042
14.7641700001
11.45554
10.83722
18.55348
26.32505
13.7013600001
32.7379600001
10.22477
17.6326799999
11.90738
24.8879
21.2223499999
13.29315
18.28324
17.54654
21.1143200001
24.53272
21.0828000002
12.32627
15.7687000001
31.3505599999
18.8250599999
16.25006
21.3034600002
21.71907
11.89396
16.4602399999
25.5319800001
20.1474599999
12.77218
17.73373
11.4694600001
12.1579900001
9.06654000003
18.31249
26.81536
17.9573699998
15.75721
17.30252
12.2298399999
19.4591199999
10.22488
11.09288
38.7371200001
7.86462000001
6.39086000016
19.4680399999
10.9602399999
