5.44949999999
22.99395
4.51967000007
8.86433999997
26.3266799999
24.1088299999
30.39639
15.84308
22.10656
25.0475399999
14.5274500001
24.5812700001
14.3578400001
12.65947
40.7214700001
12.12159
18.79356
16.81652
28.04283
9.00665
22.4478699999
11.4468
27.4059600001
9.14202000003
26.2823000003
10.38703
16.39634
29.3533899999
7.52617999993
32.47462
57.07065
36.1649600001
7.97271999996
24.88836
18.9964399999
55.6403300001
16.93047
13.98277
19.9963599998
59.06083
20.3032600001
21.66992
13.4160699999
9.17759999994
30.8753999999
11.4903800001
47.4561899999
24.77091
28.21386
11.83609
