14.97302
10.9210600001
7.76011999999
93.73133
12.5463800001
19.01991
21.7532299999
14.7551700001
15.9523
5.07137999998
12.0954399999
38.0331199999
30.49457
16.96725
20.4619
23.9498999999
81.7421
7.48595999996
14.78611
37.5030100001
17.9832499999
26.34266
27.59982
28.2704500001
18.3631399999
26.4775099999
19.4386
15.35357
13.8466399999
17.1121
68.33335
15.5849499999
21.1571
34.6776599999
50.21033
8.93926999997
9.42559
14.1714399999
19.7978000001
14.11691
29.74138
17.22112
25.42297
15.0825700001
6.5592299999
18.14903
11.9563900002
21.1420399999
38.10702
17.67472
