13.60514
22.7184400001
31.95224
24.8315499998
24.0440999999
19.39787
8.59926000005
26.83273
14.91919
4.86762000003
19.4222500001
15.1088299998
5.76155000005
9.41016000009
63.55339
17.5802099999
11.28162
5.98185999994
17.27052
8.27315999998
58.96938
8.46386000002
18.4489099999
28.8082399999
24.11546
11.5441599999
25.18038
34.57303
27.4811799999
16.7755699999
11.34405
20.05115
9.91283000004
3.12069000001
19.03411
18.3926600001
15.28452
14.2853100001
35.8159200001
6.71780999994
17.55875
6.85462
16.2739700001
8.69851999998
17.1787899999
25.6764700001
5.87704000005
13.1491699999
8.03286000004
19.08195
