13.22005
6.48597000004
22.3939200001
17.3113200001
15.3700400001
59.6487200001
20.2658699999
22.98913
9.67440999998
12.5686700001
28.97407
10.56697
60.59986
15.31683
40.22925
6.42542999994
19.7858200001
7.74242999998
27.93482
18.2931499999
20.18307
23.1598900001
17.97163
23.71421
9.53905000002
16.5043800001
11.6251600001
17.1740999999
7.0925899999
10.12512
16.6286500001
9.61017
10.63757
11.21283
18.83184
12.5781
50.87999
38.22835
30.67986
13.7182300001
18.1107000001
21.06825
20.31592
18.0944899999
16.30802
5.66500000004
21.72549
21.39715
13.04431
14.3863100001
