18.72025
20.7413100001
24.22208
20.64269
7.93744000001
12.7242099999
11.1167400001
18.1926299999
41.57044
12.35406
33.30858
8.84024999989
39.3413
20.6957200001
12.1954999999
18.7992100001
17.6859500001
25.9624000001
24.03214
78.46502
9.73245999997
24.93273
31.2729099999
6.14335999987
11.81232
15.9243999999
15.0391999999
13.3892000001
7.34180000005
12.6958199999
17.9318499999
28.0105699999
19.5389099999
33.95218
16.11152
16.58527
9.68625000003
14.64906
22.5157
22.77668
7.83481999999
9.14792000002
15.41065
8.42197000002
59.5539599999
17.12041
18.4093700001
34.1119100001
13.4268199999
11.35713
