27.4248500001
16.9367300002
14.4864599999
8.89127999998
11.45817
14.32057
13.6213999998
11.51427
23.1331600001
12.34689
15.5676500001
6.02435000008
5.58615999995
6.39945999999
12.98572
55.78464
8.15662999998
12.52737
15.70839
39.07416
18.1546700001
19.2456499999
23.16289
5.68696999992
13.6831500001
19.1138400001
9.2755799999
19.0295199999
21.5358999999
6.49367
21.1021099999
39.90514
14.8777399999
45.84744
14.0924900001
24.9746699999
3.74456000002
11.9129100002
22.15007
19.5321299999
8.83191000007
22.72023
19.7335000001
20.2919599999
18.87652
15.00155
17.2936199999
13.2785
14.0755599999
13.0294
