9.62156
8.54200999998
8.12559000007
10.3476900001
7.55704999994
21.3409500001
13.67736
20.09164
32.44872
9.96478999988
18.6021
20.2495799999
10.3420599999
11.1995699999
15.09328
16.1562600001
17.8430999999
12.9119799999
8.60661000002
11.2126099999
19.04223
26.7693699999
19.9633200001
18.4154099999
13.4256200001
13.1281699999
18.8717
19.40322
32.8805699999
15.22673
22.27782
17.06176
6.03464000009
22.34861
12.6662
27.44917
14.84864
12.04905
10.50977
15.6594700001
12.9838
16.25968
20.27506
14.87757
9.49060999998
10.2408800001
15.62529
23.4312500001
23.1827
17.47618
