6.04631999996
16.76994
18.01466
32.8480100001
9.10852000001
18.5281
22.61328
8.65500999999
13.70488
13.9965599998
46.0068500001
16.8670900001
25.09871
23.56543
16.06676
39.11539
27.43825
22.04847
8.30682000006
31.8584499999
18.88648
21.30834
17.59676
9.45097999997
9.36713000003
10.0041400001
28.4330000001
16.4398100001
14.3328
9.41651000001
62.2120099999
10.52513
14.82924
14.2614000001
10.49907
10.68591
29.90668
19.0523700002
12.29129
26.5579999998
9.28060000006
16.81704
14.54504
13.26755
27.82685
17.9533500001
26.52266
18.76026
25.4254600001
17.1564399998
