26.50202
17.7439100001
15.4329999998
13.54338
9.99095999997
21.1818499998
27.01239
26.59818
8.69856000005
24.72464
5.63873000001
18.7538000001
26.0331799999
28.26795
23.1489500001
7.35230999999
18.98288
11.3564800001
6.89251999999
9.67434000003
26.4940099999
17.0137599999
18.6747600001
39.0335400002
18.6930699999
15.73255
35.5203699999
40.27969
14.62534
15.00026
40.0728900001
24.5177499999
41.66445
23.19551
10.92308
10.3866900001
11.7178200001
18.11083
10.89859
22.82375
13.96623
30.7270099998
12.4568099999
15.9285899999
12.6769000001
24.5681
14.38963
24.20312
6.87167000002
14.3289200001
