30.73937
13.0154499999
48.63813
9.52403999993
12.01692
3.86207999999
35.0335500001
25.96276
29.52963
13.4103700002
55.18832
10.9797299999
14.65949
19.47693
11.7586899999
20.9077699999
18.0371900001
9.68798000005
28.48432
11.0342300001
22.80914
16.07571
9.17264999996
13.4481899999
10.5477799999
14.6608600002
17.01812
26.7280400001
16.2457
27.1016399999
6.35933000001
16.4252200001
49.5850399998
7.27814000007
15.04591
14.33658
25.38906
17.1200400001
9.70001999999
19.1996599999
13.21379
14.02454
18.1839999999
17.3842000001
7.13368000009
17.1275099999
19.4797
25.56343
15.5785999999
21.56224
