8.10458000004
8.48462
13.8226300001
23.05355
9.50281999994
12.0422899999
25.71908
41.6955499999
13.2449800001
9.55452000001
14.5812100001
14.4847299999
8.07822999998
6.17715999996
20.6571899999
23.91827
34.96505
27.78908
15.72567
17.61187
39.2516199998
11.39527
16.50992
13.55151
10.2805400001
17.5661299999
16.8981999999
13.66529
10.11686
22.6122
19.1339299999
9.96233000001
14.5092600002
16.47156
21.9872699999
4.43086000008
13.7005800001
10.2819299999
28.8495600001
21.30077
6.74658000004
10.4151199999
16.1818600001
27.66296
10.7087300001
16.06683
35.1045100001
8.53477999999
23.43605
45.61824
