37.5320100002
21.2834700001
21.42662
22.00958
26.21049
4.61022999999
17.5802500001
22.90869
15.977
8.74143000005
7.70788000012
15.3091599999
8.42665000004
6.73630999995
7.64202000003
21.5628000001
16.6425999999
6.68456999992
19.2304500001
31.3499100001
23.5355199999
16.35531
15.93883
30.50089
11.17531
17.6898399999
19.9244899999
17.09967
8.00239000004
9.45581999992
10.4543099999
36.42903
9.39679999987
15.3605899998
18.3376099999
14.59918
10.3160400001
62.6491799999
14.79253
17.4820000001
28.4534999999
16.4544500001
13.27749
6.4596099999
36.68172
37.05493
15.99401
14.9227699999
5.19258000003
11.9749200001
