5.93984999997
12.6999799999
52.2904800001
17.53182
16.8097499999
21.5392
27.13395
22.6188899999
18.64257
11.8956
23.43918
26.1616499999
10.3610799999
35.8382
26.4576900001
48.01542
33.47986
13.9873
10.1695300001
14.64003
23.15413
22.1776400001
37.1634199999
12.8730199999
17.90949
20.6308399999
8.54876000003
14.10979
29.23948
12.22227
13.3129900001
24.61165
14.19722
8.86022000003
15.1073500001
18.0216399999
22.8625699999
19.1237999999
20.56746
9.01575999998
8.19348999998
18.7849799999
21.0438
13.42343
16.7533199999
15.6410300001
21.85678
11.7609399999
16.20835
24.71899
