31.04889
17.2830500001
12.1439799999
4.97860999999
9.82475999999
24.81109
26.10832
24.4259899999
15.6647300001
31.2227
13.7376399999
26.8342599999
12.94121
8.2551699999
14.77585
12.98962
13.1345599999
35.44281
16.16192
28.6180199999
16.36465
31.1674800001
20.8502800001
4.55694999988
6.74422999995
13.30569
13.8941299999
12.88061
9.80564000004
41.39124
32.0948899999
30.7560000001
20.4486
8.97214999993
18.0933200001
23.9492200001
34.9532099999
31.60794
19.52625
15.3072899999
12.6711700001
15.59367
16.29594
12.13481
44.91642
11.667
15.56186
17.1255599998
14.3299400001
14.56705
