16.6601999999
17.4639899998
51.7813500001
9.59447000001
60.17103
9.26156999997
15.6737300002
18.90536
34.41017
7.73228
12.4835099999
12.47915
11.08216
21.5903
20.27708
5.14564000012
9.88193999999
17.73596
32.2765200001
17.40848
34.9658899999
22.3646699999
12.55363
17.2300999999
12.27472
35.02581
14.7729099999
16.0762400001
14.6545700001
7.47155999998
20.8340200001
24.06785
10.5574599999
5.34369000001
21.5353799999
66.321
19.08664
15.75431
18.8020199999
9.93374999985
49.2427399999
15.1789499999
8.49933999986
11.87259
19.94757
35.3866399999
14.25105
6.47817999986
25.08611
17.1868199999
