12.12636
11.2764300001
30.1666900001
10.4601700001
8.95480999991
14.07507
11.5954200001
21.1867800001
9.75445999997
22.9439999999
5.63141000003
6.99919
17.56703
10.94916
7.72058000008
7.96949000005
19.9827399998
45.71909
14.8515900001
8.18148999999
23.59668
55.20128
17.9053399999
14.67227
8.04487999994
16.2499700001
12.38983
9.32069999992
7.07212000003
31.79683
22.6804599999
10.5518999998
15.63011
10.6014800001
13.4223099998
14.5302199998
9.94449000014
6.6245700001
7.90636000002
11.9479199999
11.8636700001
10.00528
9.80544000003
17.35196
7.67071999994
12.4280899999
6.63387000002
15.8522699999
13.95255
14.6938199999
