6.12053000007
9.0464799999
12.9396200001
15.1732
10.6803799998
10.2388000001
10.9862
20.2412900002
24.0205
9.90413000016
37.14035
12.87274
52.18594
19.1507999999
5.41550999996
17.96079
11.7125800001
23.65559
14.13752
29.7839299999
9.41625000001
13.84207
13.5210899999
11.69379
9.35278000007
24.88964
15.9877300002
6.41477000003
26.95875
42.4051600001
7.64637999993
8.16824000003
15.5133
21.31343
23.0276999999
30.43642
22.04053
21.83331
11.1319400001
24.01292
21.63879
21.55532
13.58613
10.02564
7.96641999995
54.0868199999
15.04638
11.92448
13.4646900001
3.50553999993
