6.54762999993
14.3033400001
12.8071100001
12.0293000001
9.27093999996
25.9782700001
37.46161
8.80677000002
26.68287
9.18553999998
16.17863
24.1386500001
10.75957
34.8238800002
9.61902999994
5.79967999994
8.81189999997
7.08622000006
22.68891
16.8848100001
13.20926
15.2694399999
15.7666099999
11.9502700001
7.13089000003
12.35193
14.48008
13.5203699999
16.6551100001
16.1933599999
15.9244499999
19.28379
13.0885499999
10.07233
44.46835
18.6584799999
10.0542499999
12.87468
14.5555399999
16.8032199999
20.98064
13.2155399999
9.12234
9.54949
15.16337
5.42721999995
16.48831
17.9491
11.1225300001
34.26223
