15.9953999999
10.4625500001
4.83882000006
32.2355300001
12.3540000001
12.6025599999
14.7141699999
11.8598600001
32.10794
9.88803000003
8.57939000009
21.2292800001
19.4710700001
18.81129
30.2934200001
9.40690000006
15.4027699999
19.9353199999
5.38254000002
8.52499000006
11.4826
29.4827599999
33.8149400002
14.1306000001
41.5496499999
15.7590000001
14.64653
18.80516
35.2946500002
180.01688
27.59048
9.02738999994
8.5099200001
16.43123
10.00235
26.1230900001
7.96990000003
17.76128
22.20258
6.23515000008
36.80299
12.03547
21.72132
30.5657600001
13.3541700001
8.96218999999
5.93154000002
16.1172199999
7.48459000001
5.84513000003
