7.6838
6.80677000002
18.25636
16.42134
15.037
7.51691999997
20.44168
60.41161
17.3769400001
11.67472
19.65776
16.1546499999
36.15336
14.8393700001
18.24642
18.3047400001
18.3631900001
15.97317
13.46424
17.01923
6.91419000004
13.5277999999
33.4486400001
8.98257999995
9.12029999995
8.85056000005
10.2812300001
15.96714
21.9437399999
20.8873200001
12.42722
19.7126
9.39320000005
12.37309
6.85333000007
35.5460900001
15.2178500001
46.7395200001
12.1102299998
5.88033000007
26.07358
14.9543600001
14.1906300001
26.22187
12.36216
12.27651
21.35847
21.9659600001
13.9715700001
14.05888
