32.5944899998
3.98627999995
7.71472000005
7.50219000003
17.23706
7.36268999998
22.4782400001
9.14735999994
16.7395400001
20.8920699999
16.35594
23.0889699999
19.5702599999
15.6821000001
7.74740999995
17.3772999999
18.0158999999
13.02738
10.4958800001
14.82911
13.17165
11.79941
10.0106400001
32.0213900001
10.72848
7.24363000016
17.34857
28.31848
11.3715100001
12.08999
18.29237
11.87875
12.2051199999
9.35580000002
15.9437299999
17.6296400001
8.29710000008
19.8287800001
7.77997999999
22.56559
10.7137199999
23.41949
19.7315300001
9.17877000012
24.2395100001
26.0328299999
6.97493000003
14.24812
8.96235000005
11.7322600002
