13.11289
11.2747399999
18.5988700001
10.44843
86.2100899999
35.2660799999
15.00987
35.95782
5.99632999999
7.2121
13.9961
13.05089
17.31339
14.5919100001
15.74397
10.92776
16.6910799999
18.49394
16.04388
17.62057
12.74789
10.33873
6.9564299999
20.6760300001
20.5565200001
10.3626600001
19.86098
19.24807
10.917
6.74810000008
10.9108599999
13.32793
20.1263099998
13.2309799999
59.91533
4.27651
8.70429000002
24.46605
13.63145
9.13399000012
26.0488999999
18.2018899999
9.61307999992
13.03686
4.73230999999
13.5062099999
9.20183999999
52.38731
55.7347200001
16.3239600001
