9.64272999996
16.1902899999
6.52249999996
24.1349599999
16.2117099998
22.9239199999
6.21002000012
36.5325199999
8.52243000001
27.50602
23.40626
11.96111
6.52654999995
8.77237000002
12.94441
17.41388
11.4559899999
11.80036
7.75511000003
12.0962200001
9.76303999999
14.7915699999
17.7737500001
7.66391999996
8.56384999992
19.4226399999
10.4746000001
9.84358999995
25.32895
11.2817299999
12.7878
19.82831
10.7156199999
16.3913200002
82.0544799999
17.86486
27.2299099999
44.22297
10.99349
14.05106
18.6497599999
17.71065
21.7613499999
17.26234
19.51498
17.1381800001
6.32166999998
14.57914
17.54568
5.07097999996
