5.65962000005
12.99399
7.39647000004
12.46024
12.97749
22.77594
18.3694999999
6.74572999997
14.0493800001
11.00218
13.3915199999
8.65756000008
13.7857
9.97866999998
16.7152400002
13.4046400001
28.3770400001
20.0771600001
15.47731
21.0901300001
11.3602999999
13.28815
16.2184300001
38.16366
8.09502000001
27.9163899999
33.4422899999
11.49043
8.58592999983
15.27812
16.89322
10.63192
22.4123200001
8.28665999998
6.40399000002
9.56679999991
28.39602
17.95878
17.69521
11.48415
13.06488
13.59366
22.08394
23.1989699999
15.9392899999
13.54345
17.7956100001
17.64037
22.61868
12.36469
