18.76886
37.7301500001
12.0144400001
26.0579199999
7.58958000003
20.42472
15.32352
39.65347
18.68175
5.31175999995
14.57311
42.37806
27.3421
9.08425000007
36.74046
11.9647700001
10.0799
8.40620000008
18.08184
48.99342
7.94077999995
10.2668199999
13.77715
13.0962200001
20.6473600001
17.3388600001
14.8184
8.03886000009
13.35679
10.49138
22.73942
23.0537100001
16.09779
9.63935999991
4.49734999996
39.78081
28.67301
26.37064
16.13382
17.9614600001
25.9627500001
11.01695
13.6199600002
7.56980000006
9.95767000003
39.4774199999
11.1272100001
46.37239
14.30318
16.62741
14.7074000001
14.08179
26.0375900001
11.2385
21.6796799999
17.9414200002
6.82307000004
14.06553
20.61126
14.4508600001
38.1995699999
23.4276899999
10.7155899999
21.1508400001
21.7733000001
18.12149
12.30259
21.8911499999
9.06281999999
18.6453099999
28.5818800001
6.87235000008
21.9487399999
22.0780399998
25.22958
32.5250499999
33.89998
6.20650999993
7.52370000002
8.15197000001
9.24209000007
7.49755999993
39.1928100002
15.42304
30.05926
13.83665
27.5706000001
13.98392
15.3007300001
43.4674900001
31.3139599999
10.36024
22.3593699998
14.76723
25.40827
12.1503300001
9.70270000002
17.0508799999
4.3063099999
8.86202999996
9.82272000005
31.86667
19.1809
33.27209
15.9882899999
15.56771
11.10814
14.37949
7.11453999998
13.94083
10.4707900001
11.4103199999
10.0160700001
16.27597
20.7368599998
16.6330699999
31.27287
8.35638999997
47.01112
21.7620099999
11.50616
7.72136999993
8.05615999992
13.1651300001
10.02529
15.6428
15.33879
18.1314900001
47.4201
30.4721899999
12.1867899999
15.97392
18.1105700001
4.80699000007
8.13045000006
15.45803
43.51682
8.76640000008
15.9578
7.14968999987
40.5603300001
7.50820000004
30.8283999998
16.33376
10.51275
16.27455
5.17899000004
20.49057
9.10387999995
11.926
8.48910999997
16.58535
21.4746899999
9.68075000006
14.5116600001
17.17501
10.69701
15.2324400001
6.52351000009
10.61369
8.41886999994
17.88805
9.05407999991
18.15115
9.47116999992
14.16356
8.10105000006
12.48337
8.93968000007
9.26474999997
4.26264999993
8.46438000014
42.2682000002
10.5202500001
15.56908
13.50077
17.3077699998
7.63867999997
27.9059300001
6.83343
28.04501
16.30313
6.83259999997
12.4514199999
16.1568300001
8.68027000013
7.25026
28.5226899999
28.62689
23.23621
8.7855
11.13473
15.70601
13.0044200001
10.16114
17.62149
6.58799999999
10.42756
10.0737899999
14.1115099998
21.3059900001
28.1533100001
11.4063
11.4553500001
17.2852200002
5.96850000008
8.12445000012
7.19637000002
22.86195
27.4883699999
12.1208799999
9.39849000005
17.0381
7.40541000012
13.91128
18.3043500001
19.2285
15.40611
12.27838
6.60736999998
7.19427000009
19.67604
10.5572799999
11.9023300001
15.7098299999
16.0679199999
8.09591000003
19.4839500001
27.31923
51.09406
6.55717999989
17.41867
25.9670799999
14.7281900001
10.7457999999
10.65842
11.6686800001
19.97479
18.99826
13.6074099999
14.4845
19.05547
10.10444
22.3109
8.53690000006
17.4743999999
20.7911499999
24.9125399999
8.28171000001
11.0738700001
13.11289
11.2747399999
18.5988700001
10.44843
86.2100899999
35.2660799999
15.00987
35.95782
5.99632999999
7.2121
13.9961
13.05089
17.31339
14.5919100001
15.74397
10.92776
16.6910799999
18.49394
16.04388
17.62057
12.74789
10.33873
6.9564299999
20.6760300001
20.5565200001
10.3626600001
19.86098
19.24807
10.917
6.74810000008
10.9108599999
13.32793
20.1263099998
13.2309799999
59.91533
4.27651
8.70429000002
24.46605
13.63145
9.13399000012
26.0488999999
18.2018899999
9.61307999992
13.03686
4.73230999999
13.5062099999
9.20183999999
52.38731
55.7347200001
16.3239600001
6.12053000007
9.0464799999
12.9396200001
15.1732
10.6803799998
10.2388000001
10.9862
20.2412900002
24.0205
9.90413000016
37.14035
12.87274
52.18594
19.1507999999
5.41550999996
17.96079
11.7125800001
23.65559
14.13752
29.7839299999
9.41625000001
13.84207
13.5210899999
11.69379
9.35278000007
24.88964
15.9877300002
6.41477000003
26.95875
42.4051600001
7.64637999993
8.16824000003
15.5133
21.31343
23.0276999999
30.43642
22.04053
21.83331
11.1319400001
24.01292
21.63879
21.55532
13.58613
10.02564
7.96641999995
54.0868199999
15.04638
11.92448
13.4646900001
3.50553999993
15.0511400001
9.57319999998
12.96762
6.13245999999
17.2670399999
17.0750700001
37.6304800001
6.55123999994
15.77328
19.2406500001
9.14717000001
9.58835000009
14.3782799999
29.0641499999
20.4353400001
53.2376900001
6.28113999998
17.97721
7.88884999999
37.2742600001
8.20699999994
19.00482
17.23995
12.55477
11.95747
15.07251
13.4957300001
15.92515
6.03402000002
8.73772999994
15.8627500001
50.1027800001
30.27594
16.1115800001
10.54798
17.03158
8.09467000002
11.7394
11.9485999999
8.66435999994
14.71458
13.7821
14.1372899999
14.72254
19.5464900001
42.1357999999
5.53994000005
8.23816000007
9.87360000005
13.43235
32.5944899998
3.98627999995
7.71472000005
7.50219000003
17.23706
7.36268999998
22.4782400001
9.14735999994
16.7395400001
20.8920699999
16.35594
23.0889699999
19.5702599999
15.6821000001
7.74740999995
17.3772999999
18.0158999999
13.02738
10.4958800001
14.82911
13.17165
11.79941
10.0106400001
32.0213900001
10.72848
7.24363000016
17.34857
28.31848
11.3715100001
12.08999
18.29237
11.87875
12.2051199999
9.35580000002
15.9437299999
17.6296400001
8.29710000008
19.8287800001
7.77997999999
22.56559
10.7137199999
23.41949
19.7315300001
9.17877000012
24.2395100001
26.0328299999
6.97493000003
14.24812
8.96235000005
11.7322600002
5.65962000005
12.99399
7.39647000004
12.46024
12.97749
22.77594
18.3694999999
6.74572999997
14.0493800001
11.00218
13.3915199999
8.65756000008
13.7857
9.97866999998
16.7152400002
13.4046400001
28.3770400001
20.0771600001
15.47731
21.0901300001
11.3602999999
13.28815
16.2184300001
38.16366
8.09502000001
27.9163899999
33.4422899999
11.49043
8.58592999983
15.27812
16.89322
10.63192
22.4123200001
8.28665999998
6.40399000002
9.56679999991
28.39602
17.95878
17.69521
11.48415
13.06488
13.59366
22.08394
23.1989699999
15.9392899999
13.54345
17.7956100001
17.64037
22.61868
12.36469
12.12636
11.2764300001
30.1666900001
10.4601700001
8.95480999991
14.07507
11.5954200001
21.1867800001
9.75445999997
22.9439999999
5.63141000003
6.99919
17.56703
10.94916
7.72058000008
7.96949000005
19.9827399998
45.71909
14.8515900001
8.18148999999
23.59668
55.20128
17.9053399999
14.67227
8.04487999994
16.2499700001
12.38983
9.32069999992
7.07212000003
31.79683
22.6804599999
10.5518999998
15.63011
10.6014800001
13.4223099998
14.5302199998
9.94449000014
6.6245700001
7.90636000002
11.9479199999
11.8636700001
10.00528
9.80544000003
17.35196
7.67071999994
12.4280899999
6.63387000002
15.8522699999
13.95255
14.6938199999
23.8376
19.20728
14.89007
19.43085
8.01667000004
17.6861599999
38.4962900002
4.78206
29.8698499999
19.3758299999
8.24433000002
7.04681999993
17.2316599999
10.6555100001
14.1051500001
9.36516000004
39.41019
15.47984
11.1673800001
38.8269199999
15.5645899998
12.42194
30.3685300001
10.4589399999
6.42897999997
13.5625599999
79.47659
21.0425699998
12.1576799999
29.90751
9.16128
11.57167
7.0528200001
9.63036000007
8.41434000002
4.98979000002
17.3579700001
17.8946
13.66044
16.49129
30.53949
9.18857
19.8458499999
13.23613
18.49217
6.04810000001
10.4563399999
19.9064999999
16.43513
12.34903
15.9953999999
10.4625500001
4.83882000006
32.2355300001
12.3540000001
12.6025599999
14.7141699999
11.8598600001
32.10794
9.88803000003
8.57939000009
21.2292800001
19.4710700001
18.81129
30.2934200001
9.40690000006
15.4027699999
19.9353199999
5.38254000002
8.52499000006
11.4826
29.4827599999
33.8149400002
14.1306000001
41.5496499999
15.7590000001
14.64653
18.80516
35.2946500002
180.01688
27.59048
9.02738999994
8.5099200001
16.43123
10.00235
26.1230900001
7.96990000003
17.76128
22.20258
6.23515000008
36.80299
12.03547
21.72132
30.5657600001
13.3541700001
8.96218999999
5.93154000002
16.1172199999
7.48459000001
5.84513000003
11.12413
16.4299599999
13.6445200001
7.37453000003
10.18236
8.32751000009
11.76
7.50665
18.8467
32.0043499999
11.7215800002
25.1310399999
11.11256
39.6974400001
11.4236799999
25.38901
10.11726
18.07648
19.6287100001
9.88014000002
9.69813000003
9.53312000004
10.3543599999
16.1612900001
25.4168100001
10.0879899999
16.4491699999
25.04547
7.48066000012
15.3702199999
13.4432100001
15.9995899999
20.1454299999
18.42469
13.9378999999
24.8845599999
16.2424400001
24.7821999998
40.3434499999
10.2230499999
10.20264
6.1582399999
14.69817
44.85451
12.9575600001
7.31243000005
18.37501
12.22489
19.6530800002
21.92519
7.6838
6.80677000002
18.25636
16.42134
15.037
7.51691999997
20.44168
60.41161
17.3769400001
11.67472
19.65776
16.1546499999
36.15336
14.8393700001
18.24642
18.3047400001
18.3631900001
15.97317
13.46424
17.01923
6.91419000004
13.5277999999
33.4486400001
8.98257999995
9.12029999995
8.85056000005
10.2812300001
15.96714
21.9437399999
20.8873200001
12.42722
19.7126
9.39320000005
12.37309
6.85333000007
35.5460900001
15.2178500001
46.7395200001
12.1102299998
5.88033000007
26.07358
14.9543600001
14.1906300001
26.22187
12.36216
12.27651
21.35847
21.9659600001
13.9715700001
14.05888
20.3329799999
8.01787999994
15.11855
28.2322600001
12.5445
15.9485800001
53.21193
13.2155099999
22.57119
17.4870300001
9.72375999996
56.08341
8.05984999996
13.0277199999
30.4958700001
8.08762000001
64.1570700001
17.9993799999
26.24678
10.44727
17.7102099999
16.3796400001
66.14489
9.21674000006
21.08196
20.1031300002
31.5935500001
33.56926
22.00798
13.21251
11.45247
21.25911
21.1877
8.71108000004
6.44701000012
8.47745000001
13.7185500001
6.89546999999
14.68744
19.3385
6.73524000007
6.95926999999
8.19234000007
13.94747
16.71587
5.74488999997
6.62320999999
9.06607000006
20.5539900002
12.8433299999
9.64272999996
16.1902899999
6.52249999996
24.1349599999
16.2117099998
22.9239199999
6.21002000012
36.5325199999
8.52243000001
27.50602
23.40626
11.96111
6.52654999995
8.77237000002
12.94441
17.41388
11.4559899999
11.80036
7.75511000003
12.0962200001
9.76303999999
14.7915699999
17.7737500001
7.66391999996
8.56384999992
19.4226399999
10.4746000001
9.84358999995
25.32895
11.2817299999
12.7878
19.82831
10.7156199999
16.3913200002
82.0544799999
17.86486
27.2299099999
44.22297
10.99349
14.05106
18.6497599999
17.71065
21.7613499999
17.26234
19.51498
17.1381800001
6.32166999998
14.57914
17.54568
5.07097999996
17.9786700002
9.74150000012
12.44105
16.09939
10.1487200001
13.81838
47.91348
15.25651
8.23083999997
23.2176600001
11.8512200001
15.3735400001
10.45225
12.20025
9.08846
12.97801
9.30321999989
10.7552499999
9.84367999993
28.6410700001
12.1309600001
11.36046
20.3132699999
29.02974
23.4512399998
22.43192
10.46981
8.26722999988
16.69654
14.3310699998
9.64515999996
12.94311
12.2718600001
17.27313
8.22941999999
15.91125
15.7367700001
20.5924499999
24.8671100001
7.97263000009
12.8973299999
8.15955999994
41.7029700001
7.85881000001
17.1671900001
23.24394
24.8237299999
10.3406700001
12.1675400001
53.1276
16.32091
25.73566
12.0506799999
12.0518200001
7.76286000002
25.24449
11.8233400001
15.79876
18.30856
13.4030899999
14.9860799999
36.12845
6.95195999998
13.43245
16.2964100001
22.70241
19.1232599999
7.44189999998
8.62300999998
12.2865399999
7.68770000001
8.46216
17.79605
6.7011699999
13.9495699999
12.4412400001
20.35914
32.91583
35.19186
13.99451
5.16486000002
13.0306000001
25.1193799999
19.3684600001
17.7898199999
12.1706200001
14.39326
22.38769
11.9141500001
9.47557999985
18.49441
27.04478
8.19099999999
15.84699
13.4592800001
17.3492000001
14.90918
15.6875400001
36.15648
35.49153
6.54762999993
14.3033400001
12.8071100001
12.0293000001
9.27093999996
25.9782700001
37.46161
8.80677000002
26.68287
9.18553999998
16.17863
24.1386500001
10.75957
34.8238800002
9.61902999994
5.79967999994
8.81189999997
7.08622000006
22.68891
16.8848100001
13.20926
15.2694399999
15.7666099999
11.9502700001
7.13089000003
12.35193
14.48008
13.5203699999
16.6551100001
16.1933599999
15.9244499999
19.28379
13.0885499999
10.07233
44.46835
18.6584799999
10.0542499999
12.87468
14.5555399999
16.8032199999
20.98064
13.2155399999
9.12234
9.54949
15.16337
5.42721999995
16.48831
17.9491
11.1225300001
34.26223
