11.12413
16.4299599999
13.6445200001
7.37453000003
10.18236
8.32751000009
11.76
7.50665
18.8467
32.0043499999
11.7215800002
25.1310399999
11.11256
39.6974400001
11.4236799999
25.38901
10.11726
18.07648
19.6287100001
9.88014000002
9.69813000003
9.53312000004
10.3543599999
16.1612900001
25.4168100001
10.0879899999
16.4491699999
25.04547
7.48066000012
15.3702199999
13.4432100001
15.9995899999
20.1454299999
18.42469
13.9378999999
24.8845599999
16.2424400001
24.7821999998
40.3434499999
10.2230499999
10.20264
6.1582399999
14.69817
44.85451
12.9575600001
7.31243000005
18.37501
12.22489
19.6530800002
21.92519
