8.48910999997
16.58535
21.4746899999
9.68075000006
14.5116600001
17.17501
10.69701
15.2324400001
6.52351000009
10.61369
8.41886999994
17.88805
9.05407999991
18.15115
9.47116999992
14.16356
8.10105000006
12.48337
8.93968000007
9.26474999997
4.26264999993
8.46438000014
42.2682000002
10.5202500001
15.56908
13.50077
17.3077699998
7.63867999997
27.9059300001
6.83343
28.04501
16.30313
6.83259999997
12.4514199999
16.1568300001
8.68027000013
7.25026
28.5226899999
28.62689
23.23621
8.7855
11.13473
15.70601
13.0044200001
10.16114
17.62149
6.58799999999
10.42756
10.0737899999
14.1115099998
