16.32091
25.73566
12.0506799999
12.0518200001
7.76286000002
25.24449
11.8233400001
15.79876
18.30856
13.4030899999
14.9860799999
36.12845
6.95195999998
13.43245
16.2964100001
22.70241
19.1232599999
7.44189999998
8.62300999998
12.2865399999
7.68770000001
8.46216
17.79605
6.7011699999
13.9495699999
12.4412400001
20.35914
32.91583
35.19186
13.99451
5.16486000002
13.0306000001
25.1193799999
19.3684600001
17.7898199999
12.1706200001
14.39326
22.38769
11.9141500001
9.47557999985
18.49441
27.04478
8.19099999999
15.84699
13.4592800001
17.3492000001
14.90918
15.6875400001
36.15648
35.49153
