17.9786700002
9.74150000012
12.44105
16.09939
10.1487200001
13.81838
47.91348
15.25651
8.23083999997
23.2176600001
11.8512200001
15.3735400001
10.45225
12.20025
9.08846
12.97801
9.30321999989
10.7552499999
9.84367999993
28.6410700001
12.1309600001
11.36046
20.3132699999
29.02974
23.4512399998
22.43192
10.46981
8.26722999988
16.69654
14.3310699998
9.64515999996
12.94311
12.2718600001
17.27313
8.22941999999
15.91125
15.7367700001
20.5924499999
24.8671100001
7.97263000009
12.8973299999
8.15955999994
41.7029700001
7.85881000001
17.1671900001
23.24394
24.8237299999
10.3406700001
12.1675400001
53.1276
