14.7074000001
14.08179
26.0375900001
11.2385
21.6796799999
17.9414200002
6.82307000004
14.06553
20.61126
14.4508600001
38.1995699999
23.4276899999
10.7155899999
21.1508400001
21.7733000001
18.12149
12.30259
21.8911499999
9.06281999999
18.6453099999
28.5818800001
6.87235000008
21.9487399999
22.0780399998
25.22958
32.5250499999
33.89998
6.20650999993
7.52370000002
8.15197000001
9.24209000007
7.49755999993
39.1928100002
15.42304
30.05926
13.83665
27.5706000001
13.98392
15.3007300001
43.4674900001
31.3139599999
10.36024
22.3593699998
14.76723
25.40827
12.1503300001
9.70270000002
17.0508799999
4.3063099999
8.86202999996
