15.0511400001
9.57319999998
12.96762
6.13245999999
17.2670399999
17.0750700001
37.6304800001
6.55123999994
15.77328
19.2406500001
9.14717000001
9.58835000009
14.3782799999
29.0641499999
20.4353400001
53.2376900001
6.28113999998
17.97721
7.88884999999
37.2742600001
8.20699999994
19.00482
17.23995
12.55477
11.95747
15.07251
13.4957300001
15.92515
6.03402000002
8.73772999994
15.8627500001
50.1027800001
30.27594
16.1115800001
10.54798
17.03158
8.09467000002
11.7394
11.9485999999
8.66435999994
14.71458
13.7821
14.1372899999
14.72254
19.5464900001
42.1357999999
5.53994000005
8.23816000007
9.87360000005
13.43235
