18.76886
37.7301500001
12.0144400001
26.0579199999
7.58958000003
20.42472
15.32352
39.65347
18.68175
5.31175999995
14.57311
42.37806
27.3421
9.08425000007
36.74046
11.9647700001
10.0799
8.40620000008
18.08184
48.99342
7.94077999995
10.2668199999
13.77715
13.0962200001
20.6473600001
17.3388600001
14.8184
8.03886000009
13.35679
10.49138
22.73942
23.0537100001
16.09779
9.63935999991
4.49734999996
39.78081
28.67301
26.37064
16.13382
17.9614600001
25.9627500001
11.01695
13.6199600002
7.56980000006
9.95767000003
39.4774199999
11.1272100001
46.37239
14.30318
16.62741
