23.8376
19.20728
14.89007
19.43085
8.01667000004
17.6861599999
38.4962900002
4.78206
29.8698499999
19.3758299999
8.24433000002
7.04681999993
17.2316599999
10.6555100001
14.1051500001
9.36516000004
39.41019
15.47984
11.1673800001
38.8269199999
15.5645899998
12.42194
30.3685300001
10.4589399999
6.42897999997
13.5625599999
79.47659
21.0425699998
12.1576799999
29.90751
9.16128
11.57167
7.0528200001
9.63036000007
8.41434000002
4.98979000002
17.3579700001
17.8946
13.66044
16.49129
30.53949
9.18857
19.8458499999
13.23613
18.49217
6.04810000001
10.4563399999
19.9064999999
16.43513
12.34903
