9.82272000005
31.86667
19.1809
33.27209
15.9882899999
15.56771
11.10814
14.37949
7.11453999998
13.94083
10.4707900001
11.4103199999
10.0160700001
16.27597
20.7368599998
16.6330699999
31.27287
8.35638999997
47.01112
21.7620099999
11.50616
7.72136999993
8.05615999992
13.1651300001
10.02529
15.6428
15.33879
18.1314900001
47.4201
30.4721899999
12.1867899999
15.97392
18.1105700001
4.80699000007
8.13045000006
15.45803
43.51682
8.76640000008
15.9578
7.14968999987
40.5603300001
7.50820000004
30.8283999998
16.33376
10.51275
16.27455
5.17899000004
20.49057
9.10387999995
11.926
