21.3059900001
28.1533100001
11.4063
11.4553500001
17.2852200002
5.96850000008
8.12445000012
7.19637000002
22.86195
27.4883699999
12.1208799999
9.39849000005
17.0381
7.40541000012
13.91128
18.3043500001
19.2285
15.40611
12.27838
6.60736999998
7.19427000009
19.67604
10.5572799999
11.9023300001
15.7098299999
16.0679199999
8.09591000003
19.4839500001
27.31923
51.09406
6.55717999989
17.41867
25.9670799999
14.7281900001
10.7457999999
10.65842
11.6686800001
19.97479
18.99826
13.6074099999
14.4845
19.05547
10.10444
22.3109
8.53690000006
17.4743999999
20.7911499999
24.9125399999
8.28171000001
11.0738700001
