20.3329799999
8.01787999994
15.11855
28.2322600001
12.5445
15.9485800001
53.21193
13.2155099999
22.57119
17.4870300001
9.72375999996
56.08341
8.05984999996
13.0277199999
30.4958700001
8.08762000001
64.1570700001
17.9993799999
26.24678
10.44727
17.7102099999
16.3796400001
66.14489
9.21674000006
21.08196
20.1031300002
31.5935500001
33.56926
22.00798
13.21251
11.45247
21.25911
21.1877
8.71108000004
6.44701000012
8.47745000001
13.7185500001
6.89546999999
14.68744
19.3385
6.73524000007
6.95926999999
8.19234000007
13.94747
16.71587
5.74488999997
6.62320999999
9.06607000006
20.5539900002
12.8433299999
