9.97668999992
24.4018
19.4408600001
13.96039
59.57521
10.2407
23.7951600001
27.2178700002
11.7595599998
18.4189099999
52.1021600001
22.60163
11.8653800001
13.69025
14.1843300001
21.3259000001
23.2647899999
6.10274000012
14.19585
18.9527499999
9.0602999999
16.36806
14.2794799999
12.98039
15.18823
12.9056200001
16.54247
22.97937
19.20747
14.7944500003
11.4086099999
16.5202800001
13.81642
18.7157199999
7.05032999988
27.0071
23.39434
92.70497
5.73698000005
11.7886800001
8.76864000002
19.27813
16.29976
14.02899
11.82125
10.58336
31.15876
9.02491000004
7.10187999997
12.44923
