20.1000999999
10.8871599999
40.11691
14.97054
21.1273599999
17.9054
9.20185999991
14.05328
12.78998
31.8562600003
10.71713
12.16452
15.62506
14.8958300001
9.14939999999
11.69511
6.72460999992
18.20181
12.5377400001
42.69066
7.36914000008
12.49876
12.51391
16.0044100001
11.89238
19.0733500002
34.10802
10.3353999999
19.3852200001
194.55798
23.71984
13.86846
46.2191999999
8.70571999997
10.0086299999
10.46023
10.18336
27.52334
17.7136100001
15.1793
12.2811799999
17.26293
34.96957
16.75129
9.41827000002
5.19675
19.4497
26.3457199999
9.60492999991
17.5083400001
