13.8240799998
15.7981800002
17.46329
15.41697
19.3333999999
17.0732600002
11.03905
11.88641
14.66221
7.78252999997
9.48997999995
18.26919
9.04372999992
38.78989
15.21224
18.5879399999
23.39504
12.80524
6.57486000005
13.89299
8.36776000005
15.8562799999
13.74849
14.9790000001
29.6537899999
10.3154199999
13.0652899999
44.6227500001
32.04866
9.68060999992
17.0043500001
8.86757
14.18331
13.90465
13.60662
12.73195
8.92148000002
15.0273600001
23.09501
17.5821100001
24.59617
8.49184999999
70.16078
15.90188
38.73123
7.98126999987
10.14746
13.5559100001
12.5354400001
9.95795000007
