13.8229100001
11.16564
13.39948
8.01740999997
13.30664
10.2035500001
21.40712
29.4334300001
10.3244500001
19.18764
7.81277000008
35.1134499999
16.5861900001
14.8437100002
17.86615
11.88034
40.6442099999
18.8863
20.41567
11.4219600001
8.18218
6.66156999988
14.4238999999
21.6015399999
9.00241999992
6.12586999999
18.8285299998
14.6150499999
3.73444999999
11.67068
13.4614500001
6.56300999993
12.8495
10.89808
58.88307
11.02046
9.02678000007
16.58523
13.59
13.9359200001
14.91238
13.4741900001
14.9098800001
30.27458
8.92159000004
6.91072000004
9.91166999994
14.05928
14.0416200001
9.36632999999
