10.17622
16.0895700001
18.01989
13.6768400001
9.53243999998
13.0386099999
43.1205899999
10.8884199999
6.79097000009
27.4598300003
18.3616999999
9.31407000008
11.1552800001
13.05561
11.10921
10.32633
14.29681
9.29440000001
9.61344999995
11.0140099999
15.5045599998
18.2962600001
11.63514
11.78827
8.63896000001
16.53807
9.92630999989
25.5364900001
14.2697799999
15.00546
61.88006
5.03340000007
6.19501999998
45.6756499999
14.69903
7.26457000012
11.2388599999
6.11768999998
25.9305400001
16.1987900001
46.6274700001
15.59442
49.9916699999
30.85387
4.61930000002
43.52003
13.66573
11.73745
19.2273200001
17.4335500001
