24.6017
22.6231599998
20.0080299999
18.84084
19.54046
29.5614599999
15.4430999999
26.88735
8.17161000008
8.81637999997
8.81761000014
9.47811000003
9.76354000007
7.54844000004
8.46163000003
32.44915
14.8049099999
31.49624
14.07128
20.22236
13.2974299999
10.7941699999
12.51539
8.08026999992
10.92278
16.9514000001
27.63964
18.942
14.0761799999
15.3650200001
11.2382499999
21.4931699999
6.32154999999
13.5371500001
22.23619
10.03645
14.00452
24.6431
14.6760099999
11.9318700001
31.9770000001
10.5239600001
30.2234599999
11.46855
7.0575600001
13.4051800001
17.8996
14.7264399999
7.01221999992
15.6598399999
