12.0901199998
20.6855700001
16.5366400001
9.14844000002
22.13855
27.62316
15.58355
26.0677799998
33.26602
12.8719200001
8.28732
14.5062999999
59.06788
10.9020399998
15.2483099999
14.2982600001
12.7178700001
19.2787600001
8.63569000002
9.18255000003
5.43615999992
9.22236000001
26.7967999999
33.3686599999
12.6871200001
5.92328999995
18.08078
15.3144799999
25.1169200001
13.07803
7.38064999995
13.2704100001
64.92241
7.85144
25.0812200001
32.72245
14.53426
20.8736500001
23.0617000001
21.86667
17.23116
10.0212899999
10.5434800001
29.63725
15.4817499999
17.96222
147.47632
12.8997099999
11.54646
9.09213000012
