24.3775800001
11.5348
35.9909300001
5.04902000003
10.28886
17.1686999999
11.23977
5.91804000002
4.72991999995
33.38219
17.0638499998
10.96398
10.83543
67.5931899999
10.68947
10.1535199999
15.26923
16.7064300001
10.91674
7.99653
10.97321
11.57134
18.2160200001
17.5083199999
19.79684
17.5362300001
13.17532
33.92539
13.1221
13.6954800001
23.6052900001
13.9093000001
15.91561
10.05143
13.67561
16.1001099999
11.69079
10.80103
14.6976099999
24.8983899999
21.2952899999
21.98181
22.47815
15.53288
8.55690000008
18.1216000001
43.7203500001
12.8668900001
9.14569000003
15.73649
