21.95988
11.23812
9.93751999992
15.6312099999
13.63556
14.84085
11.7406500001
10.89041
9.20201000001
11.73655
11.19192
8.28397999995
14.23512
14.14562
5.5657700001
17.5431799998
10.6317499999
27.1443599998
11.55947
20.8921599999
10.7202
14.4876100001
22.11278
8.09364000009
9.6343899999
11.1954399999
17.47644
22.7708399999
11.30748
41.4441699999
36.12778
18.5209
16.1241200001
15.0325399999
17.4599000001
6.46069999994
16.7934399999
16.25936
61.61891
10.7360900001
21.12439
29.1418800001
11.87005
12.72091
16.1945099999
9.77694999997
13.32715
4.85161999997
18.2426
7.27243999997
