16.7558100001
18.4510800003
7.32786000008
19.6892600001
21.7879999999
7.76854000008
22.24443
8.20213000011
14.71892
21.6752999999
15.72822
11.95901
18.83334
31.1124500001
56.4143100001
12.8495499999
27.8454
17.1613400001
5.14448999998
13.24972
19.9318199999
20.9635999999
14.75096
9.27336999995
16.8859299999
6.66337999993
5.90850999998
28.3760599999
14.9696599999
20.0424499998
10.20865
22.70946
14.13474
18.84402
17.54554
19.11172
15.9604
11.27009
21.82784
21.0660999999
14.71185
29.2930100001
20.0034400001
11.94281
18.75741
6.98670999997
11.79642
21.8561200001
8.67630000005
15.3030600002
