11.94684
8.59580000001
13.3753999999
8.14275999996
10.7075499999
15.8157800001
10.01073
10.09963
10.6681
13.2379400001
12.7269499999
20.3129299999
11.04284
7.50630999997
11.86566
20.7609900001
12.10814
30.10179
10.4249400001
16.85217
16.3544999999
31.1544799999
14.17667
14.6407999999
24.04396
13.94276
17.6146699999
15.3996799999
15.23823
34.9046
12.41818
8.16934000002
8.64970999991
8.85517999995
7.23068000004
5.58689000004
21.77327
13.5635100001
12.4628600001
19.62848
10.22361
97.7348300001
10.5798600001
20.88463
47.31091
20.3144300001
20.6603100001
10.7789000002
16.0814400001
10.7673699999
