8.53196000005
9.72680000006
9.17608999996
11.44592
21.9116399999
12.1520100001
10.49544
5.11717999983
12.2506599999
7.87352999998
16.68253
18.4805800001
32.7542099999
7.73486999993
15.49098
10.10416
24.37442
11.7272
12.5455199999
31.75002
6.59822000004
10.01956
23.99685
8.00598999998
9.86191999994
26.4500299998
30.6946499998
8.00044000009
17.6068999999
35.1035199999
5.06822000002
17.23376
7.22540999996
17.2704099999
23.1084799999
23.29298
9.07084000006
16.79524
37.97237
24.7111800001
9.14592999988
13.05982
13.34003
11.8002899999
6.91361000005
11.9287099999
16.37466
14.20338
12.67874
16.6878599999
