5.80008999992
12.78814
20.0493399999
17.3650199999
12.06057
16.88874
11.73603
32.8563799999
10.14156
12.30879
14.42955
12.92531
32.6285999999
22.9766800001
16.46095
22.6575900001
12.3889799999
19.2587199999
28.00266
10.1840300001
9.94088000013
32.2489900001
18.2043199999
6.70861999993
15.8648799999
6.81597000011
10.42772
33.11421
15.61231
10.55174
11.0103300001
15.60008
12.54029
8.85308000003
12.1420499999
6.21068000013
22.42351
11.48766
23.44297
9.81256999983
10.92877
53.1481600001
7.89549000002
32.1354799999
10.12353
21.2434799999
11.05089
15.98876
22.4979000001
13.7901800002
