12.6212000001
13.51469
10.3864900001
25.68868
12.6497999999
19.79238
22.9531599999
12.7363700001
13.7755099999
10.57198
10.8106399999
13.6762
16.1396899997
10.6034900001
28.1852099999
10.75399
35.29168
11.29545
16.2341100001
11.4120799999
7.20018999989
11.7117700001
11.4190399999
11.72578
9.30878999992
9.97086
17.6505
6.28879000002
17.4325000001
8.46320000011
14.58313
43.0783999999
7.36507000017
12.77319
13.9990900001
25.38035
16.08468
20.79637
7.04521999997
8.92911999999
8.48766999994
20.9473299999
19.96634
19.5219200001
16.32699
8.93131999997
17.0119200001
10.9015699999
14.85016
17.4691399999
