11.0103
19.4335299999
12.55275
10.9561599999
33.23873
8.50551000005
48.0885599999
11.3068599999
8.60340999998
24.60318
14.4783200001
20.5720200001
8.18102000002
14.5116699999
12.7254499999
14.3808800001
5.4196599999
16.84777
29.7404200002
30.2623699999
24.42383
13.0648500001
14.34644
10.4056600002
35.17684
11.8954
18.5141699999
18.18247
20.4496000002
15.0754600001
42.6985399999
14.9543999999
12.16235
12.8581899999
13.8329500002
13.98334
11.26258
7.15691000002
14.90566
12.58589
23.6679800001
26.21554
16.1409400001
47.0404099999
15.90564
9.91466999997
15.3282
21.92955
14.38619
20.7807199999
