8.53196000005
9.72680000006
9.17608999996
11.44592
21.9116399999
12.1520100001
10.49544
5.11717999983
12.2506599999
7.87352999998
16.68253
18.4805800001
32.7542099999
7.73486999993
15.49098
10.10416
24.37442
11.7272
12.5455199999
31.75002
6.59822000004
10.01956
23.99685
8.00598999998
9.86191999994
26.4500299998
30.6946499998
8.00044000009
17.6068999999
35.1035199999
5.06822000002
17.23376
7.22540999996
17.2704099999
23.1084799999
23.29298
9.07084000006
16.79524
37.97237
24.7111800001
9.14592999988
13.05982
13.34003
11.8002899999
6.91361000005
11.9287099999
16.37466
14.20338
12.67874
16.6878599999
5.80008999992
12.78814
20.0493399999
17.3650199999
12.06057
16.88874
11.73603
32.8563799999
10.14156
12.30879
14.42955
12.92531
32.6285999999
22.9766800001
16.46095
22.6575900001
12.3889799999
19.2587199999
28.00266
10.1840300001
9.94088000013
32.2489900001
18.2043199999
6.70861999993
15.8648799999
6.81597000011
10.42772
33.11421
15.61231
10.55174
11.0103300001
15.60008
12.54029
8.85308000003
12.1420499999
6.21068000013
22.42351
11.48766
23.44297
9.81256999983
10.92877
53.1481600001
7.89549000002
32.1354799999
10.12353
21.2434799999
11.05089
15.98876
22.4979000001
13.7901800002
10.17622
16.0895700001
18.01989
13.6768400001
9.53243999998
13.0386099999
43.1205899999
10.8884199999
6.79097000009
27.4598300003
18.3616999999
9.31407000008
11.1552800001
13.05561
11.10921
10.32633
14.29681
9.29440000001
9.61344999995
11.0140099999
15.5045599998
18.2962600001
11.63514
11.78827
8.63896000001
16.53807
9.92630999989
25.5364900001
14.2697799999
15.00546
61.88006
5.03340000007
6.19501999998
45.6756499999
14.69903
7.26457000012
11.2388599999
6.11768999998
25.9305400001
16.1987900001
46.6274700001
15.59442
49.9916699999
30.85387
4.61930000002
43.52003
13.66573
11.73745
19.2273200001
17.4335500001
12.02269
36.2920500002
11.22815
12.69253
19.0936
23.63592
12.1821
15.9299299999
50.9728799999
11.35801
8.41030999995
11.04085
15.9154300001
24.2409999999
7.93098999991
13.02107
9.68449999986
13.3972199999
11.7051200001
35.18803
11.6044600001
17.45248
26.79354
9.73062999989
8.31622000004
34.7925300001
9.92791999993
10.1212699999
19.65256
11.76347
13.3544199999
7.9556300001
11.7425899999
18.3823300001
17.8594599999
106.37913
14.65075
12.0033699999
13.06545
8.41864000005
12.2004899998
13.0133400001
35.49048
17.0010899999
8.33725999994
8.54898000008
8.05117000011
35.2071199999
8.99152999988
19.23468
24.3775800001
11.5348
35.9909300001
5.04902000003
10.28886
17.1686999999
11.23977
5.91804000002
4.72991999995
33.38219
17.0638499998
10.96398
10.83543
67.5931899999
10.68947
10.1535199999
15.26923
16.7064300001
10.91674
7.99653
10.97321
11.57134
18.2160200001
17.5083199999
19.79684
17.5362300001
13.17532
33.92539
13.1221
13.6954800001
23.6052900001
13.9093000001
15.91561
10.05143
13.67561
16.1001099999
11.69079
10.80103
14.6976099999
24.8983899999
21.2952899999
21.98181
22.47815
15.53288
8.55690000008
18.1216000001
43.7203500001
12.8668900001
9.14569000003
15.73649
12.6212000001
13.51469
10.3864900001
25.68868
12.6497999999
19.79238
22.9531599999
12.7363700001
13.7755099999
10.57198
10.8106399999
13.6762
16.1396899997
10.6034900001
28.1852099999
10.75399
35.29168
11.29545
16.2341100001
11.4120799999
7.20018999989
11.7117700001
11.4190399999
11.72578
9.30878999992
9.97086
17.6505
6.28879000002
17.4325000001
8.46320000011
14.58313
43.0783999999
7.36507000017
12.77319
13.9990900001
25.38035
16.08468
20.79637
7.04521999997
8.92911999999
8.48766999994
20.9473299999
19.96634
19.5219200001
16.32699
8.93131999997
17.0119200001
10.9015699999
14.85016
17.4691399999
21.95988
11.23812
9.93751999992
15.6312099999
13.63556
14.84085
11.7406500001
10.89041
9.20201000001
11.73655
11.19192
8.28397999995
14.23512
14.14562
5.5657700001
17.5431799998
10.6317499999
27.1443599998
11.55947
20.8921599999
10.7202
14.4876100001
22.11278
8.09364000009
9.6343899999
11.1954399999
17.47644
22.7708399999
11.30748
41.4441699999
36.12778
18.5209
16.1241200001
15.0325399999
17.4599000001
6.46069999994
16.7934399999
16.25936
61.61891
10.7360900001
21.12439
29.1418800001
11.87005
12.72091
16.1945099999
9.77694999997
13.32715
4.85161999997
18.2426
7.27243999997
11.94684
8.59580000001
13.3753999999
8.14275999996
10.7075499999
15.8157800001
10.01073
10.09963
10.6681
13.2379400001
12.7269499999
20.3129299999
11.04284
7.50630999997
11.86566
20.7609900001
12.10814
30.10179
10.4249400001
16.85217
16.3544999999
31.1544799999
14.17667
14.6407999999
24.04396
13.94276
17.6146699999
15.3996799999
15.23823
34.9046
12.41818
8.16934000002
8.64970999991
8.85517999995
7.23068000004
5.58689000004
21.77327
13.5635100001
12.4628600001
19.62848
10.22361
97.7348300001
10.5798600001
20.88463
47.31091
20.3144300001
20.6603100001
10.7789000002
16.0814400001
10.7673699999
11.0103
19.4335299999
12.55275
10.9561599999
33.23873
8.50551000005
48.0885599999
11.3068599999
8.60340999998
24.60318
14.4783200001
20.5720200001
8.18102000002
14.5116699999
12.7254499999
14.3808800001
5.4196599999
16.84777
29.7404200002
30.2623699999
24.42383
13.0648500001
14.34644
10.4056600002
35.17684
11.8954
18.5141699999
18.18247
20.4496000002
15.0754600001
42.6985399999
14.9543999999
12.16235
12.8581899999
13.8329500002
13.98334
11.26258
7.15691000002
14.90566
12.58589
23.6679800001
26.21554
16.1409400001
47.0404099999
15.90564
9.91466999997
15.3282
21.92955
14.38619
20.7807199999
12.0901199998
20.6855700001
16.5366400001
9.14844000002
22.13855
27.62316
15.58355
26.0677799998
33.26602
12.8719200001
8.28732
14.5062999999
59.06788
10.9020399998
15.2483099999
14.2982600001
12.7178700001
19.2787600001
8.63569000002
9.18255000003
5.43615999992
9.22236000001
26.7967999999
33.3686599999
12.6871200001
5.92328999995
18.08078
15.3144799999
25.1169200001
13.07803
7.38064999995
13.2704100001
64.92241
7.85144
25.0812200001
32.72245
14.53426
20.8736500001
23.0617000001
21.86667
17.23116
10.0212899999
10.5434800001
29.63725
15.4817499999
17.96222
147.47632
12.8997099999
11.54646
9.09213000012
13.8229100001
11.16564
13.39948
8.01740999997
13.30664
10.2035500001
21.40712
29.4334300001
10.3244500001
19.18764
7.81277000008
35.1134499999
16.5861900001
14.8437100002
17.86615
11.88034
40.6442099999
18.8863
20.41567
11.4219600001
8.18218
6.66156999988
14.4238999999
21.6015399999
9.00241999992
6.12586999999
18.8285299998
14.6150499999
3.73444999999
11.67068
13.4614500001
6.56300999993
12.8495
10.89808
58.88307
11.02046
9.02678000007
16.58523
13.59
13.9359200001
14.91238
13.4741900001
14.9098800001
30.27458
8.92159000004
6.91072000004
9.91166999994
14.05928
14.0416200001
9.36632999999
24.6017
22.6231599998
20.0080299999
18.84084
19.54046
29.5614599999
15.4430999999
26.88735
8.17161000008
8.81637999997
8.81761000014
9.47811000003
9.76354000007
7.54844000004
8.46163000003
32.44915
14.8049099999
31.49624
14.07128
20.22236
13.2974299999
10.7941699999
12.51539
8.08026999992
10.92278
16.9514000001
27.63964
18.942
14.0761799999
15.3650200001
11.2382499999
21.4931699999
6.32154999999
13.5371500001
22.23619
10.03645
14.00452
24.6431
14.6760099999
11.9318700001
31.9770000001
10.5239600001
30.2234599999
11.46855
7.0575600001
13.4051800001
17.8996
14.7264399999
7.01221999992
15.6598399999
13.8240799998
15.7981800002
17.46329
15.41697
19.3333999999
17.0732600002
11.03905
11.88641
14.66221
7.78252999997
9.48997999995
18.26919
9.04372999992
38.78989
15.21224
18.5879399999
23.39504
12.80524
6.57486000005
13.89299
8.36776000005
15.8562799999
13.74849
14.9790000001
29.6537899999
10.3154199999
13.0652899999
44.6227500001
32.04866
9.68060999992
17.0043500001
8.86757
14.18331
13.90465
13.60662
12.73195
8.92148000002
15.0273600001
23.09501
17.5821100001
24.59617
8.49184999999
70.16078
15.90188
38.73123
7.98126999987
10.14746
13.5559100001
12.5354400001
9.95795000007
9.29689999996
24.9524200001
12.92132
7.51023000001
8.08520999993
28.87167
20.90527
14.29797
5.55194000003
12.53492
7.95947999996
10.6681300001
6.29287999996
22.66444
10.0449900001
11.6585
9.46808999998
19.9277100002
13.59737
24.6005300001
5.76219000004
13.31573
11.5225199999
11.55544
16.31541
16.7594100001
7.8737
8.52682000003
10.4854799999
17.08
11.28153
16.82239
11.81836
26.7155
10.2714199998
7.93519999995
14.2967299999
11.5478300001
6.82423000003
6.57097999996
11.5343800002
5.777
18.0053200001
9.96247999999
19.8309299998
8.32760999992
16.17136
14.26221
13.0248799999
13.26943
16.7558100001
18.4510800003
7.32786000008
19.6892600001
21.7879999999
7.76854000008
22.24443
8.20213000011
14.71892
21.6752999999
15.72822
11.95901
18.83334
31.1124500001
56.4143100001
12.8495499999
27.8454
17.1613400001
5.14448999998
13.24972
19.9318199999
20.9635999999
14.75096
9.27336999995
16.8859299999
6.66337999993
5.90850999998
28.3760599999
14.9696599999
20.0424499998
10.20865
22.70946
14.13474
18.84402
17.54554
19.11172
15.9604
11.27009
21.82784
21.0660999999
14.71185
29.2930100001
20.0034400001
11.94281
18.75741
6.98670999997
11.79642
21.8561200001
8.67630000005
15.3030600002
20.1000999999
10.8871599999
40.11691
14.97054
21.1273599999
17.9054
9.20185999991
14.05328
12.78998
31.8562600003
10.71713
12.16452
15.62506
14.8958300001
9.14939999999
11.69511
6.72460999992
18.20181
12.5377400001
42.69066
7.36914000008
12.49876
12.51391
16.0044100001
11.89238
19.0733500002
34.10802
10.3353999999
19.3852200001
194.55798
23.71984
13.86846
46.2191999999
8.70571999997
10.0086299999
10.46023
10.18336
27.52334
17.7136100001
15.1793
12.2811799999
17.26293
34.96957
16.75129
9.41827000002
5.19675
19.4497
26.3457199999
9.60492999991
17.5083400001
9.97668999992
24.4018
19.4408600001
13.96039
59.57521
10.2407
23.7951600001
27.2178700002
11.7595599998
18.4189099999
52.1021600001
22.60163
11.8653800001
13.69025
14.1843300001
21.3259000001
23.2647899999
6.10274000012
14.19585
18.9527499999
9.0602999999
16.36806
14.2794799999
12.98039
15.18823
12.9056200001
16.54247
22.97937
19.20747
14.7944500003
11.4086099999
16.5202800001
13.81642
18.7157199999
7.05032999988
27.0071
23.39434
92.70497
5.73698000005
11.7886800001
8.76864000002
19.27813
16.29976
14.02899
11.82125
10.58336
31.15876
9.02491000004
7.10187999997
12.44923
31.01724
17.9087499999
27.0624199997
17.5636999999
11.6544
8.24086999998
18.4948499998
8.75790999993
27.42987
13.61175
3.84609000001
5.79573999997
22.7246600001
10.26368
17.5874099999
36.1911999999
7.99179
4.76779999991
22.2540499999
38.6371399998
12.2834599999
13.3941299999
66.7042799999
13.68269
19.40732
26.93178
17.90702
8.97047000006
20.8204699999
14.85878
13.74119
13.61652
18.0631200001
30.64249
5.81535999989
14.26037
20.76985
16.9926999998
22.2591799999
15.8479599999
49.46389
8.97127999994
13.51081
12.2135899999
14.8894499999
30.32103
8.12440999993
56.8841399999
19.0926299999
20.06642
17.82467
41.7280100001
12.70054
10.44825
11.66363
13.7339300001
20.18894
17.63169
14.7784600001
19.19154
12.3318399999
26.8790000001
13.2201700001
9.51339999994
31.8589300001
29.2482899999
10.73117
5.98502999987
15.53481
7.59360000002
13.71646
18.3222099999
9.57732999988
21.4101599999
16.1774800002
11.72788
17.7825000001
38.90642
21.1869
18.53926
16.2513199998
21.2317
19.1820699999
17.4273900001
10.5487
8.57172000001
10.0044999999
66.5855
12.61953
4.20639999991
12.92684
13.98953
11.4911100001
14.11985
7.48375999997
11.7816400001
25.9946
42.0680999998
8.02185999998
15.8374699999
27.43157
12.75616
12.10568
50.62332
10.0022699999
21.3691799999
6.93692000012
14.6675999999
9.49144000013
15.45556
20.82513
14.5714099999
20.12481
13.36366
17.05662
11.58199
7.26503999997
25.20367
36.9347200001
24.9969499999
22.86907
14.47586
29.69186
17.87156
8.18419000006
10.69264
91.7961799999
36.7142299999
13.1891299998
28.76715
6.03615000006
14.82204
12.87072
12.8160400001
16.52786
18.5498799998
29.4306300001
20.59812
18.3549299999
23.69047
11.6248699999
21.3924199999
24.97489
7.05562999996
11.3135800001
31.83614
10.4354600001
10.8564300002
47.0892699999
8.13774999999
