17.82467
41.7280100001
12.70054
10.44825
11.66363
13.7339300001
20.18894
17.63169
14.7784600001
19.19154
12.3318399999
26.8790000001
13.2201700001
9.51339999994
31.8589300001
29.2482899999
10.73117
5.98502999987
15.53481
7.59360000002
13.71646
18.3222099999
9.57732999988
21.4101599999
16.1774800002
11.72788
17.7825000001
38.90642
21.1869
18.53926
16.2513199998
21.2317
19.1820699999
17.4273900001
10.5487
8.57172000001
10.0044999999
66.5855
12.61953
4.20639999991
12.92684
13.98953
11.4911100001
14.11985
7.48375999997
11.7816400001
25.9946
42.0680999998
8.02185999998
15.8374699999
