27.43157
12.75616
12.10568
50.62332
10.0022699999
21.3691799999
6.93692000012
14.6675999999
9.49144000013
15.45556
20.82513
14.5714099999
20.12481
13.36366
17.05662
11.58199
7.26503999997
25.20367
36.9347200001
24.9969499999
22.86907
14.47586
29.69186
17.87156
8.18419000006
10.69264
91.7961799999
36.7142299999
13.1891299998
28.76715
6.03615000006
14.82204
12.87072
12.8160400001
16.52786
18.5498799998
29.4306300001
20.59812
18.3549299999
23.69047
11.6248699999
21.3924199999
24.97489
7.05562999996
11.3135800001
31.83614
10.4354600001
10.8564300002
47.0892699999
8.13774999999
