31.01724
17.9087499999
27.0624199997
17.5636999999
11.6544
8.24086999998
18.4948499998
8.75790999993
27.42987
13.61175
3.84609000001
5.79573999997
22.7246600001
10.26368
17.5874099999
36.1911999999
7.99179
4.76779999991
22.2540499999
38.6371399998
12.2834599999
13.3941299999
66.7042799999
13.68269
19.40732
26.93178
17.90702
8.97047000006
20.8204699999
14.85878
13.74119
13.61652
18.0631200001
30.64249
5.81535999989
14.26037
20.76985
16.9926999998
22.2591799999
15.8479599999
49.46389
8.97127999994
13.51081
12.2135899999
14.8894499999
30.32103
8.12440999993
56.8841399999
19.0926299999
20.06642
