9.29689999996
24.9524200001
12.92132
7.51023000001
8.08520999993
28.87167
20.90527
14.29797
5.55194000003
12.53492
7.95947999996
10.6681300001
6.29287999996
22.66444
10.0449900001
11.6585
9.46808999998
19.9277100002
13.59737
24.6005300001
5.76219000004
13.31573
11.5225199999
11.55544
16.31541
16.7594100001
7.8737
8.52682000003
10.4854799999
17.08
11.28153
16.82239
11.81836
26.7155
10.2714199998
7.93519999995
14.2967299999
11.5478300001
6.82423000003
6.57097999996
11.5343800002
5.777
18.0053200001
9.96247999999
19.8309299998
8.32760999992
16.17136
14.26221
13.0248799999
13.26943
