12.02269
36.2920500002
11.22815
12.69253
19.0936
23.63592
12.1821
15.9299299999
50.9728799999
11.35801
8.41030999995
11.04085
15.9154300001
24.2409999999
7.93098999991
13.02107
9.68449999986
13.3972199999
11.7051200001
35.18803
11.6044600001
17.45248
26.79354
9.73062999989
8.31622000004
34.7925300001
9.92791999993
10.1212699999
19.65256
11.76347
13.3544199999
7.9556300001
11.7425899999
18.3823300001
17.8594599999
106.37913
14.65075
12.0033699999
13.06545
8.41864000005
12.2004899998
13.0133400001
35.49048
17.0010899999
8.33725999994
8.54898000008
8.05117000011
35.2071199999
8.99152999988
19.23468
