35
8 8 1
0 7.9 11.4 14.4 16.3 26.8 31.4 44.7
0.55258841 0 11.3 13.5 14.7 26.9 31.6 43.6
0.83146057 0.82287908 0 14.7 16.2 27.2 32 45.1
1.0850149 1.0023377 1.1084748 0 14.2 29.2 32.7 45.9
1.2579145 1.109046 1.2483618 1.0609618 0 29.1 32 47.2
2.4643612 2.4800606 2.5146045 2.7355936 2.7154967 0 35.5 41.5
3.0844559 3.1017774 3.1581522 3.242405 3.1106256 3.7195636 0 39.9
5.4660763 5.2021793 5.5102754 5.6093966 5.8130028 4.88012 4.5258905 0
8 8 2
0 7 10.5 12.6 12 37.7 33.3 46.9
1.0299524 0 10 12.7 10.7 36.9 33.1 47.1
1.6097508 1.5170013 0 12.6 11.1 37.2 30.9 43.7
1.9648374 1.9855646 1.9864746 0 9.2 36.7 32.7 47.1
1.8784821 1.6451071 1.7265918 1.3837633 0 37 30.3 45.5
8.6493883 8.3814749 8.5244719 8.2643097 8.4124447 0 43.1 54.6
7.0413741 6.9870362 6.3974045 6.8684839 6.2153368 10.677316 0 46.9
12.651021 12.667092 11.322037 12.765498 12.063497 16.624251 12.549638 0
8 8 3
0 9.9 16.8 21.1 22.9 52 59.7 118.7
2.6072968 0 14.2 18.9 19.7 52 62.3 112.7
4.8710826 3.944866 0 16.4 23.7 51.8 60.9 129.9
6.3496068 5.5046474 4.6725015 0 14.5 52.2 58.9 130
7.0286108 5.7921683 7.4325986 3.9701112 0 58.9 60.1 128.6
25.938248 25.778979 25.928555 25.660777 31.67223 0 67.3 112
33.520341 36.379634 34.915229 32.784352 33.507543 41.298167 0 96.9
166.89163 148.55983 212.24249 214.90918 198.7445 141.14189 96.134242 0
8 8 4
0 11.1 15.8 18.4 21.9 45.9 52.6 78.5
1.0961399 0 16 17.5 21.9 44 52.1 77.2
1.6616582 1.6907064 0 18.6 20.6 46.1 54.8 76.7
2.003531 1.8901437 2.0351409 0 18.4 44.7 53.7 82.4
2.5026981 2.5120121 2.3380391 2.0074393 0 45.9 54.3 81.7
7.5919544 7.1053474 7.7276266 7.2295014 7.6207053 0 56.2 84.8
9.6456352 9.470511 10.43012 10.00132 10.266287 10.858707 0 82.9
21.250523 20.619025 20.544503 23.691267 23.261007 25.429369 24.595971 0
8 8 5
0 8.2 12.8 14 15.1 28.1 28 43.2
0.98556604 0 10.6 13.6 15.1 27.7 27.8 43
1.6330592 1.3259613 0 13.6 15.2 28.4 28.9 43.5
1.8145654 1.7499746 1.7539936 0 13.1 30.1 29.2 45.3
1.970508 1.9623549 1.9851293 1.6797923 0 26.9 29.8 47.5
4.4998487 4.4264128 4.5578307 4.9433053 4.1870119 0 32.4 47.7
4.5138274 4.4701547 4.7097862 4.7232086 4.8269217 5.5790318 0 37.4
8.8843488 8.8157366 8.967566 9.4612559 9.9963084 10.428811 7.1155395 0
8 8 6
0 10.8 16.2 18 19.9 53.7 57.6 95
0.68279873 0 15.1 16.2 18 54.5 55.8 94.4
1.1083412 1.0093544 0 18.2 19.6 57 57.6 100.1
1.2520913 1.1007518 1.2666714 0 18.2 55.5 57.3 95.9
1.4190214 1.2536262 1.3912108 1.2736325 0 56.7 57.4 101.5
6.531298 6.6667178 7.2330274 6.869341 7.0968465 0 62 89.5
7.2158026 6.7796043 7.1710004 7.1089917 7.1147779 8.2698815 0 86.5
21.784174 21.607746 24.306235 22.175008 25.377173 18.629875 16.959266 0
8 8 7
0 8 13.4 14.8 16.9 32 34 58
0.55798654 0 12.4 13.9 15.4 32 35 60
0.9949356 0.90761728 0 15.7 17.3 31.8 35.6 60.8
1.1158983 1.0407725 1.19452 0 13.6 31.5 34.3 59.2
1.3020293 1.1757499 1.3467232 1.0041288 0 32.4 36 58.9
3.1479269 3.1367152 3.1275796 3.0593334 3.1815927 0 37.3 57.8
3.4268384 3.5786971 3.6746078 3.4607418 3.7004362 3.9280323 0 58.2
8.614972 9.1108519 9.3843907 8.8627152 8.7196691 8.5574317 8.611032 0
8 8 8
0 7.8 11.6 14.8 14.6 28 33.1 42.7
0.7610541 0 10.6 14 13.1 27.7 30 42.1
1.2023935 1.073258 0 13.3 15.4 27.2 31.7 39.6
1.5704656 1.4728399 1.3894054 0 13.3 30.2 31.7 40.5
1.5576239 1.3770462 1.665865 1.3901801 0 28.8 32.1 40.2
3.7142849 3.6386967 3.5696936 4.0803126 3.8424727 0 33.1 39.8
4.6045895 4.0040918 4.3344089 4.2865559 4.4085193 4.677523 0 35.8
7.0425359 6.8676475 6.2964035 6.40512 6.3999472 6.295779 5.2704179 0
8 8 9
0 8.4 10.9 13.3 12.9 20.9 22.2 26.7
0.42280571 0 9.5 11.3 12.7 21.2 21.3 26.5
0.56920294 0.48997931 0 11.9 13.4 21.3 22.4 25.7
0.71040691 0.58890421 0.62827882 0 10.8 20.7 21.7 25.7
0.68704046 0.67458619 0.72147314 0.5622783 0 19.3 21.2 26.3
1.2650747 1.2888993 1.3036484 1.2507255 1.1464361 0 22.8 25.6
1.3499784 1.2801358 1.3705469 1.3097443 1.276315 1.4065456 0 26
1.7616626 1.7464108 1.6768342 1.6800621 1.7265345 1.6868277 1.7018015 0
8 8 10
0 8.7 13.3 16.4 17.6 47.8 42.9 93.9
0.77244015 0 12.7 17.2 17.9 47.2 42.8 90.9
1.2588536 1.1911098 0 17.3 16.9 50.4 44.6 94.4
1.6019262 1.696306 1.7068655 0 14.8 48.8 46.5 96.2
1.7419739 1.7762498 1.6717707 1.4066597 0 47.6 44.1 98
7.5992787 7.3852332 8.2982232 7.8031212 7.5293205 0 55.7 101.9
6.2597282 6.2044249 6.6596373 7.055278 6.4613309 9.8035751 0 87.9
30.561725 28.402575 30.956799 32.092252 33.57378 37.557364 26.182594 0
8 8 11
0 7.6 11.7 15.3 15.4 32.2 34.2 49.2
0.73519446 0 12.2 15.4 16.1 32.8 35.4 51
1.1921475 1.2494985 0 15 15.1 31 35.5 50.1
1.6335484 1.6396703 1.5870644 0 14.8 30.5 37.6 49.5
1.6584006 1.7312821 1.6153521 1.5627976 0 31.6 35.4 49.3
4.4614983 4.55421 4.2123854 4.1093922 4.3377641 0 42 50.4
4.8602375 5.1318265 5.160805 5.5729119 5.1044976 6.6108396 0 50.3
8.9088157 9.4958692 9.2155379 9.0901751 9.0191451 9.431835 9.1862302 0
8 8 12
0 10.1 16.4 17.9 22 46.6 57.9 115.7
0.62908164 0 14 15.5 19.4 46.4 59 117.5
1.1122724 0.91748978 0 16.7 20.3 46.3 60.1 114.9
1.2368748 1.0421345 1.1396852 0 16.8 44.8 58.4 121.5
1.5942979 1.3587376 1.4516311 1.1420343 0 46.6 59.9 123.7
4.9461248 4.9158697 4.8940223 4.6501506 4.8905828 0 53.1 119.2
7.3035952 7.5394243 7.7805894 7.4061131 7.7144899 6.3008585 0 116.2
34.947659 36.411926 34.665766 39.69411 41.567504 39.000956 35.606182 0
8 8 13
0 9.3 15.5 19.1 19.7 44.4 59.2 117.4
0.95377956 0 14.3 18.1 19.3 44.1 60.8 116.5
1.7179896 1.5705369 0 18.4 18.9 45.7 60.9 117.1
2.2081077 2.0595623 2.1161532 0 16.2 48.7 54.8 121.5
2.2993218 2.2419404 2.1953679 1.7978435 0 47.8 53.6 114.8
7.6281057 7.6199109 8.0925888 8.9062262 8.665926 0 61.6 128.4
12.021789 12.5446 12.5377 10.449907 10.043973 12.906058 0 118.3
58.262667 57.030287 58.17013 63.487063 55.023234 74.82922 60.298454 0
8 8 14
0 8.4 11.6 14.9 18.7 34.9 31.1 55.2
2.3357732 0 9.4 13.7 15 32.6 32.7 53
3.3446254 2.6524602 0 14.9 18 35.4 31.9 51.8
4.4364963 4.0444888 4.4432685 0 15.8 35.2 35 55.9
5.8787948 4.5572836 5.5701199 4.762024 0 36.3 32.8 63.5
14.43271 13.105923 14.855818 14.535083 15.009779 0 30.1 55.4
11.924096 12.779175 12.32245 14.093515 12.766891 11.550885 0 50.1
31.729625 30.019533 28.562439 32.316155 40.583517 33.248001 26.461798 0
8 8 15
0 9.9 14.3 18.1 19.4 28.5 39.3 46.1
0.78233215 0 11.1 15.8 18.4 28.6 36.8 44.8
1.1961995 0.88634357 0 16.4 19.5 27.9 36.9 46.7
1.5762537 1.3413291 1.4086853 0 17.3 27.3 37.5 49.2
1.7215427 1.6072472 1.7271036 1.4842135 0 30.2 35.5 51.7
2.9545709 2.9501929 2.8818853 2.7715139 3.1581995 0 39.9 42.8
4.7172178 4.2911187 4.2950518 4.3755808 4.0295099 4.8540195 0 50.9
6.3090162 6.0113564 6.5052052 6.9892926 7.5303961 5.6770863 7.37625 0
8 8 16
0 8.3 13.2 14.1 15.2 35.2 36.8 50.5
0.89946914 0 11.2 14.3 13.9 34.9 37 48.5
1.5127371 1.2490197 0 14.9 15.8 35.6 34.6 50.9
1.647986 1.6769328 1.7537887 0 14.4 37 37.3 54.2
1.8030735 1.6068131 1.8755028 1.6826498 0 35.6 37 55.5
5.7755844 5.6936417 5.8698997 6.1685859 5.8591975 0 36.9 50.6
6.0712615 6.0134195 5.51855 6.1864557 6.0424505 6.0453072 0 51.1
10.538537 9.8618814 10.66727 11.92401 12.442678 10.568382 10.585939 0
8 8 17
0 7.6 11.4 12.6 13.5 23.3 29.3 58.5
0.66139265 0 9.9 12.6 12 22.8 29.2 60.4
1.0463359 0.89866861 0 13.3 12.9 23.9 30.1 59.2
1.1735714 1.1741791 1.2577496 0 11.8 25.3 29.6 58.5
1.2713611 1.1141279 1.2150869 1.0935902 0 23.1 29.4 60.6
2.565599 2.488874 2.6577653 2.8525074 2.5259164 0 26.1 53.9
3.472673 3.4639526 3.6298185 3.526059 3.4885036 2.9871711 0 57.5
11.008289 11.61525 11.231123 10.97377 11.778452 9.5079782 10.637478 0
8 8 18
0 6.4 12 13.3 16.1 26.3 27.6 38.5
0.53824281 0 11.6 12.7 16.1 26.7 26.5 38.3
1.0889298 1.0532433 0 16.1 18.4 26.8 29.2 38.7
1.2131511 1.1603348 1.5327784 0 15.9 28.7 29.5 40.4
1.5183383 1.5240148 1.7868159 1.4921878 0 29 29.2 43.1
2.9412862 3.0105163 3.0328829 3.2937337 3.2928481 0 31 37.1
3.1406233 2.9857665 3.3853291 3.4220289 3.326912 3.7271352 0 37.9
5.2275176 5.1837327 5.2914778 5.5752379 6.087423 4.9957724 5.1228678 0
8 8 19
0 8.7 18.3 21.4 25.9 53.5 64.5 88.3
0.91554099 0 16 21 24.3 53.2 64.4 89.4
2.1752067 1.8432678 0 21.8 25.2 54.7 63.3 94.4
2.6450076 2.5872542 2.698506 0 22.5 58.4 66.7 91.7
3.3951551 3.11969 3.2705974 2.7960639 0 59.1 60.4 101.5
11.178678 11.050534 11.448437 12.663049 13.127075 0 67 86
15.690936 15.495289 15.029896 16.451493 13.65296 17.068754 0 90.7
31.559062 32.142866 36.083377 33.160216 41.665036 31.128939 32.937962 0
8 8 20
0 11.7 19.2 21.1 21.9 54.4 56.2 84.5
1.400558 0 15 18.1 18.7 55.3 54.7 81.5
2.5445674 1.8894193 0 17.9 22.2 53.5 58.1 82
2.8606402 2.3723162 2.3146868 0 17.5 51.9 58.8 84.7
2.9963968 2.4714624 3.0333823 2.2606051 0 50.4 59.7 77.1
12.207721 12.565105 11.904793 11.275464 10.741894 0 55.4 85
13.169093 12.487571 13.983947 14.056436 14.517044 12.665064 0 76.1
31.178286 28.671398 29.006773 30.888385 25.46978 31.933079 24.793599 0
8 8 21
0 7.5 13.3 16 15.9 34.8 46.8 77.4
1.2881154 0 11.8 16.2 15 36.5 49.5 77.6
2.4609209 2.147314 0 15.7 16 37.6 47 75
3.0911354 3.1134327 3.0085625 0 15.6 39.4 50.1 71.3
3.0641151 2.844812 3.0899361 2.9771253 0 37.9 47.2 75
8.906642 9.439089 10.020538 10.756185 10.088407 0 45.4 73.6
14.534579 15.829574 14.444339 16.127559 14.631872 13.841482 0 67.4
38.080693 37.976835 35.949004 32.005912 35.519807 34.883766 28.625017 0
8 8 22
0 9.6 15.3 18.3 20.8 44.5 53.4 58.7
0.83649962 0 13.2 17.8 19 44.6 53.1 61.4
1.432004 1.2041396 0 17.4 19.3 43.4 51.2 62
1.7822799 1.7113331 1.676291 0 16.2 45.7 49.5 63.4
2.0917951 1.8594605 1.9031516 1.5286318 0 43.6 50.9 64.8
6.4541786 6.406934 6.1639954 6.6950474 6.1649978 0 48.7 59.9
8.7446372 8.6245504 8.120762 7.6560632 8.0899954 7.5152502 0 59.9
10.737142 11.694268 11.948784 12.373916 12.83664 11.49601 11.25033 0
8 8 23
0 8.7 13.2 17.3 15.8 35.1 32.7 46.7
1.3267514 0 13.6 16.1 15.5 34.3 33.7 48
2.129301 2.2007684 0 14.4 15 36.3 31.2 45.1
2.9105294 2.6924051 2.3518866 0 12.8 35.1 32.6 47.4
2.62878 2.5797864 2.4719326 2.0447065 0 35.4 30.8 46
7.8899968 7.5828588 8.3500972 7.8184356 7.8456998 0 34.4 47.5
6.9394642 7.3044428 6.5068579 6.9166777 6.359832 7.6097264 0 41.8
12.430556 13.07558 11.784983 12.777143 12.114476 13.010452 10.357573 0
8 8 24
0 11.5 16.4 18.7 20.7 43.5 51.2 81.3
1.2825005 0 13.5 16.1 16.9 44.3 49.2 75.9
1.9565419 1.550571 0 16 17.6 43.6 49.3 76.2
2.2890378 1.9013819 1.8901446 0 15.6 43.4 47.9 83.5
2.6029896 2.0298337 2.1301188 1.832979 0 42.9 48.2 81.8
7.7628881 8.0246612 7.8208819 7.7394342 7.6184574 0 44.4 81.7
10.135591 9.5649036 9.5793312 9.0892356 9.1798827 8.0975735 0 78.2
26.729054 23.313195 23.503878 28.34405 27.112588 27.536939 24.337666 0
8 8 25
0 14.4 19.3 20.8 24.5 63.3 54 97.4
2.0888318 0 17.7 18.4 23.7 59 55.8 97.3
3.0032081 2.6991667 0 19.2 21.8 60.6 54 96.6
3.3026651 2.8229236 2.996775 0 19.5 63.8 55.1 98.6
4.1066817 3.9228373 3.5289192 3.0426978 0 62.6 55.2 96.9
19.313757 17.203939 18.111058 19.751361 19.047805 0 60.6 103.3
14.350973 15.087154 14.269092 14.683187 14.933328 17.54947 0 93.9
51.656407 51.513509 50.767705 52.443947 51.312259 59.067708 46.154994 0
8 8 26
0 7.5 12.2 14.7 17.3 27.4 27.6 43.5
0.51325029 0 11.5 14.4 17.3 26.5 28.3 45.4
0.87962937 0.82610588 0 13.7 17.1 28.8 29 45.2
1.0887011 1.0577182 1.000488 0 13.9 29.3 28.8 46.3
1.3333661 1.3286255 1.3110144 1.0226876 0 29.2 29.2 46.5
2.500881 2.3867271 2.6764836 2.7009086 2.7180575 0 29.2 44.8
2.498373 2.5706634 2.6748592 2.6144581 2.6862158 2.7271928 0 41.2
5.1023247 5.4243285 5.4119552 5.5632099 5.6533355 5.4108287 4.6282626 0
8 8 27
0 8.5 14.5 17.6 18 34.9 38 67.1
0.4224305 0 13.2 17.3 16.5 36.5 39.7 68.8
0.77931564 0.70065522 0 17.2 17.8 36.1 39.1 71.2
0.98481637 0.9633452 0.95877104 0 16.3 36.5 39.9 68.6
1.0128343 0.91343472 1.001765 0.89590377 0 35.3 39.8 71.5
2.5819935 2.7585059 2.7046491 2.7363937 2.6068871 0 37.7 70.7
2.9098988 3.1062764 3.0477386 3.1253207 3.1205871 2.8858041 0 67
8.1945357 8.6271961 9.2165137 8.5129525 9.2862072 9.0670901 8.0193227 0
8 8 28
0 12.3 17.8 22.2 23.8 53.3 64.4 90.3
2.885 0 18.9 23 22 56.3 64.9 87.5
4.5409198 4.8667975 0 20.2 22 55.6 59.9 84.4
5.9778334 6.2420528 5.3396158 0 20.1 56.1 66.5 89.4
6.5263269 5.8685283 5.8848422 5.2730223 0 57.8 63.3 91.1
23.319419 25.295289 24.871838 25.594673 26.801353 0 63.7 91
33.245384 33.507778 29.157324 35.221844 31.994488 31.97052 0 85.9
73.367299 66.575543 63.554598 69.297301 72.92886 74.927051 62.800061 0
8 8 29
0 7.4 14.2 15.5 17.3 44.7 49.4 92.9
0.5078782 0 12.8 16.4 17.2 44.8 48.7 94.1
1.0576477 0.93584789 0 18 17.7 45.1 48.6 96.5
1.1747469 1.256127 1.4113384 0 16.7 43.2 49.6 95.8
1.3357359 1.327809 1.3793293 1.2910813 0 44.9 48.3 97.7
5.284373 5.2909125 5.3151383 4.9997829 5.3059971 0 45 94.2
6.1849465 6.0081232 5.9822413 6.174593 5.9414078 5.3160472 0 92.9
22.985124 23.503564 24.615757 24.649664 25.824204 24.534152 23.012928 0
8 8 30
0 6.4 10.4 12.2 13.5 23.3 27 37.1
0.55436056 0 9.8 11.9 12.3 23.7 26.4 35.7
0.95033692 0.88630764 0 12.5 13.2 22.9 29.3 35.8
1.1386662 1.0951749 1.1685908 0 10.5 24.1 27.2 35.9
1.2758189 1.1499925 1.2473302 0.95090542 0 23 26.6 35.5
2.5636587 2.6232001 2.502707 2.6842472 2.5159686 0 30.5 35.9
3.0874111 2.9947367 3.4444182 3.1255523 3.0266635 3.6666754 0 38.7
5.0699233 4.7822864 4.7982869 4.8219635 4.7285408 4.851581 5.3089837 0
8 8 31
0 8.7 12.8 15.9 21.4 42.5 45.5 60.3
0.82623967 0 12.2 15.7 22 42.4 47.1 62.7
1.2787561 1.2080106 0 14.3 19.4 40.5 47.1 59.2
1.6447217 1.6113596 1.4466018 0 16.4 42.3 47.8 62.3
2.3810826 2.4682821 2.1225328 1.704584 0 44.5 45.2 63.9
6.686867 6.6967805 6.2504523 6.6576601 7.0924259 0 42.6 58.8
7.438056 7.8371 7.8815105 8.0230523 7.27133 6.6543771 0 59.9
12.63933 13.539602 12.210459 13.31775 13.915588 12.240071 12.431057 0
8 8 32
0 12.4 20.7 21 23.7 69.9 72.5 109.6
1.918492 0 17.3 18.5 21.5 69.2 74.9 109.8
3.5557497 2.8615682 0 21.9 20.9 69.7 74.7 111.9
3.6062536 3.0864509 3.8302947 0 20 70.8 73.6 114.4
4.272102 3.7621781 3.6539627 3.4305099 0 69.3 77.1 116.8
25.092506 24.660016 25.077189 26.145631 24.84587 0 62.9 109
26.987938 28.947336 28.905846 28.01238 30.778185 20.131558 0 103.6
76.555632 76.617191 78.261478 82.937922 87.140679 71.640496 64.084999 0
8 8 33
0 8.4 11.2 15 14 31.7 33.2 43.5
1.0515721 0 9.2 13.4 13.4 32.2 35.2 44.3
1.4368013 1.164338 0 14 13.2 31 32.5 45.7
2.034529 1.7844958 1.8824326 0 13.3 34.9 35.4 47.1
1.8675151 1.7780946 1.7592112 1.7497741 0 32.5 35.3 45.3
5.6009765 5.7096667 5.4454488 6.3907719 5.7801963 0 34.5 42.2
5.8906475 6.4049656 5.7238121 6.4972127 6.4317753 6.3175022 0 43.4
9.2060961 9.4406133 9.9051088 10.368071 9.7868163 8.9020474 8.9916459 0
8 8 34
0 9.4 15.3 18.9 18.7 43.7 45.5 76.2
0.65866089 0 13.2 16.4 16.7 44.1 47.8 75
1.1623525 0.97269868 0 17.1 17.7 42.6 46.9 76.4
1.5095783 1.2597327 1.3256245 0 17.6 45.3 50.8 79.6
1.4877537 1.2938828 1.3916342 1.387683 0 43.1 47 78.1
5.0695103 5.1488905 4.8642593 5.4075317 4.9318186 0 49.7 79.2
5.3463553 5.8135279 5.6528578 6.4336257 5.6042211 6.2795107 0 81.1
14.823867 14.383119 14.992165 16.434759 15.654682 16.201617 16.82108 0
8 8 35
0 6.7 11.1 11.6 11.5 24.7 28 40.4
0.40361454 0 9.1 11.2 10.4 23.9 26.2 39.3
0.70910912 0.57158677 0 13.3 12.2 25.3 28.1 40.4
0.74803964 0.71506471 0.87403241 0 10.1 24.8 27.6 42
0.7364484 0.65299454 0.78726377 0.6338056 0 24.1 25 39.4
1.9309586 1.8419565 1.9953211 1.9346073 1.8499678 0 29.8 39
2.2693106 2.0741862 2.2912999 2.2320919 1.9509865 2.5010243 0 41
4.0262036 3.8515329 4.0196181 4.2623072 3.8447018 3.8124907 4.0931258 0
