7
8 8 1
0 9 16.3 16.7 17.3 59.5 55.7 82.8
1.1412879 0 17.8 15.7 17.4 61.4 58.2 79.7
2.3043734 2.5514214 0 18.2 21.5 57.9 58 83.1
2.352876 2.1881353 2.6314948 0 17.6 65.2 60.7 86.2
2.45652 2.4618875 3.2399274 2.4969618 0 58.4 55.9 81.9
16.218503 17.118176 15.382424 19.282305 15.422425 0 60.6 81.5
14.220634 15.422918 15.064401 16.440224 14.11549 16.312232 0 83.3
32.462474 30.167852 33.316328 35.740808 31.568425 31.091592 32.001513 0
8 8 2
0 10.5 15.5 16.8 16.5 36.2 40.8 66.3
2.3100677 0 16 16.1 17.4 37.5 45.9 66
3.662873 3.772488 0 17.6 17.7 38 41.5 70.3
3.9666267 3.7917317 4.231534 0 16.9 39.9 44.9 69.4
3.884561 4.1350543 4.2331571 3.9720993 0 41.6 41.7 74.4
11.801887 12.399314 12.741384 13.655873 14.507274 0 38 68.4
13.983945 16.669842 14.271573 15.931525 14.197093 12.343975 0 79.9
33.929716 34.252441 38.393138 37.246829 43.047677 37.030679 49.085112 0
8 8 3
0 8 15.6 16.1 17.5 37.9 41.7 46
0.68767711 0 13 14.2 17.2 39.9 41.5 48.1
1.4833756 1.2012391 0 13.7 18.5 39.1 39.6 47
1.538789 1.3259231 1.2747221 0 16.5 40.8 40.3 47.9
1.7066673 1.6618833 1.8211745 1.5719165 0 38.3 40.1 45.8
5.1110972 5.5327951 5.3787068 5.6727737 5.1257657 0 37.7 40.2
5.8793987 5.8114596 5.4544511 5.5748245 5.4684364 5.0490279 0 43
7.0516906 7.5580691 7.3091578 7.490311 6.9153813 5.7618408 6.2784729 0
8 8 4
0 9.3 14.6 16.5 17.7 32.8 34.5 51.6
1.3811483 0 15.2 17.6 18 34 35.3 52.8
2.3485923 2.4297513 0 15.4 17.6 35.3 35.7 48.3
2.6816649 2.875107 2.4775425 0 15.8 34 38.2 50.1
2.9226484 2.97461 2.9102824 2.52733 0 36.5 39.1 51.4
6.9817917 7.3236316 7.6975977 7.2660026 8.0591428 0 36.9 50.3
7.3726263 7.6508396 7.7718153 8.5372669 8.8836206 8.2318804 0 57.7
14.657738 15.178276 13.085808 13.862361 14.402045 14.059705 17.865701 0
8 8 5
0 10.7 15.6 15 20.7 35.4 42.9 71.4
0.75736984 0 14.3 13.6 18.5 36.3 43.5 69.8
1.1817036 1.0655633 0 15 18.9 34.8 42.9 70.7
1.1151821 0.99263854 1.1146808 0 18.4 36.5 44.3 71
1.6609815 1.4392617 1.4940342 1.4269199 0 36.3 42.6 72.4
3.6471915 3.7579831 3.5553472 3.7615711 3.7322802 0 41.4 70.8
4.835979 4.9247602 4.815361 5.0247435 4.7564819 4.5835893 0 74.8
12.832744 12.304903 12.738045 12.540208 13.05502 12.660417 14.020971 0
8 8 6
0 8 12.4 14.7 15.2 23.3 34.2 67.9
1.1960754 0 10.3 11.6 13.3 24.5 32.9 68.7
1.9471134 1.5893889 0 10.2 11.9 25.7 33.9 68
2.3849164 1.8150662 1.5719942 0 11.9 23.7 32.8 70.9
2.4767161 2.1283166 1.8658892 1.8650103 0 23.3 34.4 67.8
4.2864967 4.6029431 4.872636 4.3774665 4.3082186 0 33.2 67.3
7.3623759 7.0071829 7.3027261 6.9479555 7.4836574 7.0378656 0 66.4
24.548341 25.20189 24.567257 26.591065 24.573042 24.112203 23.171228 0
8 8 7
0 10.9 16.5 17.5 18.8 41.6 48.2 60.7
1.2026514 0 14.3 14.6 17.2 41.7 48.3 60
1.9552852 1.651802 0 17.8 19.9 42.2 48 58
2.1002325 1.6841406 2.1546757 0 18.6 42.2 48.2 64.9
2.2708958 2.042976 2.4432966 2.2373689 0 44.2 49.4 68.5
7.1581136 7.2448114 7.4531303 7.3337455 7.8095896 0 51.4 60.9
9.2732992 9.2564261 9.2164404 9.1237088 9.5577199 10.292171 0 71
14.480284 14.176998 13.349551 16.295877 17.978836 14.955866 19.946876 0
