2.34500672649 14604.57181
2.43798775131 11693.90833
2.35083654222 14498.603
2.43582080103 19797.75579
2.35803337893 17440.92427
2.34718880495 17750.766
2.21887218755 14299.9545
2.49355821447 19123.4062
2.27798538697 27046.2013
2.25473510739 16647.10208
2.57919044627 18116.8389
2.62230715632 13733.18468
2.23944078541 18741.6147
2.20422407875 16703.67769
2.53330804979 16636.60108
2.15975898814 11750.94412
2.29902289467 15311.7754
2.56080711287 14744.33901
2.10306969943 12562.91244
2.99741028066 20690.90481
2.28546713115 12887.32953
2.74278976629 24975.16988
2.01756792194 13261.7276
2.36045689454 17432.96294
2.47082718842 15873.5158
2.59367598062 19303.83944
2.23217843403 13959.162
2.21717617235 16568.67059
2.57757682224 19749.22658
2.76080096066 18452.127
2.25473510739 12337.23808
2.14099095342 18107.958
2.58936766426 14377.5478
2.53608428058 19555.70183
2.36806946426 20712.394
3.12927696442 16813.68184
2.07147297714 16267.3022
2.1344951075 13554.73475
2.56080711287 14553.26438
2.57757682224 15922.52429
2.50144641027 21107.88268
2.31789508222 20732.98271
2.13733993735 15427.8236
2.29838622843 20864.92295
2.07660797086 12756.1247
2.95694827437 23291.33827
2.49624357949 13344.93306
2.29371514905 16103.49449
2.72642708223 15253.64075
2.62047755763 18406.01108
2.0277578281 15884.158
2.27798538697 13100.91605
2.17693516049 13922.4183
2.56693482138 14917.99637
2.49041376376 17377.42646
2.2321011859 19141.3034
2.46244637839 15121.21111
1.98460194963 11076.7864
2.36349247789 18165.09267
1.98409479673 12553.0988
2.65 13640.62584
2.31427509784 15535.7809
2.35588948671 17266.4064
2.99741028066 29166.75065
2.66008657287 16076.12373
2.65769821593 15393.40492
2.79265636138 14839.50792
2.14764963489 17798.73064
2.14099095342 13376.795
2.55680152144 18739.48356
2.38459782265 17845.7936
2.1567207155 15354.224
2.84881654913 16237.56397
2.24844262062 18198.63945
2.62355138404 22504.31598
2.67906704024 19001.75072
2.17968179727 10963.30736
2.70874431543 17981.21855
2.2321011859 14789.6275
2.53608428058 17355.82196
1.97248496056 9434.786
2.32339242424 14268.41745
2.36323312532 15846.647
2.10546362103 13009.756
2.51943145813 16258.597
2.77265830001 19286.0955
2.71550220321 16672.8524
2.34670063995 18588.66
2.55343496876 20947.5957
2.97853809311 18333.4071
3.37715859238 23700.52149
2.0658683979 13523.57949
3.05790814011 23559.12754
2.64135714811 15173.74333
2.32339242424 14102.82081
2.29371514905 15466.7155
3.28225155517 23185.04585
2.31822639883 14917.068
2.16113679935 13752.61444
2.26776556889 16957.28648
