3.49196845385 17820.8232
3.49196845385 17706.3894
3.49196845385 20610.37351
3.49196845385 25805.32217
3.49196845385 22811.91845
3.49196845385 24849.4769
3.49196845385 20341.71736
3.49196845385 25542.40022
3.49196845385 30966.35814
3.49196845385 19819.10381
3.49196845385 18377.16095
3.37715859238 18350.98432
3.49196845385 23382.02934
3.12927696442 17389.44672
3.49196845385 19150.42283
3.12927696442 19500.00844
3.12927696442 20455.71416
3.12927696442 18243.60219
2.96107217402 14039.29583
3.49196845385 22428.304
3.49196845385 20135.17325
3.49196845385 24213.81288
3.49196845385 19377.87528
3.49196845385 21250.29201
3.49196845385 17342.26054
3.12927696442 21673.45005
3.49196845385 22754.72858
3.49196845385 24990.13702
3.49196845385 23508.95951
3.49196845385 19556.53882
3.49196845385 14384.39211
3.49196845385 22674.97377
3.49196845385 22432.22935
3.49196845385 23495.06201
3.49196845385 30561.53423
3.49196845385 21943.44507
3.12927696442 18956.70113
3.49196845385 14200.35327
3.49196845385 20606.71065
3.49196845385 24572.63703
3.49196845385 23820.20318
3.49196845385 28160.57208
3.49196845385 21534.0802
3.12927696442 21467.17825
3.49196845385 21423.9248
3.49196845385 26214.26657
3.49196845385 19781.94657
3.49196845385 25151.29753
3.49196845385 19906.97525
3.49196845385 24043.79335
3.12927696442 16187.00846
3.49196845385 19155.66474
3.49196845385 19542.44507
3.12927696442 18649.71442
3.12927696442 19214.7824
3.12927696442 18254.19932
3.12927696442 17847.261
3.49196845385 19754.53923
3.37715859238 21661.15232
3.37715859238 22707.7048
3.49196845385 19238.06413
3.49196845385 24192.77057
3.49196845385 22201.26464
3.49196845385 29381.58314
3.49196845385 22739.30104
3.49196845385 17697.58707
3.49196845385 16032.47404
3.37715859238 22418.48095
3.49196845385 26714.27266
3.49196845385 20026.43896
3.49196845385 20885.86534
3.49196845385 25467.76974
3.49196845385 23661.71554
3.49196845385 21054.68856
3.49196845385 27261.55539
3.49196845385 22991.80415
3.49196845385 18220.32221
3.49196845385 21981.80355
2.92831709868 16538.08734
3.49196845385 18629.14909
3.49196845385 15745.24035
3.12927696442 14631.66996
3.49196845385 25853.07832
3.12927696442 19766.05585
3.12927696442 17150.09401
3.49196845385 18471.7608
3.49196845385 20570.70889
3.49196845385 23648.70285
3.12927696442 22857.19322
3.49196845385 20810.35382
3.49196845385 24123.25542
3.49196845385 18406.48447
3.49196845385 24340.44819
3.37715859238 13477.99385
3.49196845385 20628.46618
3.49196845385 16849.27847
3.49196845385 22232.28084
3.37715859238 22533.90598
3.49196845385 20256.4036
3.12927696442 22128.40122
