3.49196845385 18660.62053
3.49196845385 17812.06446
3.49196845385 20610.37351
3.49196845385 24907.37683
3.49196845385 24489.22515
3.49196845385 24375.28971
3.49196845385 20234.6808
3.49196845385 24880.33957
3.49196845385 31711.23313
3.49196845385 20878.84401
3.49196845385 19497.13287
3.26337936762 16118.9081
3.49196845385 23515.01645
3.12927696442 18035.15945
3.49196845385 18712.25119
3.12927696442 19933.93707
3.49196845385 25970.06142
3.12927696442 17288.58361
3.49196845385 17102.53814
3.49196845385 22428.304
3.49196845385 18727.27513
3.12927696442 25787.38063
3.12927696442 19072.71103
3.49196845385 22276.99025
3.12927696442 16174.45758
3.12927696442 22207.92961
3.06628246821 22647.72067
3.49196845385 26748.15235
3.49196845385 25098.08579
3.49196845385 20715.44725
3.49196845385 14789.00508
3.49196845385 22622.35273
3.49196845385 23363.82959
3.49196845385 24885.31723
3.49196845385 30072.17806
3.49196845385 21339.40689
2.78466642172 17785.20956
3.12927696442 14817.10465
3.12927696442 18216.00586
3.12927696442 20661.67891
3.12927696442 23023.66203
3.49196845385 29723.2696
3.49196845385 21951.64043
3.49196845385 26870.95895
3.49196845385 20864.4206
3.49196845385 26538.28895
3.49196845385 19781.94657
3.12927696442 20582.65948
3.49196845385 20361.12021
3.12927696442 19308.56113
3.12927696442 17284.53503
3.49196845385 18801.22703
3.49196845385 20433.50648
3.12927696442 18649.71442
3.12927696442 19214.7824
2.78466642172 21055.78976
2.78466642172 16851.78145
3.49196845385 19223.02073
3.12927696442 18278.56495
3.49196845385 21773.83713
3.49196845385 20292.84685
3.49196845385 23631.5934
3.49196845385 22476.16414
3.49196845385 28195.0239
3.49196845385 22947.97542
3.49196845385 20143.06473
3.49196845385 15652.13226
3.49196845385 24157.23204
3.49196845385 26955.05015
3.12927696442 20114.20352
3.49196845385 21276.27919
3.12927696442 23370.45429
3.49196845385 22112.01007
3.49196845385 21532.17939
3.49196845385 27261.55539
3.12927696442 22482.5932
3.12927696442 19022.75587
3.49196845385 22338.4091
3.12927696442 19030.811
3.49196845385 19249.70428
3.49196845385 18330.57305
3.49196845385 18544.55579
3.49196845385 26177.0026
3.12927696442 19707.605
3.49196845385 21140.88121
3.49196845385 18847.7505
3.49196845385 20796.28969
3.49196845385 24761.73872
3.12927696442 23073.01324
3.49196845385 21600.63499
3.49196845385 24522.10778
3.49196845385 18996.65024
3.49196845385 25316.23314
3.49196845385 15263.91408
3.49196845385 20658.64945
3.12927696442 18479.16786
3.49196845385 23812.33241
3.49196845385 23275.34516
3.49196845385 26139.37918
3.12927696442 20921.54577
