3.28225155517 19585.72301
3.12927696442 17586.3397
2.47049134973 15416.48202
2.85131318588 24491.39271
3.28225155517 27705.8765
2.48437439076 16509.49589
2.40831047612 15331.3204
2.56080711287 19879.10609
1.8948312853 14102.4368
2.33724485803 17758.92207
2.88807608682 19076.30951
3.12927696442 17769.58581
2.90944491112 17226.60386
2.21717617235 15136.20049
2.81181814184 18014.85166
1.94393001976 14364.8554
2.3255967788 14586.43656
2.46244637839 15750.65884
2.28890683432 12590.95444
3.01877910497 21944.91341
2.42903600855 14489.40563
2.20553674218 20130.3705
2.33728354516 13682.7081
3.01877910497 19918.94057
2.51904493946 11987.18989
2.33943828857 16514.7193
2.56693482138 13293.95217
2.29371514905 18486.34593
2.96107217402 23486.29238
2.23944078541 12888.33475
2.07161017528 11562.359
2.27798538697 17694.52884
2.7919287731 13044.39993
2.14764963489 18041.51675
2.49355821447 21253.2101
3.28225155517 20472.32984
2.84566546447 18711.60043
2.10411992591 13885.71145
2.62230715632 17979.32039
2.2708616714 18454.51929
2.24390010783 17914.142
3.01877910497 17210.14421
2.36349247789 15030.3989
2.53330804979 18493.13325
2.31734892425 13770.5947
2.67407376673 20399.68727
2.3648522875 12809.7045
2.59348759017 21762.19978
3.01049101062 19805.99795
2.75680731616 19099.15075
3.05790814011 21537.72261
2.53025446485 14634.40558
2.3815326453 13854.16038
3.01877910497 17988.93303
3.12927696442 19200.00813
2.67906704024 20188.02191
2.24732792205 15083.43911
2.20581181413 12477.71559
2.1567207155 17174.11
2.26073236159 16873.6571
2.73717170753 14114.62912
2.36045689454 16930.3531
2.62230715632 18841.1964
3.28225155517 28186.59364
2.75680731616 16869.48524
2.65769821593 15180.67792
2.43582080103 14225.2393
2.4365873065 17616.50474
2.43582080103 24427.43152
2.73326777209 19378.1153
1.94158470699 14395.8881
2.34186430102 16287.75284
2.73326777209 15535.44223
2.26009069985 13952.72798
2.53830364569 20325.65066
2.4365873065 17195.95046
2.32072303558 13395.81831
2.68632939162 17253.63255
2.4491972767 15475.35984
3.08903595256 19054.27552
2.07751235015 10355.8198
2.26073236159 13575.0839
2.43582080103 13113.09133
1.90057306268 11136.6865
2.53830364569 16302.51725
2.49288392026 16702.0688
2.71550220321 16010.7424
2.58206614446 18042.9225
2.85131318588 21388.92445
2.74858501652 18601.8971
2.74278976629 22761.93215
2.22563502186 15178.96949
2.82018537344 19735.48224
2.26185118714 13080.94863
3.37715859238 18484.44545
2.40831047612 15310.5265
2.82018537344 21328.17094
2.37176913508 16404.39198
2.67192809489 15323.92364
2.12857065652 17068.2163
