2.16096404744 13362.4556
2.16096404744 13968.8771
2.16096404744 12419.0866
2.16096404744 14248.6213
2.16096404744 14429.4826
2.16096404744 14759.3545
2.16096404744 13475.8639
2.16096404744 15792.2117
2.11526893213 14408.26
2.07751235015 12863.1784
2.16096404744 12833.22599
2.16096404744 13221.0514
2.16096404744 14036.8736
2.07147297714 11664.3076
2.16096404744 13786.1025
2.16096404744 12799.8465
2.11526893213 11639.1314
2.16096404744 13045.0546
2.16096404744 12571.12207
2.16096404744 15693.6051
2.16096404744 14220.9011
2.16096404744 17872.8299
2.16096404744 14931.4035
2.11526893213 11466.8667
2.16096404744 15734.8347
2.11526893213 15047.2878
2.11526893213 15063.2559
2.07751235015 13781.8527
2.16096404744 11470.9157
2.07751235015 11341.3733
2.16096404744 12818.143
2.16096404744 16145.6023
2.11526893213 12327.4284
2.16096404744 16357.0337
2.16096404744 15152.7707
2.16096404744 13613.4379
2.16096404744 16285.7759
2.16096404744 12952.1194
2.16096404744 12224.0391
2.16096404744 15254.1517
2.07751235015 13507.5822
2.16096404744 14478.9703
2.16096404744 14965.421
2.16096404744 16484.8062
2.16096404744 13146.1819
2.16096404744 17653.7849
2.11526893213 10697.1153
2.11526893213 14496.5653
2.11526893213 12195.9486
2.16096404744 14244.6139
2.16096404744 17428.0598
2.11526893213 13300.3092
2.16096404744 14106.9694
2.16096404744 13806.8733
2.16096404744 13774.2002
2.16096404744 14073.6129
2.16096404744 12283.8425
2.11526893213 10624.1602
2.16096404744 12755.7157
2.16096404744 12121.6476
2.16096404744 12691.8039
2.16096404744 15687.4191
2.11526893213 17152.1389
2.16096404744 16166.8776
2.16096404744 14163.1657
2.16096404744 11500.6211
2.16096404744 11570.9465
2.11526893213 16445.8169
2.16096404744 15237.3571
2.16096404744 15925.809
2.16096404744 15010.0317
2.16096404744 14820.2965
2.16096404744 12806.9144
2.03572117028 14015.6717
2.16096404744 16479.1333
2.16096404744 16152.7029
2.11526893213 12335.6665
2.11526893213 14282.1216
2.16096404744 16849.224
2.16096404744 15937.2367
2.16096404744 12073.5583
2.11526893213 11344.9798
2.07751235015 12655.0549
2.16096404744 12872.9481
2.02299211346 11888.8406
2.16096404744 12013.5893
2.16096404744 15510.632
2.16096404744 12898.6628
2.11526893213 15406.8055
2.16096404744 15775.1078
2.07751235015 11976.1673
2.11526893213 13186.7079
2.16096404744 14626.1574
2.11526893213 13809.421
2.11526893213 15433.4792
2.16096404744 13227.2193
2.16096404744 14881.4206
2.16096404744 14837.8372
2.39620765882 12775.8066
2.16096404744 12421.7591
