2.00532498521 13123.2942
2.2321011859 12138.4027
2.04288392026 13314.7636
2.05 18098.5641
2.00532498521 15446.1865
1.97031859783 15066.22
2.44957360407 13895.64006
1.97588906099 15115.6271
2.16096404744 16215.1465
2.00532498521 16678.6361
1.92548875022 11890.81009
2.16096404744 13221.0514
2.16096404744 14036.8736
1.95661243568 11255.2056
1.87299211346 12242.4238
2.07751235015 12535.8838
2.11526893213 11639.1314
2.04693069567 13665.1522
2.03572117028 12777.0316
1.94393001976 16417.0957
2.11836503465 12862.5125
1.92548875022 18722.2918
2.16096404744 14931.4035
2.46073648857 13658.58793
2.16096404744 15734.8347
2.00532498521 12947.8645
1.94393001976 13165.4638
2.16096404744 15124.2417
2.13466642172 11482.0754
2.07147297714 12208.4058
1.98557945006 13479.0148
2.00532498521 15335.9728
1.90574321507 12174.4572
1.98789064675 15506.3859
2.16096404744 15152.7707
2.00532498521 14012.51
2.2157256351 16657.825
1.96124895491 13456.2754
2.03572117028 13767.8926
2.15803337893 17631.5377
2.00532498521 14766.1263
2.02299211346 13097.4893
2.11526893213 15244.339
2.16096404744 16484.8062
2.16096404744 13146.1819
1.99367690598 17749.4539
2.00532498521 12476.3849
2.36080711287 17845.2813
2.00532498521 13666.7146
2.16096404744 14244.6139
1.99367690598 15342.3356
1.96124895491 11931.0372
2.00532498521 13402.3111
1.99367690598 13727.0438
1.98789064675 12358.4019
1.99367690598 16073.6607
2.16096404744 12283.8425
1.95823985182 9875.1199
1.98789064675 12862.6342
2.16096404744 12121.6476
2.16096404744 12691.8039
2.00532498521 15524.9952
2.07147297714 17035.8364
2.13724485803 19300.0854
1.91457682045 15423.5244
2.04693069567 12316.0533
1.91457682045 10912.3854
1.99367690598 16062.6628
2.16096404744 15237.3571
1.99367690598 15214.8277
2.16096404744 15010.0317
2.02299211346 14719.6267
1.99367690598 12534.7562
1.91096404744 16539.9415
2.05 16562.5448
2.16096404744 16152.7029
1.99367690598 13659.8745
2.04693069567 14903.4286
2.04693069567 16617.2911
2.02299211346 14669.9552
2.16096404744 12073.5583
2.02299211346 10982.6678
2.16096404744 13890.9281
2.16096404744 12872.9481
2.16822639883 14027.8978
2.17646625065 11816.0163
2.00532498521 13909.9398
1.91096404744 15124.6502
2.16096404744 15641.5796
1.97031859783 14011.0854
1.98789064675 14149.8878
2.07751235015 13636.9226
2.04693069567 14741.0947
1.92220536653 10516.4493
2.02299211346 13974.3004
2.16096404744 13227.2193
2.00532498521 15511.4715
2.03594564476 14926.1528
2.11526893213 12751.9488
2.16096404744 12421.7591
