1.91096404744 11993.8776
1.94393001976 11533.8684
1.94393001976 12330.1702
2.16096404744 14248.6213
2.16096404744 14429.4826
1.88152812322 14718.5566
2.22216088467 13246.4209
2.04693069567 14703.8857
2.11526893213 14408.26
2.05 17301.5161
1.97031859783 13247.09009
2.16096404744 13221.0514
2.16096404744 14036.8736
1.97031859783 11560.3126
1.92548875022 12519.8078
2.16096404744 12799.8465
2.11526893213 11639.1314
1.99367690598 14325.9022
2.16096404744 12571.12207
1.91457682045 14321.6585
2.17646625065 15348.2984
2.16096404744 17988.27
2.16096404744 14931.4035
1.99367690598 12465.3375
2.16096404744 15734.8347
2.02299211346 14529.5281
2.04693069567 15121.3663
2.16096404744 15124.2417
1.99367690598 11338.0416
2.00532498521 12616.8075
2.00532498521 12849.8079
1.99367690598 15476.1728
1.98789064675 12256.0394
2.16096404744 16357.0337
2.11526893213 13862.4409
1.98789064675 13022.25
2.16096404744 16285.7759
1.96124895491 13298.5454
1.95823985182 12008.802
2.08973385896 14930.1677
1.98789064675 14574.5063
2.16096404744 14740.572
2.002092199 14879.8606
2.16096404744 16484.8062
2.16096404744 13146.1819
2.00532498521 19148.7127
2.16096404744 12290.8447
2.11526893213 14496.5653
1.99367690598 13455.7446
2.11526893213 13549.2537
2.16096404744 18192.7659
1.96124895491 12609.9527
2.16096404744 14106.9694
2.07751235015 13547.9318
1.98789064675 12272.9421
1.98789064675 15603.1307
2.16096404744 12283.8425
2.11526893213 10624.1602
1.98789064675 12862.6342
2.11526893213 11483.5185
2.02299211346 12800.5849
1.98789064675 15805.4052
2.16096404744 17928.2317
2.00532498521 16861.9031
1.91457682045 15524.3944
2.11526893213 12535.7986
2.26776556889 12491.7565
2.16096404744 16930.1561
2.16096404744 15237.3571
2.00532498521 15570.2677
2.16096404744 15010.0317
2.16096404744 14820.2965
2.2157256351 13975.7562
2.16096404744 16617.384
1.91457682045 17637.3448
2.16096404744 16152.7029
1.98789064675 13633.4845
2.03572117028 16180.8317
2.16096404744 16849.224
2.07751235015 14181.1152
2.16096404744 12073.5583
1.98789064675 10571.8978
2.02299211346 13016.7338
2.16096404744 12872.9481
2.00532498521 14068.7441
2.16096404744 12013.5893
2.2157256351 15569.6598
1.94393001976 13908.2402
2.02299211346 13891.6871
1.99367690598 14750.7392
2.11526893213 15337.7578
2.16096404744 13844.1043
2.02299211346 14745.7347
1.92220536653 11001.4493
2.00532498521 13567.7404
2.16096404744 13227.2193
2.00532498521 15511.4715
2.05 15578.6828
2.16096404744 11773.332
2.16096404744 12421.7591
