2
10 10 1
0 151 151 81 117 102 98 148 82 109
190.20586 0 102 152 171 153 157 104 149 153
187.84501 85.376299 0 152 184 183 169 62 153 161
57.32484 187.73647 196.26012 0 119 112 90 135 8.1035948 101
111.58837 266.18071 301.7805 116.84814 0 118 112 172 120 48
88.803077 199.82395 299.94405 103.23404 120.10535 0 102 175 110 100
84.607163 217.02818 254.46326 71.464075 110.67944 89.460638 0 156 89 103
186.73161 93.310193 36.713498 155.54816 263.49994 278.87023 219.13489 0 138 156
59.417706 178.34482 197.80258 3.3914943 118.96532 98.846843 70.774248 163.97078 0 101
99.648801 205.49166 225.93765 88.978426 27.88368 88.441211 94.599121 216.44685 88.908615 0
10 10 2
0 163 158 83 119 117 103 156 80 113
225.20757 0 110 164 189 171 172 98 157 194
201.63915 103.38147 0 167 215 186 187 71 164 212
61.86779 239.247 235.67732 0 101 110 113 160 6.5046591 99
112.86206 320.33544 454.54533 86.362481 0 113 113 178 105 33.080957
106.56726 256.57811 300.76229 100.76966 101.86939 0 108 182 115 107
89.754584 266.03965 306.37485 106.14332 103.43205 97.296818 0 181 116 104
202.16692 83.07141 47.162962 215.66899 280.01047 282.41905 284.14994 0 157 184
58.496553 214.14232 224.56773 2.6182368 91.998041 107.51905 110.80222 203.7379 0 104
104.22554 340.71328 443.58438 84.859319 16.849264 94.893401 92.470597 306.44105 91.55133 0
