25
8 8 1
0 8.7 12.3 14.6 17.1 32.2 35.3 52.6
0.96806309 0 11.5 13.6 15.9 32 32.7 54.1
1.4245962 1.3172384 0 13.2 16.9 31.3 34.1 53.1
1.7519255 1.6034157 1.5461677 0 14 32 34.2 51
2.1120719 1.9339853 2.0686324 1.6663046 0 29.6 34.4 55.7
5.01897 4.9520576 4.8195204 4.964625 4.4082493 0 33.3 48.1
5.7677448 5.1579993 5.4524929 5.4756135 5.5170088 5.3221275 0 49.1
11.500224 12.096371 11.727418 10.937468 12.597464 10.01779 10.174469 0
8 8 2
0 7 10.5 12.6 12 37.7 33.3 46.9
1.0299524 0 10 12.7 10.7 36.9 33.1 47.1
1.6097508 1.5170013 0 12.6 11.1 37.2 30.9 43.7
1.9648374 1.9855646 1.9864746 0 9.2 36.7 32.7 47.1
1.8784821 1.6451071 1.7265918 1.3837633 0 37 30.3 45.5
8.6493883 8.3814749 8.5244719 8.2643097 8.4124447 0 43.1 54.6
7.0413741 6.9870362 6.3974045 6.8684839 6.2153368 10.677316 0 46.9
12.651021 12.667092 11.322037 12.765498 12.063497 16.624251 12.549638 0
8 8 3
0 8.1 12.2 17.3 15.8 31.1 37 47.7
1.0204414 0 10.7 15.3 13.6 31.8 37.1 47.6
1.6146481 1.3924428 0 14.5 14.6 32.7 37.5 45.7
2.4145264 2.0762783 1.9741631 0 14 32.8 36.8 49.1
2.175331 1.8178094 1.9940156 1.8805706 0 29.8 35.3 44.2
5.4128075 5.5844616 5.8814164 5.7502833 5.103377 0 37.2 47.4
7.025329 7.0313336 7.2026925 6.9064612 6.5488328 7.0449925 0 48.9
10.790725 10.747407 10.158406 11.238567 9.5713101 10.885758 11.183964 0
8 8 4
0 8 13.4 14.8 16.9 32 34 58
0.55798654 0 12.4 13.9 15.4 32 35 60
0.9949356 0.90761728 0 15.7 17.3 31.8 35.6 60.8
1.1158983 1.0407725 1.19452 0 13.6 31.5 34.3 59.2
1.3020293 1.1757499 1.3467232 1.0041288 0 32.4 36 58.9
3.1479269 3.1367152 3.1275796 3.0593334 3.1815927 0 37.3 57.8
3.4268384 3.5786971 3.6746078 3.4607418 3.7004362 3.9280323 0 58.2
8.614972 9.1108519 9.3843907 8.8627152 8.7196691 8.5574317 8.611032 0
8 8 5
0 7.7 11.6 13.7 15.3 33.9 30.3 67.5
1.5505622 0 9.6 11.2 13 35 30.5 66.4
2.4396782 1.9613877 0 12.3 13.9 36 34 69.2
2.9835545 2.3533232 2.6200094 0 11.6 34.4 32.7 67.8
3.4093158 2.7966567 3.0222496 2.4221678 0 34.1 30.8 69
9.8607847 10.38307 10.744501 10.044747 9.9357104 0 35.5 62.4
8.4867352 8.6003307 9.9233108 9.4818734 8.7393656 10.769055 0 70
34.59984 33.322482 36.144857 33.932859 35.987324 28.950059 36.47343 0
8 8 6
0 8.8 13.1 16 19.2 32.3 41.2 48.7
0.50273159 0 10.7 14.2 15.8 31.2 40.3 47.8
0.79103093 0.63080465 0 15.3 17.1 31.3 39.4 51.2
1.00375 0.8704781 0.95456914 0 14.4 32 39.3 49
1.2686071 0.99828297 1.0989632 0.89078514 0 30.8 39.2 49.6
2.6097734 2.4779682 2.5114436 2.5852044 2.4462727 0 43.8 46.9
3.6072106 3.4937263 3.4028443 3.3598801 3.3477292 3.9851915 0 61.6
5.0837404 4.9451046 5.5481572 5.1258882 5.2404257 4.8357927 7.4494848 0
8 8 7
0 7.6 11.7 15.3 15.4 32.2 34.2 49.2
0.73519446 0 12.2 15.4 16.1 32.8 35.4 51
1.1921475 1.2494985 0 15 15.1 31 35.5 50.1
1.6335484 1.6396703 1.5870644 0 14.8 30.5 37.6 49.5
1.6584006 1.7312821 1.6153521 1.5627976 0 31.6 35.4 49.3
4.4614983 4.55421 4.2123854 4.1093922 4.3377641 0 42 50.4
4.8602375 5.1318265 5.160805 5.5729119 5.1044976 6.6108396 0 50.3
8.9088157 9.4958692 9.2155379 9.0901751 9.0191451 9.431835 9.1862302 0
8 8 8
0 8.3 13.1 14.2 16.2 26.8 45 62.9
0.67398458 0 12.4 12.7 14.6 27.5 45.3 62.7
1.1380484 1.0543329 0 14.4 16.7 29.6 45.6 62.9
1.2470329 1.0895167 1.2609999 0 14.1 26.8 44 62.7
1.4655675 1.2815636 1.5077218 1.233476 0 26.7 43.9 63.9
2.8420782 2.9343831 3.2431224 2.8401833 2.8385286 0 45.3 63.6
6.2112422 6.2298237 6.3123641 5.9583977 5.9751608 6.2795202 0 64.9
11.654377 11.499275 11.596613 11.47947 11.993524 12.067098 12.174109 0
8 8 9
0 7.1 13.5 18.8 15.7 35.7 45.7 53.2
0.95855453 0 12.5 17.2 15.6 34.6 44.8 51.6
1.9904243 1.8242988 0 16.9 18.5 35 45 54.4
2.9512059 2.6393059 2.5881805 0 16.8 35.7 46 56.6
2.3739986 2.359811 2.8976441 2.5629444 0 35.1 43.4 54.7
7.2599118 7.001503 7.1146173 7.2735969 7.1237735 0 42.5 48.8
10.519931 10.190767 10.147075 10.529481 9.6213449 9.2452664 0 67.8
14.727589 14.043259 15.370765 16.205146 15.342117 12.875072 21.825682 0
8 8 10
0 7.4 10.7 13.6 15.8 33.8 42.2 53.9
1.6761902 0 12.8 14.3 17 35.9 41.1 52.5
2.5463761 3.0836668 0 16.9 18.9 33.6 40.8 57
3.3232647 3.5002063 4.289346 0 15 34.3 37.7 55.6
3.9850052 4.334453 4.9542243 3.7545281 0 37.8 42.7 55.8
11.348596 12.315183 11.094179 11.45471 13.316011 0 39.2 55.7
15.498186 14.743834 14.727554 12.993448 15.737308 13.917019 0 69.1
25.240046 23.863052 27.782702 26.122336 26.61952 26.97131 37.306378 0
8 8 11
0 8.4 11.6 14.9 18.7 34.9 31.1 55.2
2.3357732 0 9.4 13.7 15 32.6 32.7 53
3.3446254 2.6524602 0 14.9 18 35.4 31.9 51.8
4.4364963 4.0444888 4.4432685 0 15.8 35.2 35 55.9
5.8787948 4.5572836 5.5701199 4.762024 0 36.3 32.8 63.5
14.43271 13.105923 14.855818 14.535083 15.009779 0 30.1 55.4
11.924096 12.779175 12.32245 14.093515 12.766891 11.550885 0 50.1
31.729625 30.019533 28.562439 32.316155 40.583517 33.248001 26.461798 0
8 8 12
0 9.9 14.3 18.1 19.4 28.5 39.3 46.1
0.78233215 0 11.1 15.8 18.4 28.6 36.8 44.8
1.1961995 0.88634357 0 16.4 19.5 27.9 36.9 46.7
1.5762537 1.3413291 1.4086853 0 17.3 27.3 37.5 49.2
1.7215427 1.6072472 1.7271036 1.4842135 0 30.2 35.5 51.7
2.9545709 2.9501929 2.8818853 2.7715139 3.1581995 0 39.9 42.8
4.7172178 4.2911187 4.2950518 4.3755808 4.0295099 4.8540195 0 50.9
6.3090162 6.0113564 6.5052052 6.9892926 7.5303961 5.6770863 7.37625 0
8 8 13
0 8 15.6 16.1 17.5 37.9 41.7 46
0.68767711 0 13 14.2 17.2 39.9 41.5 48.1
1.4833756 1.2012391 0 13.7 18.5 39.1 39.6 47
1.538789 1.3259231 1.2747221 0 16.5 40.8 40.3 47.9
1.7066673 1.6618833 1.8211745 1.5719165 0 38.3 40.1 45.8
5.1110972 5.5327951 5.3787068 5.6727737 5.1257657 0 37.7 40.2
5.8793987 5.8114596 5.4544511 5.5748245 5.4684364 5.0490279 0 43
7.0516906 7.5580691 7.3091578 7.490311 6.9153813 5.7618408 6.2784729 0
8 8 14
0 8.3 13.2 14.1 15.2 35.2 36.8 50.5
0.89946914 0 11.2 14.3 13.9 34.9 37 48.5
1.5127371 1.2490197 0 14.9 15.8 35.6 34.6 50.9
1.647986 1.6769328 1.7537887 0 14.4 37 37.3 54.2
1.8030735 1.6068131 1.8755028 1.6826498 0 35.6 37 55.5
5.7755844 5.6936417 5.8698997 6.1685859 5.8591975 0 36.9 50.6
6.0712615 6.0134195 5.51855 6.1864557 6.0424505 6.0453072 0 51.1
10.538537 9.8618814 10.66727 11.92401 12.442678 10.568382 10.585939 0
8 8 15
0 9.3 14.6 16.5 17.7 32.8 34.5 51.6
1.3811483 0 15.2 17.6 18 34 35.3 52.8
2.3485923 2.4297513 0 15.4 17.6 35.3 35.7 48.3
2.6816649 2.875107 2.4775425 0 15.8 34 38.2 50.1
2.9226484 2.97461 2.9102824 2.52733 0 36.5 39.1 51.4
6.9817917 7.3236316 7.6975977 7.2660026 8.0591428 0 36.9 50.3
7.3726263 7.6508396 7.7718153 8.5372669 8.8836206 8.2318804 0 57.7
14.657738 15.178276 13.085808 13.862361 14.402045 14.059705 17.865701 0
8 8 16
0 8 12.4 14.7 15.2 23.3 34.2 67.9
1.1960754 0 10.3 11.6 13.3 24.5 32.9 68.7
1.9471134 1.5893889 0 10.2 11.9 25.7 33.9 68
2.3849164 1.8150662 1.5719942 0 11.9 23.7 32.8 70.9
2.4767161 2.1283166 1.8658892 1.8650103 0 23.3 34.4 67.8
4.2864967 4.6029431 4.872636 4.3774665 4.3082186 0 33.2 67.3
7.3623759 7.0071829 7.3027261 6.9479555 7.4836574 7.0378656 0 66.4
24.548341 25.20189 24.567257 26.591065 24.573042 24.112203 23.171228 0
8 8 17
0 7.6 11.4 12.6 13.5 23.3 29.3 58.5
0.66139265 0 9.9 12.6 12 22.8 29.2 60.4
1.0463359 0.89866861 0 13.3 12.9 23.9 30.1 59.2
1.1735714 1.1741791 1.2577496 0 11.8 25.3 29.6 58.5
1.2713611 1.1141279 1.2150869 1.0935902 0 23.1 29.4 60.6
2.565599 2.488874 2.6577653 2.8525074 2.5259164 0 26.1 53.9
3.472673 3.4639526 3.6298185 3.526059 3.4885036 2.9871711 0 57.5
11.008289 11.61525 11.231123 10.97377 11.778452 9.5079782 10.637478 0
8 8 18
0 8 13.6 14.6 18.2 37 38.7 54.7
0.98828384 0 14 14 18.3 36 38.8 55.6
1.8034966 1.8610711 0 14.8 19 33.2 38 54.3
1.958471 1.8517322 1.9878435 0 14 34.8 38.5 56.9
2.5633043 2.5658312 2.706714 1.8716796 0 34.2 38.7 57.8
6.9686886 6.6683081 5.9603142 6.3914977 6.206948 0 38.5 59.9
7.5159004 7.5229393 7.2921996 7.4675284 7.5789382 7.4689198 0 62.8
13.965767 14.249887 13.899805 15.039204 15.582479 16.627041 18.117344 0
8 8 19
0 6.7 12.2 13.9 18 34.4 36.2 44.7
0.6744665 0 10 12.3 15.1 33.1 35.4 46.4
1.330562 1.0522313 0 13.3 16.8 32.5 35.9 45.9
1.5290327 1.3272743 1.4637234 0 13.2 34.5 37.5 47.5
2.0809916 1.6824152 1.9126421 1.4394509 0 31.6 37.5 49.8
5.1721713 4.8969094 4.7779513 5.1308517 4.5482993 0 30.3 43
5.6091272 5.4125297 5.5873347 5.8562937 5.8674896 4.3494904 0 44.3
8.0312117 8.4923664 8.3204973 8.6906187 9.2876541 7.7424977 8.0768141 0
8 8 20
0 6.2 10.8 12.1 16.5 32.9 37.5 56.4
0.80701014 0 9.5 10.8 13.9 34.6 37.8 56.8
1.5072527 1.2937928 0 12.3 14.5 33.6 36.5 53.4
1.709869 1.5013977 1.7560437 0 12.6 33.2 36.4 54.2
2.4596262 2.0066634 2.1243127 1.7819693 0 32.3 34.3 54.5
6.3558532 6.826397 6.5952903 6.4432762 6.2178234 0 35.4 54.7
7.5299525 7.626587 7.2972222 7.2455288 6.6027015 6.9559172 0 57.8
15.140559 15.379351 13.918711 14.197299 14.282728 14.790656 16.069112 0
8 8 21
0 8.7 13.2 17.3 15.8 35.1 32.7 46.7
1.3267514 0 13.6 16.1 15.5 34.3 33.7 48
2.129301 2.2007684 0 14.4 15 36.3 31.2 45.1
2.9105294 2.6924051 2.3518866 0 12.8 35.1 32.6 47.4
2.62878 2.5797864 2.4719326 2.0447065 0 35.4 30.8 46
7.8899968 7.5828588 8.3500972 7.8184356 7.8456998 0 34.4 47.5
6.9394642 7.3044428 6.5068579 6.9166777 6.359832 7.6097264 0 41.8
12.430556 13.07558 11.784983 12.777143 12.114476 13.010452 10.357573 0
8 8 22
0 5.9 10.5 13.4 13.9 36 39.2 53.2
0.73945254 0 8 11.9 12.7 35.4 35.7 51.6
1.3910786 1.0264285 0 12.4 14.4 34.3 37.5 52.7
1.8251308 1.5856577 1.6695718 0 13.1 34.1 36.7 54.8
1.9031997 1.7212203 2.0011676 1.7858683 0 34 36.5 50.6
6.9574939 6.8100055 6.5036987 6.4276586 6.3710036 0 35.6 49.2
7.9951127 6.9473066 7.4441527 7.1984694 7.1657283 6.7825994 0 45.9
13.655859 12.983551 13.421919 14.16696 12.461641 11.849896 10.516449 0
8 8 23
0 8.4 12.6 15.4 15.7 34.5 49.7 70.2
0.58841982 0 13 14.5 15.6 34.3 48.3 71.9
0.93557831 0.96358547 0 14.9 16.8 35.3 48.1 71.3
1.1843902 1.0967487 1.1420609 0 16.2 36.1 48.7 72.3
1.21508 1.2014887 1.3149392 1.261 0 34.6 47.3 70.5
3.6026267 3.5582461 3.7361157 3.8330291 3.6099612 0 46.9 65.1
6.3286428 6.0246106 6.0055549 6.1140424 5.8332447 5.8002396 0 57.2
12.738899 13.220646 13.110077 13.383984 12.68246 11.346755 8.4424777 0
8 8 24
0 8.4 11.2 15 14 31.7 33.2 43.5
1.0515721 0 9.2 13.4 13.4 32.2 35.2 44.3
1.4368013 1.164338 0 14 13.2 31 32.5 45.7
2.034529 1.7844958 1.8824326 0 13.3 34.9 35.4 47.1
1.8675151 1.7780946 1.7592112 1.7497741 0 32.5 35.3 45.3
5.6009765 5.7096667 5.4454488 6.3907719 5.7801963 0 34.5 42.2
5.8906475 6.4049656 5.7238121 6.4972127 6.4317753 6.3175022 0 43.4
9.2060961 9.4406133 9.9051088 10.368071 9.7868163 8.9020474 8.9916459 0
8 8 25
0 7.9 12.2 14.4 16.8 31.6 30.2 58.9
0.7699894 0 11.3 13.5 15.9 31.9 29.7 56.1
1.2549834 1.1475468 0 12.5 16.3 31.4 29.4 58.9
1.5171133 1.3993858 1.2848758 0 13.3 31.6 29.1 56
1.8101621 1.6874413 1.7488838 1.3725851 0 35.2 31.8 58.3
4.3785391 4.4632575 4.3428808 4.3774507 5.0598313 0 33 61.2
4.0051571 3.9041755 3.8718895 3.7989386 4.2544804 4.7504649 0 58.5
12.546964 11.459381 12.393994 11.348548 11.857486 13.685197 12.282779 0
