4
8 8 1
0 11.5 15.7 20.5 21 56.9 61.7 110.6
0.9104912 0 13.1 17.9 20.2 54.2 63.2 106
1.3059444 1.0556079 0 20.1 21.3 55.1 62.5 109
1.8116922 1.5253634 1.7767153 0 20.3 53 61.7 111.3
1.8698544 1.7770793 1.9076149 1.7836641 0 52.3 61 103.6
8.7774792 8.1185097 8.2979173 7.7073274 7.6076179 0 63.3 107.6
10.181428 10.617114 10.512205 10.154964 9.9623347 10.581229 0 120.7
40.51239 36.637946 38.98772 41.233006 35.123164 37.550883 49.945057 0
8 8 2
0 10.1 16.4 17.9 22 46.6 57.9 115.7
0.62908164 0 14 15.5 19.4 46.4 59 117.5
1.1122724 0.91748978 0 16.7 20.3 46.3 60.1 114.9
1.2368748 1.0421345 1.1396852 0 16.8 44.8 58.4 121.5
1.5942979 1.3587376 1.4516311 1.1420343 0 46.6 59.9 123.7
4.9461248 4.9158697 4.8940223 4.6501506 4.8905828 0 53.1 119.2
7.3035952 7.5394243 7.7805894 7.4061131 7.7144899 6.3008585 0 116.2
34.947659 36.411926 34.665766 39.69411 41.567504 39.000956 35.606182 0
8 8 3
0 7.5 13.9 13.6 16.9 39.6 45.3 94.7
0.83085973 0 11.4 12.3 16.5 37.3 47.3 95.6
1.6800085 1.3355536 0 14.2 17.6 38 46.7 95.8
1.6394824 1.4479716 1.7259703 0 16.1 38.3 46.7 90.4
2.1342201 2.0651817 2.2272506 2.0038875 0 39 49 92.9
7.0937767 6.5094188 6.6905422 6.7546644 6.9725958 0 49.3 86.7
8.6320255 9.2528829 9.0917263 9.0960466 9.8465493 9.9605273 0 86.6
40.975474 42.394191 42.34934 37.627036 39.087276 34.0549 32.18623 0
8 8 4
0 8.5 14.5 19.8 19.8 50.2 58.2 115.5
1.1078581 0 11.8 16.3 17.5 53.7 53.8 113.8
2.0514885 1.6099092 0 17.6 18.1 54.9 57.9 122.3
2.997005 2.3491408 2.5811861 0 19.9 55.1 59 114.9
2.9944638 2.5534927 2.6858837 2.9854639 0 53.8 56.5 111
12.30376 13.671768 14.165544 14.223816 13.783645 0 69.3 120.1
15.921648 13.840407 15.69192 16.106304 15.05026 22.329363 0 124.2
77.705221 74.321605 90.619587 76.230432 70.186592 83.511931 93.426067 0
