1 553.746 69
2 553.746 69
3 549.012 69
4 546.248 66
5 544.181 67
6 543.266 65
7 543.266 65
8 537.454 64
9 536.192 62
10 529.132 65
11 529.132 65
12 529.132 65
13 528.676 65
14 528.676 65
15 528.676 65
16 528.05 59
17 528.05 59
18 528.05 59
19 528.05 59
20 530.269 61
21 532.147 65
22 528.752 64
23 528.411 60
24 528.519 60
25 528.05 59
26 528.049 59
27 528.049 59
28 528.539 61
29 528.539 61
30 526.417 60
31 526.417 60
32 526.417 60
33 526.418 59
34 526.93 62
35 526.93 62
36 524.3653 60
37 524.3653 60
38 521.8555 57
39 521.8555 57
40 532.685 59
41 531.9369 55
42 532.471 57
43 532.471 57
44 531.717 57
45 519.6053 54
46 517.682 55
47 519.4859 53
48 520.88 53
49 520.691 58
50 520.691 58
51 520.691 58
52 519.5106 53
53 517.985 52
54 517.985 52
55 517.985 52
56 518.57 54
57 517.0874 53
58 517.0871 54
59 517.9462 57
60 517.8216 56
61 517.8216 56
62 519.098 57
63 519.296 56
64 517.0871 56
65 518.492 56
66 519.628 55
67 519.628 55
68 520.57 55
69 520.57 55
70 517.0871 54
71 517.0871 54
72 517.0871 54
73 517.0871 54
74 517.0871 54
75 518.259 54
76 518.259 54
77 514.7908 53
78 514.7908 53
79 517.6898 56
80 517.6898 56
81 517.6898 56
82 517.6897 57
83 517.6892 57
84 514.6374 49
85 514.6374 49
86 516.1822 51
87 516.1822 51
88 517.5004 52
89 518.4 51
90 518.4 51
91 514.6374 49
92 514.6374 49
93 514.6374 49
94 514.6374 49
95 514.6374 49
96 515.299 49
97 514.544 49
98 514.544 49
99 514.116 47
100 514.116 47
101 514.116 47
102 514.116 47
103 514.1175 49
104 515.5645 53
105 515.5645 53
106 516.2855 55
107 515.5559 55
108 514.116 47
109 514.7655 53
110 513.436 50
111 513.935 47
112 513.859 50
113 513.859 50
114 508.0925 50
115 502.859 46
116 510.999 47
117 511.2743 49
118 513.377 50
119 513.377 50
120 513.377 50
121 502.859 46
122 508.6567 49
123 513.6581 49
124 513.6581 49
125 504.8304 48
126 504.8304 48
127 507.1533 47
128 507.1533 47
129 507.1533 47
130 507.1533 47
131 508.2563 49
132 502.673 47
133 502.674 45
134 502.674 45
135 508.054 44
136 508.054 44
137 506.715 44
138 502.673 47
139 502.673 47
140 502.673 47
141 502.673 47
142 502.673 47
143 502.673 47
144 502.673 47
145 502.673 47
146 502.673 47
147 502.673 47
