1 558.8397 66
2 556.1964 68
3 556.1964 68
4 556.1964 68
5 547.2778 68
6 547.2778 68
7 543.4854 67
8 540.3774 64
9 540.3774 64
10 540.3774 64
11 536.9553 66
12 536.9553 66
13 528.6387 64
14 529.573 63
15 529.573 63
16 528.1312 63
17 528.1312 63
18 528.1312 63
19 525.975 61
20 525.975 61
21 523.9747 62
22 521.2358 56
23 519.223 55
24 519.223 55
25 519.223 55
26 519.223 55
27 520.9167 56
28 521.2513 53
29 518.253 46
30 522.2717 50
31 519.3795 47
32 519.3795 47
33 519.461 48
34 520.179 52
35 518.253 46
36 518.253 46
37 518.253 46
38 515.217 50
39 515.2169 47
40 515.2169 47
41 514.3767 44
42 514.3767 44
43 514.3767 44
44 514.804 46
45 514.804 46
46 516.059 48
47 513.253 47
48 513.253 47
49 513.253 47
50 513.253 47
51 513.253 47
52 517.015 52
53 517.015 52
54 517.015 52
55 517.015 52
56 517.015 52
57 513.253 47
58 513.253 47
59 512.6472 44
60 508.2702 39
61 508.2702 39
62 511.4636 44
63 511.4636 44
64 511.4636 44
65 511.4636 44
66 511.4636 44
67 515.0886 41
68 515.0886 41
69 513.6633 39
70 517.9807 42
71 515.5036 39
72 500.732 37
73 517.1046 41
74 517.1046 41
75 523.7607 39
76 523.7607 39
77 523.5967 40
78 500.732 37
79 493.1491 32
80 493.1491 32
81 493.1491 32
82 493.1491 32
83 491.3921 30
84 491.3921 30
85 491.3921 30
86 491.3921 30
87 495.325 35
88 497.827 41
89 497.827 41
90 498.563 42
91 498.563 42
92 491.3921 30
93 491.3921 30
94 494.6345 36
95 490.3535 35
96 491.92 40
97 491.92 40
98 487.59 36
99 492.5702 38
100 492.5702 38
101 493.0925 38
102 493.0925 38
103 495.6811 40
104 487.59 36
105 487.59 36
106 487.5181 35
107 488.1218 35
108 492.5364 41
109 497.886 39
110 497.988 43
111 497.988 43
112 487.5181 35
113 494.492 39
114 494.763 39
115 489.033 41
116 491.49 39
117 489.988 38
118 487.5181 35
119 487.5181 35
120 485.087 31
121 490.6566 37
122 490.6566 37
123 490.6566 37
124 490.6566 37
125 494.3547 42
126 485.087 31
127 491.9152 30
128 491.9152 30
129 499.8321 36
130 496.509 37
131 496.509 37
132 485.087 31
133 485.087 31
134 486.164 32
135 482.0096 28
136 482.0096 28
137 489.5508 32
138 485.1157 34
139 485.1157 34
140 485.7869 36
141 485.7869 36
142 488.7201 33
143 488.7201 33
144 485.2293 36
145 515.175 37
146 515.175 37
147 485.2445 36
148 486.8324 41
149 491.347 43
150 488.6347 41
151 488.6347 41
152 482.0096 28
153 482.0096 28
154 483.1397 30
155 483.1397 30
156 483.1397 30
157 483.1397 30
158 496.9527 32
159 484.7675 29
160 486.4805 32
161 489.3893 31
162 489.3893 31
163 488.6636 31
164 482.0096 28
165 488.4312 32
166 480.2428 32
167 483.381 37
168 487.0036 34
169 482.9336 38
170 482.9336 38
171 482.9336 38
172 480.7977 35
173 480.7977 35
174 480.7977 35
175 480.7977 35
176 484.79 36
177 480.2428 32
178 480.2428 32
179 486.5058 31
180 493.4764 36
181 506.0938 39
182 506.0938 39
183 508.6263 40
184 492.8961 38
185 492.8021 36
186 497.1895 37
187 500.4819 37
188 504.9011 39
189 481.7368 30
190 489.0638 31
191 489.0638 31
192 488.4521 32
193 488.4521 32
194 482.755 38
195 482.755 38
