1 550.9246 70
2 550.9246 70
3 550.9246 70
4 550.9246 70
5 546.2588 70
6 546.2588 70
7 546.2588 70
8 546.2588 70
9 546.2588 70
10 541.766 69
11 541.766 69
12 541.766 69
13 541.766 69
14 532.992 66
15 532.992 66
16 535.069 66
17 535.069 66
18 532.284 66
19 532.284 66
20 532.284 66
21 532.284 66
22 532.284 66
23 532.284 66
24 532.284 66
25 532.284 66
26 528.934 59
27 528.934 59
28 528.934 59
29 528.934 59
30 528.934 59
31 530.286 60
32 530.286 60
33 530.286 60
34 524.0755 60
35 522.2694 58
36 523.3846 57
37 525.46 57
38 525.46 57
39 521.683 58
40 523.2899 59
41 523.2899 59
42 523.2899 59
43 522.4474 59
44 518.7717 58
45 518.7717 58
46 518.7717 58
47 519.174 56
48 519.174 56
49 519.174 56
50 519.174 56
51 519.174 56
52 518.4108 58
53 518.573 53
54 523.426 56
55 523.426 56
56 525.4103 55
57 522.4026 55
58 519.6303 56
59 522.2227 60
60 526.4513 58
61 526.4513 58
62 526.4513 58
63 518.4108 58
64 518.079 57
65 518.3785 60
66 521.9301 60
67 520.1313 60
68 523.84 61
69 522.3505 57
70 518.079 57
71 518.1384 54
72 518.9305 57
73 518.9305 57
74 518.9305 57
75 519.431 54
76 519.5281 59
77 519.5281 59
78 519.5281 59
79 519.5281 59
80 519.5281 59
81 511.168 50
82 511.168 50
83 517.4821 50
84 516.5092 53
85 517.3025 55
86 519.1778 55
87 518.232 53
88 517.176 57
89 517.176 57
90 517.176 57
91 517.176 57
92 518.778 57
93 511.168 50
94 511.168 50
95 516.8732 51
96 516.8732 51
97 509.734 47
98 505.013 48
99 505.013 48
100 501.8878 46
101 498.9322 46
102 498.9322 46
103 504.3561 47
104 506.2661 47
105 509.895 45
106 513.067 46
107 513.0432 47
108 498.9322 46
109 498.9322 46
110 495.5734 42
111 495.5734 42
112 495.5734 42
113 496.8981 43
114 496.8981 43
115 496.8981 43
116 498.0426 44
117 505.3254 40
118 495.5734 42
119 495.5734 42
120 495.5734 42
121 495.5734 42
122 495.5734 42
123 495.5734 42
124 495.5734 42
125 495.5734 42
126 495.5734 42
127 512.3818 39
128 512.3818 39
129 508.767 35
130 508.767 35
131 502.8604 32
132 502.0442 44
133 502.0442 44
134 502.917 43
135 506.398 45
136 506.398 45
137 503.606 41
138 503.606 41
139 505.376 39
140 505.376 39
141 502.0051 41
142 495.5734 42
143 493.5045 41
144 492.9348 41
145 499.938 47
146 499.938 47
147 499.938 47
148 497.3064 44
149 497.447 42
150 492.9348 41
151 492.9348 41
152 492.9348 41
153 492.9348 41
154 492.9348 41
155 492.9348 41
156 504.7072 39
157 507.1128 41
158 490.5188 39
159 492.1202 39
160 494.114 43
161 497.569 45
162 499.135 46
163 499.135 46
164 503.5968 38
165 503.5968 38
166 503.5968 38
167 503.5968 38
168 504.496 42
169 490.976 41
170 492.4047 37
171 492.4047 37
172 499.768 38
173 511.4582 40
174 490.5188 39
175 490.5188 39
176 497.4476 39
177 499.1135 46
178 499.1135 46
179 502.673 44
180 502.673 44
181 492.7724 41
182 492.7724 41
183 492.5797 42
184 492.5797 42
185 499.0469 36
186 490.5188 39
187 490.5188 39
188 493.2801 38
189 496.7147 41
190 496.7147 41
191 496.7147 41
192 496.7147 41
193 494.2511 36
194 499.674 39
195 499.674 39
196 505.6591 40
197 493.1394 39
198 490.5188 39
199 490.5188 39
200 490.5188 39
201 490.9927 43
202 491.683 39
203 497.6537 42
204 497.6537 42
205 497.6537 42
206 495.2046 43
207 494.1758 44
208 492.7032 45
209 500.4108 48
210 500.4108 48
211 490.5188 39
212 490.5188 39
213 486.6152 38
214 486.6152 38
215 492.696 40
216 501.1204 45
217 512.6236 47
218 506.7893 46
219 506.7893 46
220 486.6152 38
221 493.1386 39
222 503.434 41
223 503.434 41
224 502.6979 39
225 502.075 44
226 486.6152 38
227 504.196 41
228 506.101 43
229 503.0288 38
230 503.0288 38
231 503.0288 38
232 496.695 43
233 496.695 43
234 496.695 43
235 509.866 38
236 509.6532 36
237 490.5826 38
238 490.5826 38
239 494.6504 42
240 503.026 41
241 503.026 41
242 496.1932 43
243 493.2434 43
244 493.2434 43
245 493.2434 43
246 493.2434 43
247 486.0463 37
248 486.3094 39
249 490.4295 36
250 490.4295 36
251 490.4295 36
252 490.4295 36
253 490.1509 38
254 490.1509 38
255 498.4133 39
256 498.4133 39
257 498.4133 39
258 493.4297 40
259 493.4297 40
260 499.5631 42
261 503.882 42
262 503.882 42
263 490.4411 38
264 490.4411 38
265 490.4411 38
266 490.4411 38
267 495.6826 43
268 486.0463 37
269 486.0463 37
270 486.0463 37
271 486.0463 37
272 488.2385 38
273 488.2385 38
274 488.2385 38
275 490.3513 36
276 510.803 41
277 486.0463 37
278 486.0463 37
279 486.0144 37
280 486.0144 37
281 486.0144 37
282 490.1076 42
283 489.3963 42
284 489.3963 42
285 497.573 41
286 497.573 41
287 486.5902 38
288 486.5902 38
289 516.2665 46
290 516.2665 46
291 514.3636 44
292 489.2739 42
293 500.1424 42
294 500.1424 42
295 507.882 44
296 512.101 48
297 492.8102 40
298 498.8401 43
299 497.3765 46
300 499.0959 47
301 492.7006 43
302 497.6438 38
303 497.3452 41
304 499.5074 36
305 512.6918 41
306 512.6918 41
307 490.5645 37
308 490.5645 37
309 496.084 41
310 496.084 41
311 497.4893 43
312 486.0144 37
313 489.5443 38
314 490.8452 39
315 490.8452 39
316 490.8452 39
317 494.481 37
318 486.0144 37
319 491.274 41
320 491.274 41
321 491.274 41
322 494.2366 42
323 497.9744 44
324 494.0666 37
325 494.0666 37
326 494.0666 37
327 494.0666 37
328 492.9167 35
329 484.9404 37
330 496.1318 40
331 499.2375 40
332 499.2375 40
333 499.2375 40
334 499.2375 40
335 484.9404 37
336 484.9404 37
337 487.2595 38
338 487.2595 38
339 489.6378 34
340 489.6378 34
341 489.6378 34
342 484.9404 37
343 484.9404 37
344 484.9404 37
345 484.9404 37
346 483.4151 37
347 483.4151 37
348 483.4151 37
349 483.4151 37
350 483.5937 37
351 482.4862 36
352 485.3508 36
353 485.3508 36
354 485.3508 36
355 487.3683 37
356 489.1872 34
357 490.0952 35
358 490.0952 35
359 490.0952 35
360 487.8613 30
361 492.7076 39
362 489.4643 41
363 489.4643 41
364 489.4643 41
365 500.3634 44
366 502.5835 44
367 482.4862 36
368 494.3139 39
369 489.3636 39
370 489.3636 39
371 490.372 36
372 490.372 36
373 482.4862 36
374 482.4862 36
375 484.125 38
376 490.216 36
377 490.216 36
378 490.216 36
379 490.216 36
380 482.4862 36
381 482.4862 36
382 497.8736 38
383 497.8736 38
384 509.9788 39
385 503.6547 38
386 503.6547 38
387 482.4862 36
388 482.4862 36
389 480.8999 38
390 480.8999 38
391 480.8999 38
392 482.3203 41
393 483.8473 36
394 483.8473 36
395 498.7734 36
396 498.939 39
397 480.8999 38
398 480.8999 38
399 480.8999 38
400 489.2369 43
401 489.8202 40
402 489.8202 40
403 489.8202 40
404 494.2944 39
405 482.5226 38
406 482.5226 38
407 496.5072 42
408 501.5745 44
409 501.5745 44
410 480.089 38
411 480.089 38
412 490.4632 44
413 490.4632 44
414 490.4632 44
415 490.4632 44
416 505.4421 43
417 480.089 38
418 480.089 38
419 491.2443 35
420 495.5801 42
421 495.5801 42
422 497.6771 48
423 503.6518 45
424 492.8706 43
425 492.3973 42
426 492.3973 42
427 492.3973 42
428 491.5065 41
429 481.0443 39
430 481.0443 39
431 481.0443 39
432 481.0443 39
433 481.0443 39
434 492.8764 41
435 492.8764 41
436 492.8764 41
437 492.5955 41
438 496.1429 41
439 488.3916 45
440 494.3928 43
441 494.3928 43
442 498.4861 40
443 498.075 38
444 480.089 38
445 492.4382 38
446 492.4382 38
447 492.4382 38
448 491.2242 37
449 480.2054 37
450 480.089 38
451 487.7654 43
452 490.7675 39
453 493.3243 42
454 493.3243 42
455 493.3243 42
456 489.1171 39
457 498.3696 42
458 498.3696 42
459 498.3696 42
460 490.0813 37
461 480.089 38
462 484.2437 35
463 491.8795 37
464 491.8795 37
465 491.8795 37
