0.0
0.0
0.0
0.0
18.63208
20.1921099999
0.0
0.0
13.03186
0.0
0.0
8.62922999996
0.0
11.17769
0.0
0.0
0.0
7.41894999996
0.0
0.0
9.79726000002
5.00655000005
0.0
0.0
0.0
0.0
10.4833900001
0.0
12.0113100001
0.0
0.0
0.0
0.0
8.82961000002
0.0
0.0
8.50282000005
0.0
15.0287
5.58889999997
0.0
0.0
0.0
0.0
0.0
0.0
8.06770999997
12.2437499999
0.0
0.0
0.0
0.0
0.0
0.0
0.0
0.0
0.0
0.0
0.0
10.4193
0.0
9.31131999998
0.0
0.0
0.0
12.36444
8.57764000003
0.0
0.0
0.0
0.0
0.0
0.0
0.0
7.62131000008
0.0
13.44314
0.0
0.0
0.0
0.0
0.0
0.0
0.0
0.0
12.3524900001
9.40961000009
0.0
8.85250000004
0.0
12.25809
0.0
9.12340000004
0.0
0.0
0.0
0.0
0.0
0.0
0.0
0.0
0.0
0.0
0.0
10.41019
0.0
0.0
14.1825400001
0.0
0.0
0.0
15.3769500001
0.0
0.0
7.57903000002
0.0
0.0
7.80555000005
0.0
0.0
0.0
11.0200099999
0.0
0.0
0.0
0.0
5.17335000006
9.29827000003
9.63435000007
0.0
8.52483000013
13.2162700001
0.0
0.0
0.0
7.73731
0.0
0.0
9.32737999992
6.68405000004
0.0
12.40261
8.82718000002
0.0
0.0
0.0
0.0
0.0
0.0
0.0
13.70371
8.44024999999
0.0
0.0
0.0
0.0
12.5872499999
6.61295999994
0.0
0.0
6.18336999998
10.1621999999
9.44433999993
8.47657000006
0.0
0.0
0.0
7.38930999988
12.3006
0.0
0.0
0.0
0.0
7.37826000003
14.87426
0.0
0.0
0.0
0.0
0.0
0.0
5.80963999999
0.0
0.0
0.0
0.0
0.0
0.0
0.0
0.0
0.0
0.0
0.0
0.0
13.50158
0.0
10.34424
0.0
0.0
0.0
0.0
10.6399800001
0.0
10.4977899999
0.0
11.9883000001
0.0
0.0
0.0
0.0
0.0
0.0
0.0
0.0
0.0
6.91128
9.5782499999
11.67206
0.0
8.96136999992
0.0
8.60901000001
0.0
0.0
8.99648999993
0.0
0.0
8.29814999993
8.62578
0.0
0.0
0.0
0.0
0.0
0.0
0.0
0.0
0.0
0.0
0.0
5.11278999993
0.0
0.0
0.0
0.0
0.0
0.0
8.62398999999
0.0
13.14049
16.5143700001
6.97792999994
0.0
0.0
0.0
0.0
14.7312200001
0.0
9.77405999997
10.85112
0.0
0.0
0.0
0.0
8.65006999997
9.77876000002
7.53896000003
7.04204000009
16.8298700001
0.0
0.0
0.0
0.0
4.1780500001
0.0
15.6814799999
14.59173
5.26578000002
15.99129
0.0
0.0
9.25237999996
0.0
0.0
0.0
0.0
0.0
0.0
6.24011000001
0.0
0.0
0.0
0.0
0.0
8.81868999999
0.0
0.0
8.76495999994
0.0
12.20423
10.4888299999
0.0
0.0
0.0
0.0
0.0
0.0
0.0
13.6715599999
0.0
10.4232
0.0
0.0
10.19195
0.0
6.30267
0.0
0.0
13.0236599999
8.48834000004
4.40075999999
0.0
0.0
0.0
0.0
9.49409999989
0.0
0.0
0.0
0.0
6.01952999993
12.51385
0.0
0.0
0.0
0.0
0.0
7.30002999993
13.37284
17.3937200001
0.0
0.0
0.0
12.12544
0.0
18.4749899999
7.8176699999
0.0
0.0
14.88683
0.0
8.25835000002
0.0
10.85404
0.0
14.4613000001
0.0
0.0
0.0
16.1444699999
0.0
0.0
0.0
0.0
0.0
0.0
0.0
0.0
0.0
13.1765899999
0.0
0.0
0.0
0.0
0.0
0.0
13.67226
0.0
12.4338299999
0.0
9.58270999999
0.0
0.0
0.0
0.0
0.0
7.64408999996
0.0
12.84048
0.0
0.0
8.67498999997
0.0
0.0
0.0
0.0
8.33790999989
0.0
0.0
0.0
9.30317999993
0.0
0.0
17.171
8.37407000002
11.1150499999
9.82539000001
0.0
0.0
0.0
7.55753999995
0.0
10.58982
0.0
0.0
9.09351999999
0.0
0.0
13.3021099999
0.0
0.0
5.76449000009
12.7986400001
0.0
0.0
0.0
5.80711000005
0.0
15.38265
0.0
0.0
11.97629
0.0
7.99257999996
0.0
0.0
13.44435
0.0
9.38745000004
0.0
6.50543999998
0.0
0.0
0.0
0.0
10.1925
6.53981999995
9.21967999998
0.0
7.2093000001
4.07422000007
0.0
0.0
0.0
0.0
0.0
0.0
0.0
0.0
0.0
11.62699
0.0
0.0
13.3206
10.0512799999
18.7736800001
11.7225799999
0.0
0.0
6.08640000003
0.0
0.0
0.0
0.0
12.40909
0.0
0.0
0.0
0.0
0.0
7.78030999994
0.0
0.0
0.0
0.0
0.0
11.2213399999
18.30713
0.0
0.0
0.0
0.0
0.0
0.0
7.95674000005
10.8367400001
12.7100800001
0.0
0.0
0.0
13.07582
0.0
0.0
3.46649999998
0.0
10.09088
0.0
0.0
10.52245
10.39284
5.82949999999
0.0
0.0
12.90975
0.0
0.0
0.0
14.7164399999
0.0
11.6128400001
0.0
0.0
0.0
0.0
0.0
6.80345999997
0.0
9.87554000004
0.0
0.0
0.0
0.0
0.0
0.0
0.0
0.0
0.0
0.0
0.0
11.32892
9.74161000014
0.0
0.0
0.0
10.03708
10.89614
5.09226000006
0.0
0.0
13.81614
0.0
0.0
5.99117000005
0.0
0.0
0.0
0.0
0.0
8.52165999997
16.0283700001
7.45508999994
0.0
0.0
0.0
0.0
0.0
0.0
0.0
0.0
0.0
0.0
14.7153100001
0.0
0.0
0.0
11.42241
4.95332999993
13.70676
0.0
0.0
0.0
0.0
0.0
13.6519500001
0.0
0.0
0.0
0.0
0.0
0.0
0.0
5.53569000005
0.0
0.0
0.0
0.0
0.0
0.0
10.7768100001
0.0
6.22508
0.0
0.0
0.0
13.8307200001
0.0
8.44286000007
17.9355200001
0.0
0.0
0.0
0.0
0.0
0.0
9.00621000002
0.0
0.0
0.0
0.0
0.0
0.0
5.58256000001
0.0
0.0
0.0
5.07213999995
0.0
0.0
0.0
15.7994
0.0
0.0
9.16598000005
0.0
0.0
0.0
13.31259
0.0
0.0
0.0
8.45880000002
0.0
0.0
6.59797999996
0.0
15.4853699999
0.0
16.99063
0.0
0.0
0.0
7.00934999995
0.0
11.82565
0.0
11.1307
13.2254600001
22.6579100001
13.95092
10.50749
0.0
9.20597999997
8.19910000009
6.92981999996
6.76544999995
0.0
0.0
0.0
0.0
0.0
0.0
0.0
0.0
0.0
0.0
9.24941000005
0.0
8.80391999998
0.0
0.0
0.0
7.24988000002
9.05692000012
10.4196799999
16.71825
10.87981
10.5774
11.40455
6.3554
13.5439399999
0.0
0.0
7.92275000003
0.0
4.99379999994
0.0
10.5173900001
0.0
0.0
11.96751
0.0
0.0
0.0
8.95316999999
14.5338600001
12.22991
0.0
0.0
8.98038999992
0.0
0.0
9.26087999996
0.0
0.0
0.0
0.0
0.0
0.0
0.0
0.0
20.34091
0.0
8.72086999996
14.7206
0.0
0.0
12.6048500001
0.0
0.0
12.09289
10.67778
13.82656
0.0
8.64529000001
0.0
6.34521000006
0.0
0.0
0.0
9.27759999991
8.9068
0.0
8.81466999999
0.0
6.69414000004
0.0
0.0
0.0
19.44745
0.0
0.0
0.0
9.70668000006
8.59670999995
13.3790100001
0.0
0.0
7.7766199999
0.0
0.0
0.0
15.7063099999
7.55923999997
0.0
16.08745
6.59362000006
16.8572699999
7.03866000008
0.0
6.20562000002
0.0
0.0
0.0
0.0
0.0
0.0
10.3842300001
10.6534900001
13.28402
10.7880599999
0.0
0.0
5.65349000006
7.31174999999
17.14776
0.0
0.0
6.55278000003
7.88309999998
0.0
7.54116999998
0.0
0.0
7.99903999991
0.0
0.0
0.0
0.0
0.0
0.0
0.0
0.0
0.0
8.65124999988
10.9821199999
0.0
0.0
12.7521800001
0.0
12.0134899999
7.33236999984
0.0
6.42891000002
0.0
0.0
0.0
16.78192
6.92846999993
0.0
0.0
0.0
0.0
7.63451
0.0
0.0
0.0
0.0
0.0
0.0
0.0
0.0
0.0
11.6097199999
11.40121
0.0
0.0
0.0
0.0
0.0
16.94594
0.0
10.75019
0.0
0.0
0.0
10.6709800001
0.0
17.49554
0.0
0.0
0.0
0.0
0.0
0.0
8.34031999996
6.25681000005
0.0
0.0
0.0
9.47503000009
7.73595999996
14.98667
0.0
8.50841999997
0.0
0.0
0.0
0.0
9.09360000002
0.0
0.0
13.30856
11.60648
10.6643300001
11.10343
8.45279999997
15.8681500001
0.0
0.0
8.36540000001
0.0
0.0
0.0
0.0
0.0
0.0
0.0
0.0
0.0
8.19472999999
8.50367000001
0.0
10.44369
15.6016800001
0.0
0.0
0.0
14.8581599999
0.0
6.38708999997
9.37076999992
0.0
0.0
0.0
0.0
0.0
11.73947
0.0
0.0
18.16334
0.0
0.0
8.17316000001
0.0
6.47389000002
0.0
11.6504099999
0.0
0.0
8.50222999998
8.73008999997
15.4050899999
8.04579999996
0.0
3.41174999997
0.0
0.0
10.2523100001
0.0
0.0
0.0
13.43108
0.0
0.0
19.4811199999
0.0
10.2221
0.0
0.0
0.0
9.32682999992
0.0
0.0
0.0
9.0570599999
10.4287400001
0.0
10.88784
10.6165900001
0.0
0.0
10.7390699999
7.12576999993
8.93232999998
0.0
0.0
0.0
7.91094000009
0.0
7.92270999996
0.0
12.47194
0.0
0.0
0.0
10.10198
0.0
9.77129000006
8.63583000004
0.0
0.0
9.74904999987
7.35555999994
0.0
11.89943
0.0
11.40365
0.0
16.1811400001
0.0
8.10064000008
0.0
0.0
8.84612
7.40898000007
0.0
0.0
0.0
7.92131999996
0.0
0.0
0.0
0.0
6.54072000005
0.0
9.34173999995
14.26527
0.0
0.0
0.0
