7.70010999998
7.77508000005
12.1404599999
6.16570999997
0.0
8.87826999999
0.0
0.0
0.0
0.0
0.0
7.3907799999
7.15041
0.0
15.5213199999
0.0
7.83389000001
0.0
0.0
0.0
0.0
7.58504999988
0.0
0.0
0.0
4.37401999987
0.0
15.5314699999
0.0
0.0
0.0
0.0
8.8260900001
0.0
0.0
10.9963700001
0.0
0.0
13.32446
10.03174
10.32007
12.34088
0.0
0.0
11.62379
0.0
8.57753000001
0.0
0.0
8.00400000007
0.0
13.16674
0.0
0.0
0.0
0.0
15.8837900001
13.6121
0.0
15.55579
0.0
0.0
13.76254
0.0
0.0
6.52749999997
0.0
18.5718299999
0.0
0.0
0.0
8.33018000005
13.11489
0.0
0.0
0.0
0.0
0.0
7.10623000003
17.15235
8.95808999997
0.0
0.0
0.0
9.26944000006
0.0
11.1462900001
14.89013
14.5536399999
0.0
0.0
9.74931999994
0.0
21.4502899999
0.0
0.0
9.43972000014
10.7696700001
0.0
27.9013799999
9.98953999986
12.2703100001
0.0
0.0
7.20344000007
11.66669
11.62024
10.5560899999
11.40569
14.0981300002
7.89885
5.30438999995
9.04875999992
4.77506999997
13.02698
0.0
0.0
0.0
10.32091
0.0
9.42935999995
0.0
0.0
0.0
8.13695999992
8.68946000002
0.0
7.01195000007
0.0
10.2883900001
0.0
14.6659599999
10.6904500001
0.0
0.0
0.0
0.0
13.2888599999
0.0
11.39535
0.0
0.0
23.7997900001
0.0
0.0
0.0
0.0
0.0
0.0
12.1133999999
7.62750000006
0.0
7.31438000011
6.63640000008
0.0
0.0
0.0
0.0
10.81612
8.47282000002
0.0
0.0
0.0
0.0
8.46295999992
0.0
5.67327000003
11.41184
0.0
6.08958999999
21.9119900001
7.90149999992
11.33366
5.68258999987
18.3039899999
0.0
25.10436
0.0
8.21129999997
0.0
6.88416000002
0.0
9.86151000008
0.0
0.0
10.2064500001
0.0
0.0
0.0
0.0
0.0
5.03304000001
0.0
13.7614499999
6.54295000003
0.0
11.96609
0.0
0.0
0.0
0.0
0.0
0.0
6.71515000006
6.82874000003
0.0
14.3948100001
0.0
20.3944899999
12.06863
7.73617000005
0.0
15.0936700001
9.44736999995
0.0
10.6364699999
8.30747999996
0.0
0.0
12.7715799999
0.0
0.0
12.8162299999
0.0
0.0
15.64201
7.70110999991
7.01297000004
0.0
0.0
5.00714
0.0
10.98008
0.0
9.96921999997
0.0
0.0
0.0
6.58177000005
8.63705000002
14.93944
0.0
3.70039000001
14.7287999999
10.7813400001
5.50304999994
0.0
0.0
5.49918000004
0.0
9.34119000006
11.9097200001
13.26426
0.0
0.0
10.59854
0.0
0.0
0.0
7.13910999999
8.05015999998
0.0
0.0
4.24030000006
9.09391000005
7.35355
6.93588
0.0
0.0
0.0
7.44143000001
0.0
0.0
13.95361
0.0
13.8475400001
7.95288
0.0
5.30273
9.85829999996
0.0
0.0
0.0
12.62759
0.0
0.0
0.0
0.0
0.0
8.72366000002
8.03232
0.0
10.2733800001
0.0
0.0
0.0
4.81824000005
3.94446999999
22.8179700001
13.1703400001
12.09525
0.0
0.0
0.0
12.94154
0.0
6.01348999992
0.0
0.0
0.0
0.0
6.61177000008
0.0
17.2908099999
6.28752999997
0.0
9.21443999989
9.69219999993
6.04985000007
0.0
6.56364000007
10.26766
0.0
0.0
11.9458100001
12.75216
11.5938399999
8.64168
17.9822200001
0.0
7.12307000009
0.0
0.0
6.05724999995
0.0
10.3211600001
0.0
0.0
8.72623999999
7.47058000008
0.0
0.0
10.7894799999
9.79134
6.38538999995
0.0
0.0
0.0
7.09891000006
4.24936000002
9.00997000001
5.38905000011
16.4672
7.69108999998
0.0
9.09822999989
0.0
18.9776500001
0.0
0.0
10.34982
0.0
0.0
0.0
0.0
0.0
0.0
12.56434
5.84703999991
6.70718999999
0.0
6.09496000002
5.89246
0.0
12.792
8.68961999996
7.60809000011
23.8237299999
7.54699000006
0.0
0.0
0.0
0.0
0.0
11.2331599999
0.0
8.69796999998
0.0
10.4332099999
14.42421
8.32007000013
6.5141899999
9.01650000003
0.0
0.0
0.0
12.1265400001
10.4006599999
4.95467999997
11.34147
0.0
8.88531999988
0.0
0.0
11.6032599999
6.48713000002
14.4435400001
0.0
8.70820999995
4.76440999995
0.0
0.0
0.0
9.66710000008
9.66217000003
7.86624
0.0
8.37944000005
0.0
8.51934000012
11.9501200001
0.0
0.0
8.25243999995
10.5318
2.65849000006
0.0
0.0
14.5043600001
6.92844000005
8.73600000003
17.06777
0.0
12.11443
13.3935100001
7.76301
0.0
6.50393000001
0.0
0.0
11.86124
7.74904000002
0.0
0.0
11.06253
11.1028300001
0.0
14.17326
11.92776
51.08421
0.0
0.0
11.0599999999
11.50398
0.0
9.44580999995
0.0
39.4099900002
8.28223999997
0.0
5.51188999997
10.7124699999
0.0
0.0
9.52634999994
9.84870999993
8.78156000003
0.0
0.0
6.20302999986
0.0
0.0
14.51082
0.0
0.0
0.0
0.0
22.9103300001
10.09181
0.0
9.45662000007
46.7194600001
10.34717
0.0
10.5194
9.3138
0.0
11.14899
0.0
13.02417
8.99205
10.06109
10.52792
0.0
0.0
11.32235
0.0
0.0
0.0
8.10366999998
0.0
0.0
12.05412
0.0
5.97782999999
9.16762999992
0.0
9.70491999993
0.0
0.0
27.4587499999
0.0
0.0
5.80442000006
3.83864000009
11.68128
0.0
12.61766
5.66401999991
5.15895000007
5.33517999994
0.0
0.0
5.13640000008
12.35921
0.0
9.30229999998
22.46696
13.6618999999
9.88534000004
7.18463999999
9.91677000013
13.56851
6.82873999991
0.0
6.90061000001
12.1530999999
7.95053999999
0.0
0.0
0.0
0.0
13.1383
0.0
0.0
0.0
5.22735000006
0.0
16.41564
0.0
10.4491600001
8.75618000003
0.0
0.0
8.74014999997
0.0
0.0
15.1888
7.74707999988
11.65208
0.0
0.0
9.01479000004
0.0
0.0
0.0
9.75035999995
0.0
0.0
0.0
9.46314000001
0.0
0.0
0.0
13.0638199999
11.9822600001
8.05148000002
0.0
0.0
15.4487799999
0.0
7.49517000001
0.0
0.0
0.0
7.64753999992
0.0
0.0
13.72818
8.52032000001
13.01982
8.55824000004
0.0
0.0
12.72517
0.0
13.1051299999
0.0
5.70363
0.0
7.92810999998
34.34266
7.05816000002
9.84620999999
6.59966000007
42.72733
11.25289
7.08015000005
12.1313
5.59461999999
8.75962999999
9.07689000003
7.72263999993
7.83717999991
9.32450999995
0.0
7.45565000002
0.0
6.13723999995
9.87771000003
0.0
16.1774899999
0.0
0.0
0.0
0.0
0.0
8.98859999992
25.63003
0.0
8.28365000011
5.65639000002
0.0
6.95964999998
0.0
6.90518999996
13.2718099999
0.0
0.0
0.0
11.98961
0.0
10.22202
14.6033799999
12.8928900001
0.0
42.0011499999
8.58940000006
0.0
10.73229
4.72822000005
0.0
9.64928999997
11.34918
8.42452000012
0.0
10.1685799998
0.0
0.0
5.36283
0.0
0.0
6.90796999994
0.0
0.0
0.0
0.0
0.0
15.6672400001
10.58453
12.57412
0.0
0.0
0.0
5.26758999994
11.7936300001
0.0
13.8987499999
0.0
22.09933
4.49073000008
12.2042
13.7743099999
10.2912299999
0.0
0.0
11.7674000001
14.4155299999
0.0
8.98835000012
9.54142999998
0.0
0.0
0.0
11.7246800001
7.81227999995
0.0
0.0
0.0
7.54075000004
0.0
0.0
0.0
0.0
7.36924000003
21.3176899999
0.0
0.0
0.0
4.99484000006
0.0
0.0
9.22814999998
0.0
8.27107000013
0.0
0.0
0.0
18.6620299998
0.0
8.70603
6.96551999997
0.0
0.0
0.0
0.0
0.0
10.2334200001
9.90564999997
0.0
0.0
0.0
8.01238000009
7.62338999996
9.64129000006
15.25451
0.0
8.67177999998
9.91414999997
3.57385000004
13.1405
0.0
8.16339999984
7.88777999999
10.71297
8.28720000002
7.99848000007
0.0
0.0
0.0
7.78174999997
0.0
0.0
0.0
10.50662
0.0
7.19102000003
6.67139999999
13.8850500002
8.88582999993
0.0
0.0
8.81883
7.32331999997
0.0
0.0
5.98761000007
7.36992999993
4.78788000008
0.0
8.98921999999
5.03716999991
0.0
8.07427999994
0.0
0.0
0.0
0.0
17.1108200001
9.35686000006
28.89249
5.16330999997
0.0
8.89062999992
0.0
7.41118000005
0.0
13.3111799998
0.0
7.57644999993
0.0
0.0
0.0
0.0
10.67671
13.5089100001
0.0
9.37612000003
15.3636899999
7.58100000001
12.8977
12.3469599999
0.0
8.14433000004
0.0
0.0
8.06052000006
0.0
0.0
4.74250000005
0.0
11.72863
19.6597000001
0.0
11.83983
10.5334000001
11.96828
0.0
0.0
3.98797000002
10.62523
0.0
0.0
0.0
5.92361000006
13.75396
11.57562
0.0
0.0
14.4937399999
0.0
15.95941
10.06623
0.0
0.0
7.80626999994
7.21438999998
0.0
0.0
12.6669900001
0.0
10.4379899999
9.89517999999
0.0
8.07938999997
9.24985000002
11.48075
11.76691
0.0
15.03614
0.0
0.0
10.7644699999
0.0
0.0
6.04634000012
0.0
7.34752999991
0.0
0.0
0.0
11.0193800001
0.0
36.0933000001
8.30617000011
5.89838000003
12.06833
5.01777999988
15.2264299999
0.0
0.0
0.0
12.2723
0.0
0.0
7.4373600001
15.9378600001
0.0
0.0
0.0
6.73851000005
8.13545000006
0.0
0.0
16.88637
0.0
10.41554
0.0
2.60971999995
15.4629
0.0
15.12189
12.11277
6.57178
18.6712199999
8.99419000011
0.0
0.0
15.56098
14.1549699999
0.0
11.1372
12.06885
0.0
5.53808000009
0.0
19.15397
0.0
9.67264
0.0
8.21829999995
6.97687000001
0.0
0.0
0.0
0.0
0.0
0.0
0.0
10.76109
0.0
0.0
0.0
9.03385000001
8.67610999988
8.11593000009
0.0
0.0
6.4277
0.0
0.0
0.0
7.09505
0.0
0.0
5.08328999998
10.2016
14.1489200001
24.4682700001
0.0
0.0
0.0
5.02448999998
0.0
0.0
10.29091
16.8929100001
0.0
0.0
0.0
17.10892
8.37420999992
0.0
13.24908
0.0
8.27292999998
12.63663
0.0
0.0
0.0
9.99363999988
0.0
0.0
0.0
18.3553800001
11.2068800001
0.0
5.99366000004
6.72719000001
11.07358
12.9630700001
0.0
0.0
0.0
0.0
32.6026
10.5719600001
0.0
0.0
13.75823
0.0
17.26776
15.3726299999
8.39335000003
0.0
0.0
0.0
0.0
0.0
8.8592699999
7.66327999998
5.83312000008
0.0
0.0
0.0
20.43209
6.85884
0.0
0.0
9.51882
