8.85950000002
9.39939999988
0.0
5.47768000001
0.0
0.0
10.24642
16.3181799999
17.8389
0.0
7.72522999998
9.82550000004
11.24319
0.0
0.0
0.0
0.0
0.0
12.1543099999
0.0
0.0
0.0
13.9359200001
0.0
15.89652
13.8287300001
0.0
0.0
0.0
7.0342600001
0.0
8.08574000001
3.7795699999
9.48060000001
0.0
8.34277999995
0.0
0.0
0.0
0.0
0.0
0.0
0.0
12.53003
0.0
16.3224900002
0.0
13.98124
0.0
0.0
5.82475000003
13.0472199999
8.46737000009
0.0
10.3284100001
5.21092999994
9.14812999999
6.26557000005
0.0
0.0
0.0
0.0
10.77946
0.0
0.0
6.68030999997
0.0
0.0
0.0
0.0
5.04295000015
8.01763999998
4.32050000003
6.42577000009
8.77695999981
0.0
0.0
0.0
6.70931000006
7.46245000011
7.2150999998
0.0
8.86658999987
0.0
10.14246
6.67298999999
0.0
0.0
0.0
8.29113000003
0.0
0.0
10.5676100001
0.0
6.03946
0.0
0.0
11.27855
0.0
0.0
0.0
0.0
0.0
0.0
10.6610800001
12.0782799999
0.0
0.0
14.1935299999
0.0
7.79395999992
0.0
8.37691999984
7.98430999997
0.0
0.0
15.0953700001
0.0
0.0
0.0
0.0
0.0
0.0
14.0446499999
18.2711300001
8.85699
0.0
10.28467
0.0
0.0
0.0
0.0
0.0
7.82768999995
0.0
0.0
7.56154999998
0.0
0.0
7.73417000007
8.46712000004
0.0
9.57726000005
5.46610999992
12.9373599999
0.0
12.6919900001
13.2867800001
0.0
0.0
0.0
13.94333
0.0
0.0
0.0
0.0
0.0
0.0
7.72694999992
13.5219000001
6.11287000007
9.78598999989
0.0
17.20939
10.81753
12.3465999999
0.0
18.55987
8.81415999995
11.9382199999
0.0
0.0
8.40742000006
0.0
10.5474099999
0.0
0.0
0.0
0.0
9.84590000007
9.99729999993
4.81527999998
0.0
0.0
14.9868100001
17.18644
0.0
7.57222999993
18.6362300002
8.76803000004
10.85046
0.0
0.0
0.0
0.0
0.0
0.0
13.39039
15.22384
9.97960999992
0.0
0.0
0.0
0.0
0.0
0.0
14.61512
0.0
7.59487000003
0.0
0.0
16.2558200001
0.0
0.0
0.0
0.0
10.38225
0.0
5.33967000002
11.8621299999
0.0
0.0
5.54082999995
0.0
10.10228
11.4619
0.0
10.96098
13.18152
12.54287
7.08415000013
0.0
9.05661999993
12.32303
6.72595000011
11.72069
0.0
0.0
0.0
8.70478999999
7.69398999994
11.5280299999
0.0
7.3591900001
0.0
0.0
0.0
0.0
0.0
0.0
0.0
0.0
11.40865
0.0
9.27775999985
0.0
8.88525000005
0.0
0.0
0.0
0.0
8.63263999997
0.0
15.05443
8.75220999995
10.9281
0.0
11.4533800001
0.0
5.06181999994
7.97955000005
4.09664999996
13.3587100001
0.0
0.0
12.83536
0.0
0.0
0.0
10.20055
15.28705
17.25533
0.0
13.3184100001
9.1653799999
7.27499000006
16.41898
0.0
0.0
0.0
0.0
0.0
12.8957600001
0.0
0.0
12.9424099999
0.0
11.7784699999
13.0278100001
17.5297099999
11.7920400001
0.0
0.0
5.97584000009
13.2338899999
0.0
12.6643200001
0.0
0.0
0.0
15.5281199999
13.12526
12.42022
0.0
11.0235299999
0.0
19.8355500001
10.7320199999
0.0
0.0
10.5669999999
0.0
0.0
7.54088999995
10.8611199999
0.0
0.0
8.74860999989
6.94016
0.0
9.66321999999
0.0
0.0
0.0
0.0
6.17594999995
0.0
8.45889000013
9.40946
15.4348899999
0.0
0.0
0.0
8.82164999994
15.7384599999
10.97694
0.0
20.3641499999
9.91012999997
0.0
9.74678000004
0.0
10.3457900001
8.26124000014
0.0
6.52903000009
40.38459
9.95850999991
0.0
0.0
11.3701899999
8.59191000008
13.55304
9.53784
10.47038
0.0
0.0
0.0
8.35438999988
0.0
0.0
0.0
0.0
8.50599000009
0.0
16.0860400001
0.0
0.0
0.0
9.16923
6.58206000004
7.18526000006
13.10727
0.0
0.0
8.01496000006
0.0
7.6574400001
11.24185
0.0
0.0
0.0
0.0
0.0
0.0
0.0
4.85591000004
10.4371300001
11.9675799999
0.0
0.0
0.0
0.0
7.72721999988
0.0
0.0
14.9538599999
13.8618300001
12.68012
0.0
11.1949900001
11.96017
0.0
0.0
0.0
0.0
12.82742
0.0
12.3627399999
0.0
11.1046600001
14.3652100001
0.0
0.0
0.0
7.08216999995
0.0
0.0
17.41791
0.0
6.79955
6.81151000003
0.0
7.63889000006
0.0
0.0
0.0
13.20193
0.0
12.3236599998
0.0
0.0
10.50528
0.0
0.0
8.41194000002
6.05870000005
8.91665999987
11.4406500001
7.32883000001
0.0
5.17547000002
0.0
0.0
0.0
0.0
0.0
7.88460000011
7.40519999992
0.0
0.0
0.0
0.0
11.3979600001
0.0
0.0
0.0
10.2660299999
22.8733900001
0.0
9.68212999997
0.0
5.93501000013
8.85199
10.80003
0.0
8.23114000005
8.51534000004
16.9736200001
0.0
0.0
0.0
0.0
12.33673
8.4865
0.0
0.0
0.0
11.40676
8.83521999989
0.0
12.9787399999
0.0
0.0
6.22291999997
16.26287
0.0
0.0
0.0
8.06055000005
0.0
10.7999999999
0.0
0.0
0.0
8.2104199999
0.0
0.0
0.0
0.0
10.1786399999
14.2114800001
8.68711000006
9.48107999994
0.0
11.6952800001
0.0
0.0
0.0
0.0
9.35944000015
0.0
6.46693000011
16.5940099999
0.0
0.0
5.05584000004
0.0
0.0
11.6296199999
0.0
0.0
0.0
11.70365
27.84005
0.0
13.57921
0.0
6.93258999987
7.68599000003
0.0
0.0
7.0141599999
7.18446000002
15.12693
0.0
11.33581
28.48357
0.0
5.86700999981
0.0
11.42145
0.0
0.0
9.22014000011
10.11751
0.0
0.0
8.71516000002
0.0
17.96699
9.29744000011
0.0
0.0
0.0
0.0
0.0
0.0
0.0
0.0
0.0
0.0
0.0
0.0
0.0
12.95123
0.0
4.93851999997
0.0
0.0
0.0
4.43115000008
8.71589999995
0.0
8.69343000022
6.19963999989
6.09117000003
0.0
0.0
0.0
0.0
0.0
0.0
0.0
0.0
0.0
11.38136
16.7466600001
6.97373999981
14.1233399999
0.0
0.0
4.2800100001
0.0
9.53748000006
0.0
0.0
10.24193
0.0
11.5727200001
0.0
12.2986599999
0.0
0.0
5.79711000004
6.63688000001
0.0
0.0
23.68334
9.24275999994
2.90332999988
0.0
0.0
0.0
13.5033400001
10.50108
0.0
0.0
7.98003000009
0.0
0.0
7.63813999982
0.0
0.0
5.05946999998
0.0
15.5735700001
14.4278600001
0.0
10.93686
0.0
0.0
12.6754000001
0.0
0.0
0.0
5.64075999998
0.0
0.0
16.5955599999
8.49435000005
8.9119200001
0.0
0.0
9.96001000004
9.32637999998
16.45592
0.0
0.0
9.10188999982
0.0
0.0
0.0
0.0
0.0
8.62715000007
7.61743999994
12.88458
0.0
7.50247000006
0.0
7.27102999995
0.0
0.0
10.46416
9.09552000009
12.79614
14.12498
0.0
13.49456
8.53514000005
8.42948000005
14.7107299999
0.0
0.0
0.0
8.99231
4.91194999998
13.9523799999
18.1800200001
6.43660999998
9.02315000002
0.0
7.85959000001
0.0
11.9214999999
0.0
0.0
0.0
11.31245
6.46065000002
0.0
9.44559000013
0.0
0.0
0.0
7.0290000001
0.0
15.11563
11.5322599998
11.9320499999
9.85540999996
12.3217
0.0
0.0
0.0
0.0
0.0
0.0
0.0
15.1367799999
6.02957000001
0.0
12.2226900001
0.0
0.0
13.3947999999
12.35809
0.0
10.05154
7.59869000001
0.0
0.0
0.0
0.0
5.54397000012
0.0
7.66380999994
22.86039
10.9907700001
0.0
0.0
0.0
0.0
5.0033199999
0.0
0.0
8.94959000009
4.10655000003
0.0
12.15356
0.0
0.0
7.55122000002
0.0
9.1230100001
13.9175899999
0.0
0.0
0.0
14.1865600001
0.0
0.0
7.01298
0.0
0.0
11.3433600001
34.5758199999
0.0
0.0
0.0
0.0
12.7580999999
0.0
7.9392100001
7.31871000002
14.5144400001
0.0
7.15483000001
0.0
0.0
0.0
10.9009400001
0.0
13.5078700001
14.59821
14.8499499999
0.0
0.0
13.69962
0.0
8.19411000004
13.8302000001
8.58889999997
8.61797000002
9.26876999997
8.88021999993
10.4256800001
0.0
0.0
7.56237000006
0.0
0.0
0.0
9.16618000006
0.0
8.19877999998
0.0
0.0
0.0
0.0
15.2710200001
10.28981
12.7789500001
0.0
0.0
9.38523000001
0.0
0.0
0.0
0.0
15.47294
0.0
17.74819
0.0
5.83146999998
0.0
12.8645700002
0.0
0.0
16.5582300001
8.27612000005
0.0
0.0
0.0
4.09846999997
10.92888
10.0047500001
0.0
12.76972
0.0
0.0
0.0
7.44461999997
11.0968299999
11.36113
0.0
0.0
0.0
5.44840999995
0.0
10.7171
0.0
0.0
0.0
13.7289
14.11239
18.15072
6.23472999991
0.0
6.93872999994
0.0
8.69466000004
0.0
0.0
18.4934299999
0.0
9.91225000005
0.0
8.10649000003
9.20929000003
0.0
3.93544000003
20.0436500001
0.0
8.60446000018
0.0
0.0
0.0
16.32339
0.0
0.0
0.0
0.0
0.0
8.69367000007
6.21139999991
6.52804
0.0
0.0
12.75048
0.0
0.0
0.0
6.72306999995
12.50437
0.0
13.86224
0.0
12.5836700001
0.0
7.20562000002
10.1821
0.0
8.87014999997
12.1167
12.1050099999
16.8672400001
0.0
9.72993999999
0.0
0.0
0.0
0.0
0.0
6.82685999991
7.70445000008
0.0
0.0
0.0
0.0
7.67474000005
6.01647999999
9.91035999998
0.0
0.0
0.0
17.10219
0.0
6.61555999995
0.0
0.0
0.0
10.09069
0.0
10.5541000001
8.39575999998
0.0
6.84801999992
10.42522
0.0
0.0
11.5732300001
0.0
7.28839
9.33505000011
7.44556000002
0.0
0.0
0.0
0.0
7.25474000012
11.6563200001
8.50056000007
6.60528000002
0.0
10.65448
0.0
0.0
0.0
15.57057
13.3796099999
0.0
0.0
13.18086
0.0
0.0
7.43621999992
6.75574000017
0.0
0.0
7.64217000001
14.9978600001
15.2398999999
0.0
0.0
12.21854
9.79617999995
0.0
9.13585999992
0.0
7.13572999998
11.56323
0.0
8.94741000002
0.0
6.22692000004
0.0
0.0
0.0
0.0
11.17266
0.0
0.0
0.0
8.74933000002
0.0
9.94307000004
19.37719
0.0
