10.6936400001
8.87044999993
0.0
0.0
7.87469999993
10.39482
0.0
0.0
7.16364999989
0.0
0.0
10.1275600001
0.0
0.0
0.0
0.0
0.0
0.0
14.06683
0.0
7.68943999999
0.0
0.0
8.07869999995
0.0
0.0
8.64167999988
11.5745399999
0.0
8.79698999994
0.0
0.0
0.0
5.43857
0.0
13.8634999999
12.57858
0.0
0.0
8.82088999997
0.0
0.0
0.0
8.21246000007
0.0
6.09554000013
0.0
6.84935999988
18.3686599999
0.0
9.78062999994
0.0
0.0
0.0
12.9019599999
0.0
19.6995799999
72.48194
0.0
0.0
4.78567000001
0.0
37.86155
0.0
7.50503999996
35.67495
0.0
0.0
0.0
0.0
7.94418000011
0.0
0.0
0.0
0.0
58.5708400001
0.0
9.60000999994
39.06335
0.0
0.0
6.51072000002
0.0
0.0
0.0
6.8382
0.0
0.0
8.82780000009
0.0
12.06138
7.97292000009
8.64829000004
0.0
6.73810000008
6.00488999987
18.9682000001
7.06603999995
0.0
6.96091999998
0.0
0.0
0.0
0.0
0.0
0.0
0.0
28.62609
12.4692000001
0.0
0.0
8.83095999993
5.72410999995
0.0
0.0
0.0
13.3089200001
0.0
11.7213900001
12.52669
0.0
0.0
0.0
0.0
15.26011
12.46485
0.0
0.0
6.40726000001
0.0
10.59653
6.91483999998
11.83751
0.0
8.5597199999
15.4253
12.0346
0.0
7.55375999992
17.416
0.0
0.0
0.0
5.37131999992
12.84794
0.0
0.0
0.0
0.0
0.0
0.0
4.07539999997
0.0
12.8162199999
5.74990000005
0.0
0.0
6.71319999988
0.0
0.0
0.0
5.15584000002
0.0
0.0
8.09345000004
12.72973
6.21955000004
15.74551
0.0
27.7347799999
0.0
0.0
0.0
0.0
0.0
10.82356
0.0
9.16893000004
7.04362000001
15.44279
7.66749000002
0.0
0.0
0.0
0.0
13.1141
12.8192200001
0.0
5.97412999999
0.0
11.4900300001
0.0
11.02663
0.0
0.0
0.0
0.0
7.60740999994
9.06342000002
0.0
0.0
20.42286
6.97332999983
29.68175
5.81083000009
12.1242899999
13.6004699998
7.92866999994
0.0
0.0
0.0
0.0
0.0
0.0
8.82843000011
0.0
0.0
8.17258000001
9.78899000015
9.71080999973
0.0
0.0
0.0
13.75761
5.57318999991
0.0
11.47088
12.56134
10.42434
10.35961
0.0
0.0
0.0
0.0
0.0
0.0
0.0
0.0
7.88170000003
6.27534000005
3.95713
6.97085000004
5.27841000003
0.0
0.0
11.41158
0.0
9.91365999985
0.0
20.70974
0.0
15.90642
0.0
8.25862999994
14.87865
11.0959
0.0
0.0
0.0
0.0
15.25223
9.4683200001
0.0
12.2134300001
0.0
0.0
0.0
16.15821
0.0
0.0
10.54664
7.31394999998
0.0
0.0
8.09177000006
10.2038800002
0.0
0.0
0.0
7.27590000001
9.39442000003
0.0
27.9344599999
0.0
0.0
0.0
0.0
0.0
0.0
8.44787999999
9.22598999995
6.97826999985
17.63264
9.69059000001
0.0
9.56278000004
14.2620400001
6.96102999989
0.0
0.0
14.00081
13.17775
10.6354199999
0.0
36.8450099999
6.3291999998
0.0
8.6388999999
0.0
0.0
0.0
0.0
10.1494400002
15.23868
8.17911000003
9.17881000007
6.20449999988
0.0
0.0
12.4371100001
7.39883999992
18.79947
9.1871000001
8.43356000003
11.45492
5.03797000006
18.7222699999
11.0448299999
23.12298
0.0
12.8032499999
0.0
0.0
14.79403
0.0
10.87748
0.0
31.36165
0.0
16.8243
0.0
0.0
5.13260000001
0.0
0.0
0.0
0.0
10.31693
10.53254
7.28882000002
0.0
0.0
7.16327000002
0.0
0.0
0.0
0.0
6.22333999991
12.2057699999
0.0
0.0
0.0
13.57816
0.0
5.80283000006
12.5238699999
11.5361700001
11.66998
9.9005600001
0.0
11.42712
6.37487000006
0.0
0.0
7.71741000004
7.66347999999
0.0
0.0
10.0124799999
0.0
0.0
29.6206700001
0.0
6.43758000003
0.0
5.46437000006
0.0
7.34331000003
15.70351
0.0
0.0
8.89127999998
0.0
0.0
0.0
0.0
16.77681
8.97086
0.0
0.0
0.0
0.0
7.83516000002
0.0
0.0
0.0
8.1765099999
11.0909600001
7.06298000005
18.23924
0.0
7.68634000001
13.8076599999
0.0
0.0
0.0
0.0
0.0
4.48767000018
0.0
26.81782
0.0
0.0
9.27052000002
6.25790000008
0.0
7.66006999987
11.76134
10.29769
0.0
0.0
0.0
18.84811
0.0
0.0
0.0
0.0
0.0
9.44130999991
0.0
0.0
17.1240499999
0.0
0.0
37.29996
0.0
20.9240700002
11.0877499999
0.0
0.0
4.64974999998
0.0
0.0
6.76722000004
3.83875999984
0.0
0.0
0.0
0.0
6.33640999999
0.0
0.0
16.5706600001
8.67715
5.83531999995
7.95831000002
8.96672999999
0.0
0.0
0.0
5.65426999994
8.85337999987
0.0
0.0
0.0
11.27306
10.6465799998
6.92201999994
13.0057600001
0.0
12.1121999999
14.0051
9.76544999995
0.0
0.0
14.42245
0.0
0.0
0.0
0.0
7.48118
0.0
0.0
0.0
11.51018
0.0
0.0
12.8022200001
4.96233999997
0.0
10.2740100002
0.0
0.0
12.84815
0.0
11.2196999999
9.77176000003
6.94282999996
0.0
0.0
0.0
6.61493999988
26.69071
0.0
10.51249
0.0
0.0
12.6590800001
0.0
9.79141999991
0.0
0.0
0.0
0.0
0.0
10.00139
0.0
0.0
0.0
0.0
0.0
0.0
10.3843799999
6.08332000009
0.0
0.0
7.12538999994
0.0
7.58395999996
0.0
0.0
15.03147
12.56181
6.42144000006
12.92498
47.2887499999
0.0
0.0
9.92515000002
0.0
6.79739000008
12.94924
0.0
26.6351600001
0.0
0.0
11.65489
10.75223
8.94669000001
0.0
6.66189999995
0.0
14.27089
0.0
0.0
9.35961000004
0.0
0.0
0.0
0.0
0.0
0.0
8.64693999977
0.0
0.0
10.84782
0.0
25.9390199999
0.0
0.0
0.0
0.0
0.0
0.0
0.0
18.26592
10.1987000001
0.0
33.4301499999
0.0
5.38078999997
0.0
0.0
0.0
5.38902000012
0.0
0.0
0.0
0.0
13.34719
0.0
0.0
11.25339
0.0
0.0
0.0
0.0
0.0
9.45447000011
0.0
0.0
6.59756000002
9.55950000009
0.0
29.96014
0.0
0.0
0.0
8.58864999993
9.89006999985
7.68287999986
9.02471000003
0.0
0.0
13.45837
37.6806999999
9.67547000002
0.0
0.0
0.0
0.0
0.0
0.0
0.0
0.0
0.0
17.5628899999
5.93715000001
13.0018000001
0.0
0.0
0.0
9.19315999991
15.2118800001
0.0
0.0
8.65632000007
0.0
0.0
0.0
0.0
4.62389000005
0.0
11.67938
30.9561599999
9.05651999998
6.67910000007
0.0
0.0
0.0
11.8318000002
12.90099
13.6554
0.0
0.0
0.0
11.5871
7.47435000003
0.0
0.0
10.2585900001
0.0
0.0
0.0
9.52304000012
7.28022999992
0.0
0.0
0.0
0.0
13.6118200001
0.0
0.0
8.60463999992
21.1555900001
0.0
0.0
20.87401
0.0
15.72318
0.0
0.0
9.84009000007
9.23233999999
8.54628999997
0.0
0.0
0.0
0.0
10.07219
0.0
0.0
9.66321999999
0.0
12.2143999999
9.08210999996
6.32661999995
6.12159
0.0
0.0
0.0
0.0
10.8396600001
22.79498
0.0
5.58782000002
0.0
5.56795000006
0.0
0.0
4.93606999982
0.0
0.0
8.3308
0.0
0.0
0.0
6.66223000002
12.90225
10.49844
9.29772000003
11.57663
13.19784
5.56403000013
0.0
19.3375500001
0.0
6.31179000007
0.0
10.9054399999
0.0
0.0
11.3647400001
0.0
10.87986
0.0
0.0
12.0612699999
0.0
0.0
9.64585999993
0.0
0.0
0.0
0.0
14.12868
35.11523
0.0
0.0
9.85378999996
9.37049000012
7.85929000005
8.70990999998
8.70744999999
0.0
0.0
9.43994000007
0.0
0.0
0.0
11.2335399999
13.62655
0.0
0.0
0.0
9.69409
0.0
0.0
0.0
0.0
10.91797
0.0
0.0
0.0
6.67304000014
0.0
11.09002
11.2125899999
0.0
13.5857000001
0.0
7.28380000009
0.0
0.0
8.54456999991
7.10288000002
12.12957
11.47248
6.85025999998
0.0
0.0
0.0
0.0
0.0
0.0
15.2128799999
0.0
7.67387000006
6.79965000006
15.5628300001
0.0
0.0
8.56357999984
5.72135000001
0.0
34.74264
0.0
0.0
10.8965499999
0.0
0.0
0.0
9.08117999998
0.0
7.08066999994
10.2679199999
7.99799000006
0.0
9.28685000003
0.0
0.0
0.0
7.66732999997
0.0
13.04084
9.15448000003
0.0
0.0
0.0
0.0
5.00361000001
11.93787
7.24464999989
10.9280300001
11.6194800001
12.2504000001
11.4622
10.4212100001
0.0
12.6812699999
7.34140999999
5.6241700002
0.0
8.01455999992
0.0
10.8309899999
0.0
0.0
0.0
9.6378400001
5.00552000001
8.57137000002
0.0
17.09231
0.0
9.56203000003
6.02859
0.0
0.0
8.17834999994
8.58706000017
0.0
0.0
0.0
0.0
0.0
0.0
6.03849000006
10.1794499999
13.71228
0.0
8.47296000004
9.34022999997
5.04747000011
0.0
16.64969
0.0
13.0709
4.96068000002
0.0
13.96293
0.0
10.9570599999
7.35612999997
0.0
12.7160599999
5.81044999999
0.0
5.44734999991
0.0
9.64309000003
0.0
0.0
14.26315
6.1503199999
15.46212
12.18629
8.25944000005
0.0
0.0
4.2224999998
8.66678999993
5.01239000005
17.4058600001
8.23139999993
11.35673
0.0
10.1649500001
0.0
0.0
0.0
7.43403999996
0.0
0.0
0.0
0.0
0.0
0.0
10.5183300001
0.0
0.0
10.36402
0.0
0.0
0.0
12.4287300002
0.0
0.0
0.0
5.81070000003
0.0
5.64467999991
8.98618999985
6.00221999991
14.0983900001
15.61819
11.7100999999
0.0
0.0
0.0
7.18328999996
13.3886699999
0.0
7.46309999994
0.0
9.98692000005
10.80278
0.0
15.8449399999
0.0
0.0
5.6057800001
0.0
12.63362
0.0
11.47964
0.0
0.0
0.0
10.70178
0.0
8.69892
0.0
9.74858999997
21.3449
13.2922199998
0.0
11.6081900001
0.0
0.0
0.0
0.0
10.3302600001
10.94782
0.0
14.7180999999
0.0
13.1976999999
0.0
24.32014
6.17121000006
8.83400999999
0.0
0.0
0.0
7.58744999999
18.5168100001
0.0
0.0
0.0
