0.0
0.0
0.0
0.0
34.73061
0.0
0.0
5.40518999996
9.54844000004
10.7052200001
8.83374000003
55.3411799999
0.0
0.0
22.0359200001
7.12367
0.0
9.30907000008
0.0
0.0
82.1778899999
0.0
0.0
79.2309699999
17.50241
14.9650600001
9.1910300001
0.0
8.49012999993
50.3364499999
9.21616999991
0.0
0.0
0.0
13.15084
14.9797800001
0.0
0.0
0.0
36.6607499999
0.0
0.0
0.0
13.4341000001
9.39527999994
0.0
0.0
22.4335399999
0.0
0.0
0.0
28.7502999998
11.94256
0.0
50.70709
0.0
0.0
0.0
10.23838
11.3904599999
0.0
6.21228999994
11.3512500001
0.0
0.0
8.53787
5.25844999996
0.0
0.0
28.6096600001
0.0
26.7094500001
0.0
66.6557700001
0.0
43.9352199999
39.5332099999
32.5333
9.99612000003
0.0
0.0
22.38314
0.0
0.0
0.0
0.0
0.0
0.0
7.88795999996
35.96166
0.0
0.0
7.27659999998
0.0
0.0
0.0
0.0
0.0
0.0
15.5755599999
7.5144199999
28.63369
6.59550000005
8.10647
0.0
0.0
0.0
19.34528
0.0
30.39803
11.62375
0.0
12.9646000001
0.0
0.0
30.6132799999
0.0
6.69545000023
6.70368999988
0.0
23.46028
15.57382
0.0
0.0
7.83184
60.5868699999
16.65144
38.23011
6.7596799999
0.0
36.6500100001
12.50055
10.4954199999
9.83736999996
0.0
0.0
0.0
0.0
20.89936
0.0
0.0
0.0
0.0
7.93965999992
15.5047500001
0.0
0.0
10.258
0.0
0.0
0.0
0.0
0.0
0.0
48.39491
0.0
0.0
15.58895
0.0
10.5557999999
0.0
0.0
0.0
4.69882000005
14.61336
11.2083999999
38.22725
0.0
6.49077999999
0.0
36.2786
39.87109
0.0
0.0
0.0
9.41633000004
0.0
0.0
11.3593899999
0.0
0.0
0.0
0.0
47.99545
0.0
119.1766
94.9972500001
11.05041
6.28844000003
7.64957000001
11.83007
0.0
0.0
47.94753
0.0
5.19232999999
44.4326600002
0.0
17.5652800001
54.8059799999
26.07781
22.4249899999
0.0
28.16126
0.0
0.0
0.0
0.0
35.6061300001
0.0
24.39243
0.0
0.0
0.0
39.58435
74.38578
0.0
0.0
0.0
10.94814
5.78576
0.0
0.0
0.0
7.43849999993
43.79834
9.5969
0.0
0.0
0.0
10.48451
19.8015500001
0.0
0.0
0.0
11.4680399999
0.0
0.0
0.0
0.0
0.0
0.0
0.0
0.0
43.5504300001
0.0
0.0
0.0
33.53961
6.20305999997
0.0
54.9096700001
0.0
0.0
7.51026000001
0.0
0.0
6.23954999994
5.2737299999
0.0
31.2309000001
12.65592
0.0
19.99227
0.0
6.13157000009
20.87314
0.0
16.31823
40.49193
15.40517
11.1252099999
10.67772
9.22157000017
5.68631000002
0.0
0.0
0.0
0.0
0.0
10.4005899999
44.10586
0.0
0.0
30.7950200001
56.5737600001
0.0
13.92448
8.05263000005
0.0
0.0
0.0
16.95094
39.8620200001
0.0
0.0
68.17683
0.0
48.86812
7.38283999998
0.0
0.0
0.0
0.0
35.5912499999
29.7111100001
11.2589400001
0.0
0.0
31.8793499999
12.63153
7.52835000004
0.0
13.7798499999
0.0
9.17725000007
0.0
0.0
0.0
15.00125
5.87329000002
4.11967999989
0.0
13.5740499999
0.0
8.13762000005
9.02980999998
16.70684
3.74974
0.0
0.0
38.43373
0.0
0.0
8.38884999999
30.8340799999
0.0
0.0
0.0
99.08722
6.78347000002
0.0
48.34629
8.16127999988
0.0
0.0
14.94305
6.62641000003
8.93221
43.2868400001
42.3454199999
14.3496
8.41287
25.4691099999
0.0
7.65526999999
0.0
5.84845000005
0.0
0.0
0.0
0.0
0.0
0.0
0.0
23.3029100001
0.0
47.4149699999
20.3332499999
0.0
11.95204
0.0
56.66227
0.0
0.0
0.0
0.0
0.0
39.3512
0.0
0.0
0.0
71.8341
0.0
7.75659999996
4.65754000004
0.0
12.43452
47.1973900001
0.0
50.01907
9.85372000001
0.0
13.75681
0.0
10.0784900001
0.0
0.0
0.0
0.0
9.36519000004
0.0
0.0
26.67258
8.71669000003
38.35986
10.0422500002
5.04513999994
0.0
0.0
0.0
0.0
6.17764999997
0.0
20.5698000001
23.1679199999
0.0
0.0
0.0
0.0
0.0
0.0
0.0
10.1839200001
0.0
18.74188
0.0
0.0
0.0
15.90477
0.0
38.21421
0.0
0.0
39.8116400001
0.0
0.0
20.6990799999
10.18123
0.0
70.81794
0.0
0.0
18.776
12.01
0.0
12.5122499999
10.85888
14.3084900001
0.0
12.2549399999
12.6501
6.57406000001
0.0
15.55952
0.0
0.0
19.187
13.42634
49.3511799999
6.51800000004
16.99353
17.4586700001
0.0
5.86626000004
0.0
0.0
0.0
0.0
7.92643999995
0.0
0.0
9.6264699999
0.0
3.06065999996
0.0
21.6004999998
0.0
0.0
35.6748299999
0.0
9.56166000001
0.0
5.68047999998
55.87095
0.0
18.4372800001
8.59437000006
0.0
8.29835000017
0.0
0.0
0.0
0.0
15.1297
47.1163
42.6621300001
7.18200999999
0.0
76.6235400001
10.6610000001
13.64301
0.0
0.0
0.0
0.0
0.0
0.0
0.0
0.0
12.4910299999
5.18195
10.9012900001
0.0
0.0
0.0
6.53482000006
0.0
0.0
0.0
77.81132
24.0539299999
0.0
0.0
0.0
7.01032999996
7.57062999997
0.0
10.6959899999
0.0
0.0
0.0
0.0
7.27422999998
12.7829500001
0.0
0.0
9.07929000002
12.45256
0.0
34.8858299999
11.0278700001
0.0
9.25913999998
0.0
8.04679000005
0.0
6.24360999989
0.0
0.0
11.13085
18.7373300001
32.57914
59.87342
0.0
37.19527
0.0
0.0
0.0
16.0349700002
33.32393
0.0
0.0
0.0
16.6681299999
0.0
5.31962999993
0.0
9.95936999994
10.42898
24.0708400001
46.02086
0.0
0.0
0.0
0.0
13.44333
0.0
53.55233
0.0
0.0
10.9275100001
0.0
0.0
0.0
49.8777300001
24.5194400001
0.0
0.0
0.0
0.0
0.0
11.52251
0.0
0.0
0.0
0.0
68.14514
32.40207
9.44826999994
9.45275000005
21.91229
0.0
11.6771
0.0
9.02977000002
0.0
10.9826599999
11.4825699999
0.0
10.32872
0.0
0.0
0.0
10.5269700001
0.0
38.63666
0.0
4.92359000002
0.0
0.0
8.47859000007
16.0098199999
0.0
0.0
36.9422100001
46.2285000001
0.0
4.24421999999
22.4145300001
0.0
0.0
9.20620999997
0.0
0.0
8.47715999989
0.0
0.0
0.0
40.66848
7.31243000005
14.55115
9.00226999994
56.39755
7.40905000002
7.23618000012
0.0
0.0
87.87858
69.5617900001
0.0
0.0
0.0
0.0
10.2343499999
18.89526
0.0
16.0514
15.9934200001
14.2069399999
23.35512
0.0
0.0
0.0
9.84441000002
7.67373000004
0.0
9.16324999987
0.0
0.0
0.0
6.42998000002
0.0
9.04327999987
4.73723999993
11.5697900001
0.0
8.39873999998
0.0
30.19098
0.0
0.0
104.97259
0.0
0.0
0.0
10.95097
0.0
0.0
0.0
0.0
149.52015
43.2413799999
0.0
0.0
0.0
71.34619
73.99323
0.0
0.0
0.0
0.0
44.0526700001
0.0
0.0
0.0
0.0
5.19305999996
0.0
7.99622999993
0.0
12.38743
0.0
18.5272
0.0
0.0
7.41788999992
0.0
0.0
0.0
30.6272399999
0.0
0.0
41.43076
6.24723999994
10.15949
0.0
0.0
0.0
0.0
0.0
0.0
7.71490999998
0.0
9.00416999997
6.85563999997
6.53528000007
0.0
12.43536
6.09930000012
0.0
0.0
0.0
0.0
15.3365900001
18.1040500001
0.0
0.0
0.0
0.0
36.72503
61.08366
33.94224
7.90923999995
122.08124
0.0
10.5104500001
8.35883999988
8.70958000002
0.0
3.60849999997
0.0
0.0
0.0
0.0
0.0
0.0
67.23062
0.0
0.0
0.0
9.1168800001
8.67402999999
0.0
7.62987000006
0.0
10.77827
7.34088999999
0.0
0.0
10.6260900002
48.7482000001
0.0
0.0
8.03483000002
0.0
6.26575000002
0.0
12.93907
0.0
8.71065999998
25.1503600001
15.66714
17.5703199999
45.7299599999
13.8358199999
0.0
14.59327
0.0
14.96603
0.0
0.0
8.84100999997
10.31689
0.0
0.0
0.0
67.99723
40.9356699999
41.9038699999
0.0
0.0
0.0
0.0
45.80441
0.0
6.25134000008
17.82211
0.0
8.06382999988
0.0
0.0
4.07486000017
0.0
0.0
0.0
0.0
0.0
12.40272
0.0
0.0
0.0
6.06482999993
35.6598500001
8.45367000008
0.0
9.17850000004
0.0
0.0
0.0
6.05242999992
12.0832399999
0.0
0.0
10.3562899999
10.6723999999
19.09953
30.21111
0.0
66.2598999999
53.7482400001
7.05483000004
80.6280199999
18.7630800001
10.2547099999
0.0
12.8199299999
0.0
10.1671600001
10.86393
10.0279099999
0.0
11.41423
12.6441700001
8.31374999997
0.0
13.6784399999
37.6493899999
0.0
0.0
0.0
0.0
0.0
36.03896
26.3766000001
0.0
0.0
10.7087400001
0.0
0.0
0.0
7.92803000007
0.0
10.2342099999
46.0506800001
0.0
0.0
40.7309
15.1157
5.33866000001
0.0
6.57966999989
0.0
9.46320999996
25.6633199999
6.44612999994
0.0
0.0
10.0965200001
13.7267
10.11794
71.9282099999
0.0
0.0
0.0
7.58221000002
0.0
0.0
0.0
0.0
5.05663999997
47.3295699999
0.0
12.22848
0.0
0.0
12.35051
0.0
29.75744
10.6112099999
0.0
0.0
10.93353
0.0
14.4872000001
0.0
17.86583
0.0
20.2213300001
7.62206000008
0.0
0.0
0.0
15.9909100001
0.0
0.0
0.0
25.24869
10.30325
0.0
34.0656700002
0.0
8.68165999989
0.0
0.0
15.1512
0.0
0.0
11.19498
0.0
60.86811
29.6045400001
13.1211099999
0.0
0.0
0.0
0.0
5.95182000007
4.33681999997
0.0
0.0
0.0
6.52402999997
0.0
9.0281600001
0.0
0.0
0.0
0.0
5.37433999998
59.74994
8.04627000005
11.75284
0.0
0.0
6.24434999994
0.0
8.59843000001
0.0
13.0983099999
0.0
0.0
25.78523
0.0
6.89593000012
0.0
0.0
0.0
7.41096999997
0.0
21.09543
0.0
0.0
0.0
21.4133199999
14.3200700001
5.99791999999
0.0
0.0
25.0199899999
