0.0
21.56476
0.0
0.0
33.2797900001
0.0
0.0
10.01833
0.0
0.0
27.42672
0.0
0.0
0.0
8.58565000002
0.0
0.0
9.49054000014
0.0
22.7857100001
0.0
25.49327
41.3111299999
0.0
0.0
0.0
0.0
30.43096
10.3163899999
0.0
8.12804999994
0.0
0.0
32.63956
0.0
0.0
11.9772999999
0.0
9.69718000002
0.0
9.41004999983
5.54419000004
12.36743
28.0495900001
7.46443999989
71.27437
0.0
0.0
0.0
0.0
7.79342
5.77372000006
0.0
0.0
0.0
22.74052
0.0
0.0
40.3097799999
12.3023099999
0.0
3.62176000001
0.0
12.9230399999
0.0
0.0
6.87185999996
12.78253
8.15379000001
0.0
0.0
48.50087
12.82382
0.0
0.0
0.0
0.0
0.0
0.0
0.0
10.9863300001
0.0
31.3743800001
0.0
0.0
12.3758099999
0.0
0.0
0.0
0.0
35.39448
8.60147999995
0.0
0.0
0.0
0.0
0.0
20.69446
0.0
8.06056000001
0.0
4.53863999993
0.0
10.19498
0.0
20.47317
0.0
9.46408000006
49.8011
8.89374000009
0.0
0.0
0.0
10.5784900001
0.0
0.0
10.1222900001
0.0
0.0
0.0
7.73204999999
0.0
0.0
34.25737
0.0
0.0
0.0
0.0
24.7148399999
24.02053
36.9969300001
0.0
0.0
0.0
0.0
15.9421900001
15.88278
0.0
20.2046000001
0.0
0.0
0.0
16.23888
0.0
0.0
16.51981
0.0
0.0
12.82546
0.0
0.0
0.0
0.0
0.0
8.28799999994
9.64242000005
0.0
0.0
25.9400299999
10.65446
0.0
10.77352
0.0
15.02197
0.0
0.0
9.22376999992
0.0
0.0
7.61352999997
0.0
0.0
8.43206999998
9.32657000003
5.28102999995
6.20643999998
0.0
39.5163799999
0.0
24.11185
9.2993800001
0.0
0.0
0.0
0.0
8.21695999999
26.97925
0.0
31.3692599999
22.2191099999
0.0
0.0
0.0
0.0
6.35041000007
0.0
0.0
24.4882899999
0.0
7.30223000003
9.53443000012
0.0
0.0
7.05909
14.00349
20.52426
0.0
0.0
38.49905
0.0
11.6733199999
11.55522
0.0
15.16019
0.0
0.0
0.0
0.0
11.33155
17.1397100001
0.0
0.0
10.2813
0.0
0.0
0.0
7.48036000005
0.0
0.0
0.0
13.91538
0.0
0.0
0.0
0.0
0.0
15.2395199999
7.40513999993
0.0
0.0
25.1852600001
13.1550400001
0.0
0.0
26.3210700001
0.0
0.0
29.78412
7.92087000003
27.0139499999
0.0
0.0
0.0
0.0
0.0
0.0
0.0
0.0
22.7545799999
0.0
0.0
0.0
7.58554
0.0
0.0
14.3161299999
0.0
0.0
6.14757000003
0.0
0.0
9.02893999999
17.9355
7.12673999998
6.99922
0.0
0.0
32.1391499999
0.0
9.74413999997
0.0
0.0
0.0
0.0
0.0
32.6124
5.43577999994
4.91313
33.31897
0.0
0.0
32.21667
0.0
0.0
0.0
68.57219
3.52969
34.31753
7.97525000002
14.12288
0.0
0.0
9.92748999991
0.0
0.0
0.0
0.0
0.0
48.12531
25.68596
8.29680000001
0.0
6.23122999992
16.7992000001
14.6653199999
14.6304
16.21607
9.62503999996
5.26198000007
0.0
0.0
0.0
0.0
7.26306999999
0.0
45.52099
0.0
0.0
8.33978000004
10.81599
0.0
0.0
7.18484000012
11.4589300001
0.0
0.0
0.0
0.0
13.7508799999
39.2343000001
22.52519
2.5657700001
0.0
15.7177800001
0.0
16.7339499999
19.6833
0.0
0.0
21.05218
8.71684999997
0.0
0.0
19.54695
22.11626
5.79920000001
0.0
0.0
7.07750999997
0.0
11.8274299999
0.0
0.0
5.72854000004
0.0
0.0
10.31877
0.0
0.0
6.32380000001
0.0
0.0
6.02195000008
7.92252000002
11.06086
43.22522
56.46497
0.0
53.21623
36.5584900001
9.53908000002
9.27049999987
0.0
13.9449100001
0.0
0.0
0.0
7.43637000001
0.0
0.0
0.0
0.0
0.0
8.81617999997
20.77387
0.0
20.8286100001
8.76522000006
0.0
0.0
2.74728999997
0.0
0.0
0.0
0.0
0.0
8.65831999993
0.0
0.0
0.0
10.3412700001
13.93966
0.0
9.1629
9.41000000003
0.0
10.3811799999
0.0
12.5080200001
11.14573
38.5547399999
33.97415
0.0
0.0
4.17402999999
26.52717
0.0
40.50436
4.80375999992
0.0
0.0
5.3785300001
0.0
0.0
11.04825
0.0
9.11896999995
13.1839400001
0.0
0.0
7.88117999991
0.0
5.94649000012
27.35188
0.0
0.0
0.0
0.0
10.9568899999
0.0
6.8695700001
6.35803
0.0
0.0
0.0
0.0
0.0
0.0
17.18609
0.0
40.9201299999
0.0
17.00792
5.86187999998
0.0
11.97178
16.5631199999
0.0
0.0
14.28104
4.25496000005
47.46214
0.0
0.0
0.0
0.0
17.0459500001
0.0
8.44886999996
4.76464999991
21.27731
6.62923999992
24.0046
0.0
0.0
11.7855299999
0.0
27.2534799998
0.0
24.59132
7.84443000006
33.0625999999
0.0
12.6706399999
9.72964000003
4.89937000012
12.5168400001
0.0
0.0
0.0
22.28783
0.0
23.5133799999
0.0
0.0
4.09553000005
30.95129
0.0
0.0
0.0
0.0
0.0
10.40964
0.0
9.56857999996
33.3621800001
14.2733499999
11.1294100001
0.0
0.0
0.0
0.0
0.0
0.0
21.27873
0.0
13.27995
0.0
0.0
0.0
11.51611
0.0
0.0
0.0
0.0
0.0
0.0
12.52171
26.98829
7.70423999999
0.0
7.36820000003
49.02896
0.0
0.0
0.0
17.1948599999
0.0
0.0
22.2402799999
10.5762000001
0.0
10.85199
0.0
0.0
0.0
9.26335999998
0.0
23.77912
25.79466
0.0
12.15065
0.0
25.7680899999
10.6278600001
9.2964600001
7.50566999998
10.34212
0.0
0.0
0.0
13.8194500001
6.21205000009
0.0
0.0
6.49606000003
19.03292
31.5514599999
9.11121999996
0.0
6.28730999993
16.2388000001
10.3783600001
0.0
0.0
0.0
0.0
0.0
12.89755
0.0
10.83247
0.0
9.92113999999
0.0
7.82872999995
0.0
0.0
8.30213999993
15.0871400002
0.0
0.0
22.0280399999
7.99509999994
10.87668
0.0
0.0
0.0
0.0
18.74941
0.0
6.45451999991
10.6599499999
5.58395999996
24.5615299999
0.0
3.55556999997
3.94969000004
0.0
0.0
6.88721999992
0.0
0.0
6.88838999998
0.0
19.75512
0.0
0.0
0.0
8.38467000006
10.9284399999
0.0
0.0
0.0
0.0
6.52452999994
9.63308000006
6.45503999991
22.12096
37.4956200001
7.85034
0.0
0.0
34.73934
14.5515300001
0.0
0.0
19.29472
0.0
0.0
7.74451999995
6.22145000007
21.59684
30.9932200001
16.6656299999
24.21696
11.71256
8.19978000002
0.0
5.23488
0.0
42.37107
0.0
0.0
0.0
0.0
13.42548
11.0470299999
0.0
0.0
0.0
10.1419500001
0.0
6.8880700001
20.5023899999
36.58444
16.3135500001
39.97465
0.0
0.0
46.1104799999
0.0
7.43878999993
8.16636999999
0.0
0.0
0.0
0.0
0.0
0.0
0.0
40.11092
38.5361400001
0.0
0.0
30.88633
0.0
0.0
13.3497299999
59.4682199999
0.0
46.64148
0.0
30.7225899999
0.0
0.0
0.0
17.9113800001
0.0
0.0
5.55937999999
38.91645
0.0
0.0
13.0457199999
0.0
13.39362
0.0
9.27382000012
0.0
42.0619999999
8.63722999999
0.0
0.0
0.0
12.28902
0.0
0.0
0.0
0.0
0.0
20.2367700001
23.6492699999
0.0
23.56791
0.0
0.0
33.3660599999
0.0
3.10806999996
11.60994
35.0845900001
0.0
32.5663900001
0.0
28.2016899999
11.33658
37.27891
0.0
0.0
0.0
0.0
10.83939
8.48489000008
10.2142800001
9.90567999997
0.0
45.49207
0.0
0.0
0.0
0.0
7.9741799999
8.24821999995
0.0
6.83131000015
0.0
0.0
5.65678999992
0.0
11.24364
12.29139
0.0
0.0
0.0
11.3450600001
11.0072800001
0.0
47.6036800001
0.0
0.0
12.9711900001
0.0
0.0
0.0
0.0
0.0
11.06891
0.0
0.0
10.95346
0.0
0.0
0.0
8.50945999997
9.97449000005
16.17556
0.0
4.78056999994
0.0
12.2158400001
24.8528499999
0.0
0.0
11.37642
12.3978800001
0.0
12.1447800001
0.0
8.01407999999
8.29236999992
6.96927
11.03729
0.0
40.2887799999
29.8343400001
8.63075999997
31.4898800001
6.83543000009
0.0
0.0
0.0
0.0
0.0
0.0
0.0
0.0
0.0
8.29313999997
0.0
0.0
0.0
6.40868000011
0.0
8.06455999997
19.97468
8.78963999997
16.3326099999
10.1460899999
0.0
7.75026999996
0.0
16.3015200001
34.4453299999
0.0
0.0
0.0
0.0
0.0
25.70062
17.9180899999
0.0
0.0
11.59869
0.0
0.0
20.3133700001
0.0
0.0
11.44222
17.58664
0.0
15.2913
9.13341999997
0.0
0.0
0.0
0.0
13.79207
0.0
25.0471399999
0.0
9.8838200001
0.0
0.0
0.0
0.0
8.04350000003
46.8033000001
0.0
75.69785
15.48033
0.0
66.33513
0.0
0.0
9.27349000005
32.6766599999
10.73758
0.0
0.0
0.0
0.0
0.0
0.0
0.0
0.0
0.0
0.0
10.4229799999
23.89537
0.0
0.0
12.4601100001
19.12053
30.25997
0.0
0.0
0.0
19.6004999999
25.34351
0.0
6.65752999985
0.0
0.0
13.6738
0.0
0.0
0.0
0.0
54.2433000001
17.0479299999
0.0
0.0
0.0
0.0
9.57326999994
0.0
0.0
0.0
14.92006
0.0
0.0
0.0
18.1476800001
0.0
14.78096
11.0557600001
24.3312200002
15.1922800001
3.60459
31.63699
9.92078000004
15.2718000001
9.01795999997
31.6021299999
0.0
0.0
8.89368999994
0.0
0.0
4.17764999997
0.0
0.0
20.3749999999
0.0
17.7029800001
0.0
0.0
36.63473
0.0
10.9635099999
0.0
9.23175999976
0.0
0.0
0.0
0.0
8.48409000004
0.0
3.47080000013
7.72791999998
18.7051100001
0.0
34.48763
10.07283
42.5692899999
0.0
0.0
26.0724099999
0.0
7.10571000003
0.0
0.0
13.6250600001
0.0
5.77166999993
0.0
0.0
0.0
51.07086
0.0
22.68619
0.0
0.0
0.0
0.0
0.0
0.0
12.97557
0.0
