0.0
0.0
0.0
0.0
0.0
0.0
0.0
0.0
11.90067
0.0
4.77377999993
0.0
0.0
0.0
0.0
0.0
32.74066
0.0
0.0
11.7753699999
0.0
0.0
0.0
0.0
0.0
0.0
0.0
0.0
0.0
0.0
0.0
0.0
13.55868
0.0
0.0
0.0
0.0
0.0
12.29415
0.0
5.76312999998
10.7027
0.0
0.0
0.0
32.52293
7.95657000004
11.03492
0.0
0.0
0.0
11.7363099999
0.0
33.86861
0.0
0.0
0.0
0.0
25.83893
0.0
5.72329000011
0.0
0.0
9.91358000005
0.0
7.73710999999
0.0
8.07574
17.5642700002
7.15733000007
16.40847
12.24976
8.15308999992
0.0
0.0
0.0
22.00945
4.39029000001
0.0
0.0
0.0
0.0
0.0
0.0
0.0
19.5898300001
0.0
0.0
0.0
0.0
0.0
0.0
11.3639799999
21.6770499999
0.0
13.1353300001
0.0
0.0
0.0
0.0
0.0
0.0
0.0
0.0
0.0
11.60167
0.0
0.0
0.0
0.0
0.0
0.0
18.01805
0.0
16.0696
0.0
0.0
0.0
0.0
0.0
0.0
0.0
0.0
0.0
0.0
0.0
7.88829999988
0.0
0.0
13.32294
0.0
0.0
10.82017
0.0
0.0
0.0
8.61402999994
0.0
0.0
0.0
0.0
0.0
36.7260500001
37.36835
0.0
0.0
0.0
0.0
12.46179
0.0
0.0
15.86399
15.2559199999
0.0
0.0
0.0
0.0
0.0
0.0
6.31125999999
6.71389000001
0.0
0.0
0.0
0.0
0.0
0.0
14.48814
0.0
0.0
15.67597
12.30909
0.0
4.73672000004
0.0
0.0
10.84083
0.0
15.22387
7.58606
10.51159
0.0
0.0
0.0
0.0
6.16465999989
0.0
0.0
8.37651999993
0.0
30.6762099999
13.6913000001
17.4112699999
0.0
11.7736699999
0.0
0.0
35.25491
0.0
5.69961999997
9.15269999998
0.0
0.0
7.49115999998
0.0
0.0
5.83307000005
0.0
33.3569600001
0.0
0.0
0.0
0.0
0.0
0.0
0.0
0.0
0.0
5.74601999996
7.03821999999
17.67987
0.0
0.0
0.0
0.0
0.0
0.0
0.0
0.0
0.0
0.0
0.0
0.0
0.0
16.3475
0.0
0.0
0.0
0.0
0.0
0.0
7.48582000006
0.0
0.0
0.0
0.0
26.6846599999
0.0
0.0
0.0
0.0
7.92787999997
0.0
7.23329000012
0.0
0.0
0.0
10.12521
0.0
0.0
8.80295000004
0.0
0.0
0.0
10.3302400002
12.47903
0.0
27.5531799999
0.0
8.57430000021
0.0
8.99801999994
0.0
0.0
0.0
0.0
0.0
0.0
7.34208000009
0.0
0.0
0.0
0.0
0.0
0.0
0.0
0.0
0.0
0.0
0.0
0.0
0.0
9.70519000001
7.95757999993
0.0
0.0
0.0
0.0
8.52324000001
0.0
18.16893
10.85071
6.04574999993
7.20284000004
0.0
0.0
19.3405299999
0.0
0.0
0.0
11.01009
12.38174
13.19693
0.0
0.0
0.0
0.0
0.0
0.0
0.0
0.0
0.0
10.8088699999
0.0
0.0
0.0
4.72814000002
0.0
0.0
0.0
9.26841000002
0.0
0.0
9.96604999993
0.0
0.0
0.0
0.0
0.0
0.0
9.65271000005
0.0
7.33269000007
9.92249999999
13.00969
0.0
0.0
0.0
9.81016999995
0.0
0.0
0.0
17.3023900001
0.0
0.0
0.0
0.0
0.0
0.0
0.0
0.0
9.71239
18.65868
0.0
0.0
0.0
9.84377000004
12.2470500001
30.17953
0.0
16.8832299999
0.0
29.64069
0.0
0.0
11.64377
11.06392
0.0
0.0
9.46475000004
6.30172999995
0.0
0.0
10.2653499999
0.0
0.0
7.75968999998
0.0
0.0
0.0
0.0
12.1234899999
10.74068
0.0
0.0
0.0
0.0
0.0
0.0
0.0
0.0
0.0
0.0
0.0
0.0
0.0
0.0
0.0
19.37098
0.0
0.0
0.0
0.0
6.62154999992
0.0
9.04501999996
0.0
0.0
0.0
12.06042
0.0
9.22358999995
0.0
0.0
0.0
0.0
0.0
0.0
4.29521999997
0.0
0.0
0.0
0.0
0.0
0.0
0.0
0.0
0.0
11.39663
14.0116900001
0.0
0.0
0.0
0.0
0.0
0.0
0.0
0.0
11.84791
0.0
0.0
0.0
20.05721
0.0
0.0
0.0
5.90613999998
0.0
0.0
0.0
0.0
0.0
0.0
0.0
0.0
0.0
0.0
0.0
0.0
0.0
0.0
0.0
0.0
0.0
0.0
7.39089000004
8.57099999988
0.0
0.0
6.71857999999
0.0
0.0
8.84267999989
0.0
0.0
0.0
0.0
0.0
0.0
9.22328000003
0.0
0.0
5.25547999993
5.58657000004
0.0
0.0
0.0
0.0
0.0
0.0
0.0
0.0
0.0
11.0049899999
14.91042
0.0
0.0
0.0
0.0
12.9134099999
0.0
0.0
10.39405
15.2246800001
0.0
12.79179
0.0
15.423
0.0
0.0
7.85564000008
0.0
19.16501
0.0
0.0
0.0
7.33056999987
8.6346799999
0.0
0.0
0.0
0.0
13.40708
0.0
9.90538999997
0.0
0.0
5.71126000001
0.0
15.57175
0.0
0.0
6.76023999997
21.21212
0.0
0.0
0.0
0.0
0.0
10.47223
0.0
7.01177999994
6.10824999993
0.0
9.80902000004
0.0
0.0
0.0
0.0
0.0
6.48096000007
0.0
0.0
0.0
0.0
9.11402999994
0.0
0.0
0.0
0.0
0.0
10.3275700001
0.0
0.0
5.69355999993
0.0
0.0
15.5393300001
0.0
0.0
0.0
0.0
20.34444
0.0
0.0
0.0
9.83441999997
0.0
0.0
0.0
0.0
0.0
5.36599000008
0.0
6.90232000011
0.0
0.0
0.0
0.0
0.0
0.0
0.0
0.0
0.0
0.0
0.0
0.0
0.0
0.0
0.0
13.4225
0.0
0.0
0.0
0.0
0.0
0.0
16.5374700002
0.0
0.0
0.0
0.0
14.7697399999
0.0
0.0
0.0
14.7400499999
0.0
0.0
0.0
0.0
9.87471999996
0.0
10.93553
25.62648
0.0
0.0
0.0
0.0
0.0
0.0
0.0
0.0
50.6080099999
0.0
0.0
0.0
0.0
0.0
0.0
0.0
6.83261000004
0.0
0.0
39.99641
9.29310000001
8.46946000005
0.0
0.0
16.6141
0.0
9.51977000013
18.5287400001
0.0
0.0
0.0
0.0
0.0
0.0
0.0
0.0
0.0
0.0
0.0
0.0
0.0
0.0
28.54758
0.0
0.0
18.57993
0.0
0.0
0.0
20.23354
0.0
0.0
13.73253
0.0
0.0
0.0
0.0
0.0
8.88665
0.0
0.0
0.0
0.0
17.34721
0.0
0.0
0.0
0.0
0.0
24.0196
15.27204
6.79483000003
0.0
0.0
0.0
0.0
6.23090999993
0.0
0.0
0.0
0.0
0.0
0.0
0.0
21.2991599999
0.0
19.64486
0.0
0.0
0.0
0.0
9.83754999994
0.0
0.0
14.9367899999
0.0
10.1439400001
0.0
0.0
0.0
12.89752
0.0
10.56535
0.0
0.0
0.0
0.0
0.0
0.0
0.0
0.0
0.0
0.0
12.43664
0.0
0.0
0.0
0.0
0.0
14.66807
0.0
0.0
0.0
0.0
8.73251999996
0.0
0.0
0.0
0.0
0.0
0.0
0.0
0.0
0.0
0.0
13.32129
0.0
0.0
0.0
13.4902999999
0.0
0.0
13.65624
0.0
0.0
15.10161
8.09574999998
0.0
0.0
0.0
0.0
8.74038999993
0.0
26.2471700001
0.0
0.0
0.0
9.52341000002
0.0
0.0
6.01873000001
0.0
0.0
0.0
0.0
17.52533
0.0
5.44929999998
11.80751
0.0
0.0
0.0
0.0
0.0
16.04096
7.14793000009
0.0
0.0
7.15541000001
7.84463999991
0.0
0.0
12.0991300001
0.0
0.0
5.02429000009
7.16590999998
0.0
22.2619800001
0.0
10.7165900001
5.48077000002
0.0
0.0
4.60714999994
0.0
10.01526
11.3913
0.0
14.57536
0.0
0.0
0.0
0.0
0.0
0.0
0.0
0.0
0.0
0.0
0.0
0.0
0.0
0.0
0.0
0.0
0.0
0.0
8.80935
3.99648000009
0.0
3.42394000001
7.81496000011
0.0
0.0
0.0
15.05207
0.0
0.0
0.0
10.4791
0.0
0.0
4.11659999995
0.0
3.47447000002
0.0
0.0
13.9374399999
6.34088000003
0.0
9.65285000007
0.0
7.01277999999
0.0
0.0
0.0
12.3144599999
10.2653799999
0.0
0.0
10.9257700001
0.0
13.78677
0.0
0.0
0.0
0.0
0.0
18.0251699999
0.0
0.0
0.0
0.0
0.0
0.0
0.0
10.5739300001
0.0
0.0
7.40500000003
4.28334999993
0.0
0.0
20.7993599999
0.0
16.0958
0.0
0.0
0.0
40.5170699999
0.0
26.73573
0.0
9.38193999999
22.3595199999
0.0
0.0
11.853
0.0
0.0
0.0
12.08127
8.06724000012
0.0
0.0
6.57558000006
0.0
0.0
22.3960099999
0.0
0.0
0.0
6.36365999992
0.0
9.52393000002
22.12066
0.0
0.0
0.0
0.0
7.10657999991
0.0
0.0
0.0
0.0
0.0
0.0
0.0
21.00577
0.0
0.0
49.7767599999
10.04371
0.0
0.0
0.0
10.17998
13.4095700001
0.0
0.0
0.0
0.0
0.0
0.0
24.90964
0.0
0.0
0.0
10.25647
0.0
8.71583999996
7.05464999995
13.6152900001
0.0
6.62918999989
0.0
9.52477999998
0.0
7.76344000001
10.7386699999
0.0
0.0
11.63144
0.0
0.0
0.0
0.0
0.0
0.0
0.0
5.30119000003
0.0
8.64217000001
20.27461
