22
8 8 1
0 7.2 11.3 12.9 13.1 25.1 33.5 41.6
0.3600749 0 10.1 11.9 12.3 24.8 33.3 41.8
0.59308105 0.52024945 0 12.8 13.2 26.7 32.7 43.5
0.68657462 0.62419164 0.68394386 0 12.1 25.6 33 43.1
0.70324031 0.6535388 0.70619899 0.63665078 0 24.6 33.9 41.8
1.6234539 1.5994763 1.7589324 1.6586481 1.5745503 0 35.4 41
2.3456174 2.3218101 2.2730849 2.290443 2.3949579 2.5420573 0 53.1
3.5104459 3.5328793 3.7449565 3.6871891 3.51866 3.4767538 5.007216 0
8 8 2
0 7.7 11.6 13.7 15.3 33.9 30.3 67.5
1.5505622 0 9.6 11.2 13 35 30.5 66.4
2.4396782 1.9613877 0 12.3 13.9 36 34 69.2
2.9835545 2.3533232 2.6200094 0 11.6 34.4 32.7 67.8
3.4093158 2.7966567 3.0222496 2.4221678 0 34.1 30.8 69
9.8607847 10.38307 10.744501 10.044747 9.9357104 0 35.5 62.4
8.4867352 8.6003307 9.9233108 9.4818734 8.7393656 10.769055 0 70
34.59984 33.322482 36.144857 33.932859 35.987324 28.950059 36.47343 0
8 8 3
0 8.8 13.1 16 19.2 32.3 41.2 48.7
0.50273159 0 10.7 14.2 15.8 31.2 40.3 47.8
0.79103093 0.63080465 0 15.3 17.1 31.3 39.4 51.2
1.00375 0.8704781 0.95456914 0 14.4 32 39.3 49
1.2686071 0.99828297 1.0989632 0.89078514 0 30.8 39.2 49.6
2.6097734 2.4779682 2.5114436 2.5852044 2.4462727 0 43.8 46.9
3.6072106 3.4937263 3.4028443 3.3598801 3.3477292 3.9851915 0 61.6
5.0837404 4.9451046 5.5481572 5.1258882 5.2404257 4.8357927 7.4494848 0
8 8 4
0 8.8 16.7 19.9 22.2 61 56.1 83.7
1.4350532 0 12.7 17 19.5 57.3 54.4 84.4
3.0150254 2.191709 0 18.4 22.1 58.6 57.2 83
3.7596274 3.0863712 3.4083364 0 18.9 60.4 57.2 83
4.3196784 3.6707509 4.3226836 3.476819 0 60.2 56.4 87.5
21.837544 19.651087 20.338011 21.273655 21.106686 0 60.1 70.8
18.686282 17.897778 19.495813 19.391868 18.723185 21.312733 0 74.2
43.527826 44.298234 42.134952 42.401111 47.197691 31.278588 33.259665 0
8 8 5
0 4.4946194 9.2 12.6 15.2 25.1 28.1 44.2
0.76119179 0 8.3 12.6 14.4 27.3 29.5 44.3
1.6571176 1.4822683 0 10.7 14.7 24.2 29.3 46.4
2.3449576 2.3435873 1.9513649 0 12.2 27.4 29 49.3
2.9366015 2.7468818 2.8081403 2.2725285 0 27.1 30.2 48.1
5.7681398 6.4202954 5.4796124 6.4263169 6.3095647 0 28.7 43.2
6.6608221 7.1096368 7.0702562 6.964712 7.3524687 6.9364337 0 47.6
13.609222 13.654086 14.63152 16.182039 15.313767 13.276067 15.193482 0
8 8 6
0 7.1 13.5 18.8 15.7 35.7 45.7 53.2
0.95855453 0 12.5 17.2 15.6 34.6 44.8 51.6
1.9904243 1.8242988 0 16.9 18.5 35 45 54.4
2.9512059 2.6393059 2.5881805 0 16.8 35.7 46 56.6
2.3739986 2.359811 2.8976441 2.5629444 0 35.1 43.4 54.7
7.2599118 7.001503 7.1146173 7.2735969 7.1237735 0 42.5 48.8
10.519931 10.190767 10.147075 10.529481 9.6213449 9.2452664 0 67.8
14.727589 14.043259 15.370765 16.205146 15.342117 12.875072 21.825682 0
8 8 7
0 7.4 10.7 13.6 15.8 33.8 42.2 53.9
1.6761902 0 12.8 14.3 17 35.9 41.1 52.5
2.5463761 3.0836668 0 16.9 18.9 33.6 40.8 57
3.3232647 3.5002063 4.289346 0 15 34.3 37.7 55.6
3.9850052 4.334453 4.9542243 3.7545281 0 37.8 42.7 55.8
11.348596 12.315183 11.094179 11.45471 13.316011 0 39.2 55.7
15.498186 14.743834 14.727554 12.993448 15.737308 13.917019 0 69.1
25.240046 23.863052 27.782702 26.122336 26.61952 26.97131 37.306378 0
8 8 8
0 7.7 14.4 20.2 21.3 62.6 44.9 68.2
1.5494913 0 13.8 18.3 19.6 59.5 44.8 68.7
3.1847527 3.0059877 0 20.1 22.5 54.6 45.9 67.6
4.7697671 4.2258945 4.7490065 0 17.5 53.6 51.1 70.7
5.1567446 4.6171193 5.5150725 3.9958175 0 53.6 50.4 69.1
27.680576 25.307885 21.9668 21.080202 21.009168 0 51 57.7
15.580575 15.609365 16.213502 19.021814 18.69565 19.041009 0 59.3
34.020885 34.669682 33.623479 35.445998 34.192439 24.762913 25.439051 0
8 8 9
0 8.4 13 15.3 15.9 62.8 44.2 71.3
0.49348816 0 12.9 14.3 15.7 62.1 43.9 71.6
0.81033579 0.80045588 0 14.6 13.8 64.1 44.7 72.5
0.97578713 0.9045768 0.92389488 0 13.3 63.6 44.3 75.7
1.0244655 1.0088601 0.86717049 0.82252108 0 62.3 43.2 73.6
8.3203422 8.1608528 8.6859229 8.4972459 8.1589964 0 62.8 79.2
4.404174 4.3657186 4.4701058 4.3846175 4.2287994 8.3349146 0 64.2
10.961082 11.007967 11.32411 12.350607 11.642383 13.652382 8.7158213 0
8 8 10
0 8.6 13.4 17.2 17 37.4 40.9 72.6
0.90660941 0 13.6 15.7 16.1 37.9 40.4 73.4
1.5008272 1.5125259 0 18.1 18.6 39.8 40.2 72
2.0082619 1.7871256 2.1266221 0 14.6 39.3 39.7 71.3
1.9765543 1.8450271 2.2029057 1.6480327 0 41.3 37.2 73.6
5.9930742 6.0855464 6.5459969 6.3871002 6.8878745 0 40.8 71.8
6.8059427 6.6337557 6.6509623 6.4952048 5.8530565 6.8511587 0 73.2
20.211637 20.61574 19.870002 19.482831 20.746824 19.613978 20.500654 0
8 8 11
0 8.7 14.4 17.5 18.7 51.2 47.3 59.1
2.4933601 0 12.8 18.7 17.6 50.7 46 60.8
4.4162842 3.838501 0 19.4 16.9 53.4 44.5 55.6
5.6369813 6.0880353 6.3827697 0 18.6 51.8 49.8 57.9
6.1100206 5.6342484 5.3519084 6.0863511 0 51.1 46.6 65
27.821386 27.193711 29.636631 27.829923 26.95409 0 52.1 62.8
23.463031 22.323007 21.171485 25.313763 22.726347 28.35987 0 59.5
36.078061 37.719884 32.338178 34.411552 41.902676 41.570836 36.140145 0
8 8 12
0 8 13.6 14.6 18.2 37 38.7 54.7
0.98828384 0 14 14 18.3 36 38.8 55.6
1.8034966 1.8610711 0 14.8 19 33.2 38 54.3
1.958471 1.8517322 1.9878435 0 14 34.8 38.5 56.9
2.5633043 2.5658312 2.706714 1.8716796 0 34.2 38.7 57.8
6.9686886 6.6683081 5.9603142 6.3914977 6.206948 0 38.5 59.9
7.5159004 7.5229393 7.2921996 7.4675284 7.5789382 7.4689198 0 62.8
13.965767 14.249887 13.899805 15.039204 15.582479 16.627041 18.117344 0
8 8 13
0 6.7 12.2 13.9 18 34.4 36.2 44.7
0.6744665 0 10 12.3 15.1 33.1 35.4 46.4
1.330562 1.0522313 0 13.3 16.8 32.5 35.9 45.9
1.5290327 1.3272743 1.4637234 0 13.2 34.5 37.5 47.5
2.0809916 1.6824152 1.9126421 1.4394509 0 31.6 37.5 49.8
5.1721713 4.8969094 4.7779513 5.1308517 4.5482993 0 30.3 43
5.6091272 5.4125297 5.5873347 5.8562937 5.8674896 4.3494904 0 44.3
8.0312117 8.4923664 8.3204973 8.6906187 9.2876541 7.7424977 8.0768141 0
8 8 14
0 7.1 12.8 14 15.6 43.3 43.5 70.2
0.63357472 0 10.9 12.9 14.6 42.1 42.3 68.4
1.2233522 1.0161961 0 15.5 17.3 42.3 41.2 67.8
1.3496311 1.2286743 1.5336232 0 14.3 41 42.8 66.7
1.5491534 1.4355214 1.7631644 1.3838648 0 41.8 44.2 69.5
6.513559 6.2077868 6.3181695 5.9329459 6.148656 0 43 66.9
6.4175381 6.1674887 5.925905 6.2044316 6.5518163 6.3694363 0 67.8
16.039962 15.18959 15.072117 14.452976 15.750222 14.719547 14.930517 0
8 8 15
0 12.2 15.9 19 19.5 37.7 49.4 73.4
2.1989258 0 13.1 15.7 18.3 35.2 50.1 75.1
2.9881598 2.3754817 0 16.2 21.7 36.9 45.5 73.4
3.7294106 2.9387537 3.0502412 0 18.5 39.7 47.5 79.9
3.847799 3.5212405 4.3746736 3.5857121 0 40 47.5 79.3
9.8117025 8.8146289 9.4192868 10.534001 10.553876 0 46 70.9
14.977569 15.204173 13.134639 14.111919 14.031657 13.141144 0 85.2
34.501171 36.081641 34.575539 41.052532 39.6515 32.019675 45.749554 0
8 8 16
0 10.6 23 24.3 25.6 61.5 59.5 72.5
1.5540082 0 19.1 21.3 25.8 60.1 59 70.5
3.9899519 3.1404302 0 23.2 28.2 57.8 55.7 74.9
4.2448401 3.594405 4.0364798 0 21.4 65.5 55.4 73.4
4.5843085 4.5913396 5.229192 3.5927141 0 65.1 54 67.5
19.583365 18.704002 17.601474 21.448833 21.274194 0 70.2 82.7
17.988304 17.620092 16.057305 15.535091 14.842199 25.396201 0 78.3
27.348563 25.837738 29.407505 27.356303 23.484866 37.350806 32.550132 0
8 8 17
0 8.4 15 19.1 19.3 44.7 52.5 83
0.86680075 0 14.2 19.8 19.5 46.2 54.3 80.9
1.6769577 1.5731644 0 17.4 18.2 45.1 49.7 85.4
2.2409617 2.3276649 1.9984886 0 17.7 48 54.3 87.8
2.294604 2.3051221 2.1190099 2.0357854 0 48.6 52.4 84.4
7.9273402 8.3508749 8.0266975 8.7532223 8.9995452 0 43.8 82.5
10.356196 10.835642 9.3616363 10.726556 10.171546 7.6088525 0 82.9
26.944013 25.353991 28.756932 29.326046 27.243967 26.75285 27.145692 0
8 8 18
0 9.3 15.2 17.4 24.9 46.4 51.4 78.3
1.1553239 0 14.1 16.4 25.5 46 49 76.8
2.0234163 1.8410859 0 17.3 25.6 44.4 51 71.7
2.3803449 2.2070408 2.3679859 0 21 48.8 48.3 75
3.7228262 3.8121714 3.8504492 2.9692459 0 55.4 55.1 86.6
10.00278 9.8132447 9.2899085 10.75986 12.834211 0 48.3 70.5
11.914237 10.9309 11.690921 10.647895 13.042413 10.683127 0 79.4
27.824561 26.664351 23.295332 25.52079 32.804842 22.729707 29.097128 0
8 8 19
0 10.3 18 21.7 23 50.6 50.8 76
0.76151101 0 16.6 20.2 22.2 50.6 50.9 74.8
1.4662991 1.3282875 0 22.9 22.3 51.1 50.4 72.8
1.8471769 1.685259 1.9803368 0 21.5 51.6 52 74.4
1.9990856 1.9119043 1.9255887 1.8241833 0 50.2 52.3 72.3
6.8731445 6.8248705 6.9796652 7.0030627 6.742103 0 58.2 68.6
6.8602955 6.8675867 6.7822378 7.0622533 7.1724423 8.8587819 0 78.2
15.101371 14.742734 14.095142 14.481307 13.81012 12.501442 16.363397 0
8 8 20
0 8.4 12.6 16.8 18.8 37.5 44.4 86.1
1.2020272 0 11.2 15.6 17.3 37.1 42.4 88.5
1.8925535 1.6345814 0 14.8 18.1 36.8 43.1 88
2.6584575 2.416879 2.2826165 0 17.5 38.7 43.9 95.6
3.0168107 2.7203443 2.8815647 2.7740491 0 40.8 44.5 93.9
8.1999496 8.0765196 7.9834366 8.5530766 9.1822268 0 41.6 78.9
10.635094 9.8325621 10.155689 10.404621 10.519927 9.7318907 0 89.4
39.634422 42.177968 41.311049 49.612566 47.157299 33.006839 43.096959 0
8 8 21
0 11.6 18.9 21.3 23.7 59.2 65.2 114
1.0854412 0 14.8 19 20 58.4 64 111.1
1.9382787 1.4341102 0 20.4 21 59.2 64.3 108.4
2.2547981 1.9505354 2.124409 0 18.8 58.1 65.4 109.3
2.5735951 2.0595468 2.1963506 1.9130714 0 58.1 65.5 109.3
11.176069 10.840068 11.113472 10.791759 10.811043 0 64.5 115.1
13.327841 12.74486 12.811276 13.215539 13.344933 13.126648 0 119.2
50.534922 46.204393 44.510583 44.72055 46.001872 53.81039 56.991201 0
8 8 22
0 7.9 12.2 14.4 16.8 31.6 30.2 58.9
0.7699894 0 11.3 13.5 15.9 31.9 29.7 56.1
1.2549834 1.1475468 0 12.5 16.3 31.4 29.4 58.9
1.5171133 1.3993858 1.2848758 0 13.3 31.6 29.1 56
1.8101621 1.6874413 1.7488838 1.3725851 0 35.2 31.8 58.3
4.3785391 4.4632575 4.3428808 4.3774507 5.0598313 0 33 61.2
4.0051571 3.9041755 3.8718895 3.7989386 4.2544804 4.7504649 0 58.5
12.546964 11.459381 12.393994 11.348548 11.857486 13.685197 12.282779 0
