-729160.22597	-729153.22111	-729153.22111	-729153.22111	-729153.22111	-729153.22111	-729153.22111	-729153.22111	-729153.22111	-729153.22111	-729153.22111	-729153.22111	-729153.22111	-729153.22111	-729153.22111	-729153.22111	-729153.22111	-729153.22111	-729153.22111	-729153.22111	-729153.22111	-729153.22111	-729153.22111	-729153.22111	-729153.22111	
-729160.22597	-729160.22597	-729160.22597	-729160.22597	-729160.22597	-729160.22597	-729160.22597	-729160.22597	-729160.22597	-729160.22597	-729160.22597	-729160.22597	-729160.22597	-729160.22597	-729160.22597	-729160.22597	-729160.22597	-729160.22597	-729160.22597	-729160.22597	-729160.22597	-729160.22597	-729160.22597	-729160.22597	-729160.22597	
-729160.22597	-729155.44056	-729155.44056	-729155.44056	-729155.44056	-729155.44056	-729155.44056	-729155.44056	-729155.44056	-729155.44056	-729155.44056	-729155.44056	-729155.44056	-729155.44056	-729155.44056	-729155.44056	-729155.44056	-729155.44056	-729155.44056	-729155.44056	-729155.44056	-729155.44056	-729155.44056	-729155.44056	-729155.44056	
-729160.22597	-729141.12142	-729141.12142	-729141.12142	-729141.12142	-729141.12142	-729141.12142	-729141.12142	-729141.12142	-729141.12142	-729141.12142	-729141.12142	-729141.12142	-729141.12142	-729141.12142	-729141.12142	-729141.12142	-729141.12142	-729141.12142	-729141.12142	-729141.12142	-729141.12142	-729141.12142	-729141.12142	-729141.12142	
-729160.22597	-729160.22597	-729160.22597	-729160.22597	-729160.22597	-729160.22597	-729160.22597	-729160.22597	-729160.22597	-729160.22597	-729160.22597	-729160.22597	-729160.22597	-729160.22597	-729160.22597	-729160.22597	-729160.22597	-729160.22597	-729160.22597	-729160.22597	-729160.22597	-729160.22597	-729160.22597	-729160.22597	-729160.22597	
-729160.22597	-729160.22597	-729160.22597	-729160.22597	-729160.22597	-729160.22597	-729160.22597	-729160.22597	-729160.22597	-729160.22597	-729160.22597	-729160.22597	-729160.22597	-729160.22597	-729160.22597	-729160.22597	-729160.22597	-729160.22597	-729160.22597	-729160.22597	-729160.22597	-729160.22597	-729160.22597	-729160.22597	-729160.22597	
-729160.22597	-729160.22597	-729160.22597	-729160.22597	-729160.22597	-729160.22597	-729160.22597	-729160.22597	-729160.22597	-729160.22597	-729160.22597	-729160.22597	-729160.22597	-729160.22597	-729160.22597	-729160.22597	-729160.22597	-729160.22597	-729160.22597	-729160.22597	-729160.22597	-729160.22597	-729160.22597	-729160.22597	-729160.22597	
-729160.22597	-729160.22597	-729160.22597	-729160.22597	-729160.22597	-729160.22597	-729160.22597	-729160.22597	-729160.22597	-729160.22597	-729160.22597	-729160.22597	-729160.22597	-729160.22597	-729160.22597	-729160.22597	-729160.22597	-729160.22597	-729160.22597	-729160.22597	-729160.22597	-729160.22597	-729160.22597	-729160.22597	-729160.22597	
-729160.22597	-729160.22597	-729160.22597	-729160.22597	-729160.22597	-729160.22597	-729160.22597	-729160.22597	-729160.22597	-729160.22597	-729160.22597	-729160.22597	-729160.22597	-729160.22597	-729160.22597	-729160.22597	-729160.22597	-729160.22597	-729160.22597	-729160.22597	-729160.22597	-729160.22597	-729160.22597	-729160.22597	-729160.22597	
-729160.22597	-729160.22597	-729160.22597	-729160.22597	-729160.22597	-729160.22597	-729160.22597	-729160.22597	-729160.22597	-729160.22597	-729160.22597	-729160.22597	-729160.22597	-729160.22597	-729160.22597	-729160.22597	-729160.22597	-729160.22597	-729160.22597	-729160.22597	-729160.22597	-729160.22597	-729160.22597	-729160.22597	-729160.22597	
-729160.22597	-729160.22597	-729160.22597	-729160.22597	-729160.22597	-729160.22597	-729160.22597	-729160.22597	-729160.22597	-729160.22597	-729160.22597	-729160.22597	-729160.22597	-729160.22597	-729160.22597	-729160.22597	-729160.22597	-729160.22597	-729160.22597	-729160.22597	-729160.22597	-729160.22597	-729160.22597	-729160.22597	-729160.22597	
-729160.22597	-729149.17264	-729149.17264	-729149.17264	-729149.17264	-729149.17264	-729149.17264	-729149.17264	-729149.17264	-729149.17264	-729149.17264	-729149.17264	-729149.17264	-729149.17264	-729149.17264	-729149.17264	-729149.17264	-729149.17264	-729149.17264	-729149.17264	-729149.17264	-729149.17264	-729149.17264	-729149.17264	-729149.17264	
-729160.22597	-729151.71609	-729151.71609	-729151.71609	-729151.71609	-729151.71609	-729151.71609	-729151.71609	-729151.71609	-729151.71609	-729151.71609	-729151.71609	-729151.71609	-729151.71609	-729151.71609	-729151.71609	-729151.71609	-729151.71609	-729151.71609	-729151.71609	-729151.71609	-729151.71609	-729151.71609	-729151.71609	-729151.71609	
-729160.22597	-729160.22597	-729160.22597	-729160.22597	-729160.22597	-729160.22597	-729160.22597	-729160.22597	-729160.22597	-729160.22597	-729160.22597	-729160.22597	-729160.22597	-729160.22597	-729160.22597	-729160.22597	-729160.22597	-729160.22597	-729160.22597	-729160.22597	-729160.22597	-729160.22597	-729160.22597	-729160.22597	-729160.22597	
-729160.22597	-729160.22597	-729160.22597	-729160.22597	-729160.22597	-729160.22597	-729160.22597	-729160.22597	-729160.22597	-729160.22597	-729160.22597	-729160.22597	-729160.22597	-729160.22597	-729160.22597	-729160.22597	-729160.22597	-729160.22597	-729160.22597	-729160.22597	-729160.22597	-729160.22597	-729160.22597	-729160.22597	-729160.22597	
-729160.22597	-729160.22597	-729160.22597	-729160.22597	-729160.22597	-729160.22597	-729160.22597	-729160.22597	-729160.22597	-729160.22597	-729160.22597	-729160.22597	-729160.22597	-729160.22597	-729160.22597	-729160.22597	-729160.22597	-729160.22597	-729160.22597	-729160.22597	-729160.22597	-729160.22597	-729160.22597	-729160.22597	-729160.22597	
-729160.22597	-729160.22597	-729160.22597	-729160.22597	-729160.22597	-729160.22597	-729160.22597	-729160.22597	-729160.22597	-729160.22597	-729160.22597	-729160.22597	-729160.22597	-729160.22597	-729160.22597	-729160.22597	-729160.22597	-729160.22597	-729160.22597	-729160.22597	-729160.22597	-729160.22597	-729160.22597	-729160.22597	-729160.22597	
-729160.22597	-729160.22597	-729160.22597	-729160.22597	-729160.22597	-729160.22597	-729160.22597	-729160.22597	-729160.22597	-729160.22597	-729160.22597	-729160.22597	-729160.22597	-729160.22597	-729160.22597	-729160.22597	-729160.22597	-729160.22597	-729160.22597	-729160.22597	-729160.22597	-729160.22597	-729160.22597	-729160.22597	-729160.22597	
-729160.22597	-729160.22597	-729160.22597	-729160.22597	-729160.22597	-729160.22597	-729160.22597	-729160.22597	-729160.22597	-729160.22597	-729160.22597	-729160.22597	-729160.22597	-729160.22597	-729160.22597	-729160.22597	-729160.22597	-729160.22597	-729160.22597	-729160.22597	-729160.22597	-729160.22597	-729160.22597	-729160.22597	-729160.22597	
-729160.22597	-729146.53338	-729146.53338	-729146.53338	-729146.53338	-729146.53338	-729146.53338	-729146.53338	-729146.53338	-729146.53338	-729146.53338	-729146.53338	-729146.53338	-729146.53338	-729146.53338	-729146.53338	-729146.53338	-729146.53338	-729146.53338	-729146.53338	-729146.53338	-729146.53338	-729146.53338	-729146.53338	-729146.53338	
-729160.22597	-729160.22597	-729160.22597	-729160.22597	-729160.22597	-729160.22597	-729160.22597	-729160.22597	-729160.22597	-729160.22597	-729160.22597	-729160.22597	-729160.22597	-729160.22597	-729160.22597	-729160.22597	-729160.22597	-729160.22597	-729160.22597	-729160.22597	-729160.22597	-729160.22597	-729160.22597	-729160.22597	-729160.22597	
-729160.22597	-729151.37272	-729151.37272	-729151.37272	-729151.37272	-729151.37272	-729151.37272	-729151.37272	-729151.37272	-729151.37272	-729151.37272	-729151.37272	-729151.37272	-729151.37272	-729151.37272	-729151.37272	-729151.37272	-729151.37272	-729151.37272	-729151.37272	-729151.37272	-729151.37272	-729151.37272	-729151.37272	-729151.37272	
-729160.22597	-729160.22597	-729160.22597	-729160.22597	-729160.22597	-729160.22597	-729160.22597	-729160.22597	-729160.22597	-729160.22597	-729160.22597	-729160.22597	-729160.22597	-729160.22597	-729160.22597	-729160.22597	-729160.22597	-729160.22597	-729160.22597	-729160.22597	-729160.22597	-729160.22597	-729160.22597	-729160.22597	-729160.22597	
-729160.22597	-729160.22597	-729160.22597	-729160.22597	-729160.22597	-729160.22597	-729160.22597	-729160.22597	-729160.22597	-729160.22597	-729160.22597	-729160.22597	-729160.22597	-729160.22597	-729160.22597	-729160.22597	-729160.22597	-729160.22597	-729160.22597	-729160.22597	-729160.22597	-729160.22597	-729160.22597	-729160.22597	-729160.22597	
-729160.22597	-729147.24554	-729147.24554	-729147.24554	-729147.24554	-729147.24554	-729147.24554	-729147.24554	-729147.24554	-729147.24554	-729147.24554	-729147.24554	-729147.24554	-729147.24554	-729147.24554	-729147.24554	-729147.24554	-729147.24554	-729147.24554	-729147.24554	-729147.24554	-729147.24554	-729147.24554	-729147.24554	-729147.24554	
-729160.22597	-729160.22597	-729160.22597	-729160.22597	-729160.22597	-729160.22597	-729160.22597	-729160.22597	-729160.22597	-729160.22597	-729160.22597	-729160.22597	-729160.22597	-729160.22597	-729160.22597	-729160.22597	-729160.22597	-729160.22597	-729160.22597	-729160.22597	-729160.22597	-729160.22597	-729160.22597	-729160.22597	-729160.22597	
-729160.22597	-729150.64863	-729150.64863	-729150.64863	-729150.64863	-729150.64863	-729150.64863	-729150.64863	-729150.64863	-729150.64863	-729150.64863	-729150.64863	-729150.64863	-729150.64863	-729150.64863	-729150.64863	-729150.64863	-729150.64863	-729150.64863	-729150.64863	-729150.64863	-729150.64863	-729150.64863	-729150.64863	-729150.64863	
-729160.22597	-729148.43535	-729148.43535	-729148.43535	-729148.43535	-729148.43535	-729148.43535	-729148.43535	-729148.43535	-729148.43535	-729148.43535	-729148.43535	-729148.43535	-729148.43535	-729148.43535	-729148.43535	-729148.43535	-729148.43535	-729148.43535	-729148.43535	-729148.43535	-729148.43535	-729148.43535	-729148.43535	-729148.43535	
-729160.22597	-729160.22597	-729160.22597	-729160.22597	-729160.22597	-729160.22597	-729160.22597	-729160.22597	-729160.22597	-729160.22597	-729160.22597	-729160.22597	-729160.22597	-729160.22597	-729160.22597	-729160.22597	-729160.22597	-729160.22597	-729160.22597	-729160.22597	-729160.22597	-729160.22597	-729160.22597	-729160.22597	-729160.22597	
-729160.22597	-729151.81881	-729151.81881	-729151.81881	-729151.81881	-729151.81881	-729151.81881	-729151.81881	-729151.81881	-729151.81881	-729151.81881	-729151.81881	-729151.81881	-729151.81881	-729151.81881	-729151.81881	-729151.81881	-729151.81881	-729151.81881	-729151.81881	-729151.81881	-729151.81881	-729151.81881	-729151.81881	-729151.81881	
-729160.22597	-729160.22597	-729160.22597	-729160.22597	-729160.22597	-729160.22597	-729160.22597	-729160.22597	-729160.22597	-729160.22597	-729160.22597	-729160.22597	-729160.22597	-729160.22597	-729160.22597	-729160.22597	-729160.22597	-729160.22597	-729160.22597	-729160.22597	-729160.22597	-729160.22597	-729160.22597	-729160.22597	-729160.22597	
-729160.22597	-729149.58105	-729139.08792	-729139.08792	-729139.08792	-729139.08792	-729139.08792	-729139.08792	-729139.08792	-729139.08792	-729139.08792	-729139.08792	-729139.08792	-729139.08792	-729139.08792	-729139.08792	-729139.08792	-729139.08792	-729139.08792	-729139.08792	-729139.08792	-729139.08792	-729139.08792	-729139.08792	-729139.08792	
-729160.22597	-729160.22597	-729160.22597	-729160.22597	-729160.22597	-729160.22597	-729160.22597	-729160.22597	-729160.22597	-729160.22597	-729160.22597	-729160.22597	-729160.22597	-729160.22597	-729160.22597	-729160.22597	-729160.22597	-729160.22597	-729160.22597	-729160.22597	-729160.22597	-729160.22597	-729160.22597	-729160.22597	-729160.22597	
-729160.22597	-729149.46205	-729132.31313	-729132.31313	-729132.31313	-729132.31313	-729132.31313	-729132.31313	-729132.31313	-729132.31313	-729132.31313	-729132.31313	-729132.31313	-729132.31313	-729132.31313	-729132.31313	-729132.31313	-729132.31313	-729132.31313	-729132.31313	-729132.31313	-729132.31313	-729132.31313	-729132.31313	-729132.31313	
-729160.22597	-729160.22597	-729160.22597	-729160.22597	-729160.22597	-729160.22597	-729160.22597	-729160.22597	-729160.22597	-729160.22597	-729160.22597	-729160.22597	-729160.22597	-729160.22597	-729160.22597	-729160.22597	-729160.22597	-729160.22597	-729160.22597	-729160.22597	-729160.22597	-729160.22597	-729160.22597	-729160.22597	-729160.22597	
-729160.22597	-729160.22597	-729160.22597	-729160.22597	-729160.22597	-729160.22597	-729160.22597	-729160.22597	-729160.22597	-729160.22597	-729160.22597	-729160.22597	-729160.22597	-729160.22597	-729160.22597	-729160.22597	-729160.22597	-729160.22597	-729160.22597	-729160.22597	-729160.22597	-729160.22597	-729160.22597	-729160.22597	-729160.22597	
-729160.22597	-729160.22597	-729160.22597	-729160.22597	-729160.22597	-729160.22597	-729160.22597	-729160.22597	-729160.22597	-729160.22597	-729160.22597	-729160.22597	-729160.22597	-729160.22597	-729160.22597	-729160.22597	-729160.22597	-729160.22597	-729160.22597	-729160.22597	-729160.22597	-729160.22597	-729160.22597	-729160.22597	-729160.22597	
-729160.22597	-729155.48008	-729155.48008	-729155.48008	-729155.48008	-729155.48008	-729155.48008	-729155.48008	-729155.48008	-729155.48008	-729155.48008	-729155.48008	-729155.48008	-729155.48008	-729155.48008	-729155.48008	-729155.48008	-729155.48008	-729155.48008	-729155.48008	-729155.48008	-729155.48008	-729155.48008	-729155.48008	-729155.48008	
-729160.22597	-729160.22597	-729160.22597	-729160.22597	-729160.22597	-729160.22597	-729160.22597	-729160.22597	-729160.22597	-729160.22597	-729160.22597	-729160.22597	-729160.22597	-729160.22597	-729160.22597	-729160.22597	-729160.22597	-729160.22597	-729160.22597	-729160.22597	-729160.22597	-729160.22597	-729160.22597	-729160.22597	-729160.22597	
-729160.22597	-729149.22442	-729149.22442	-729149.22442	-729149.22442	-729149.22442	-729149.22442	-729149.22442	-729149.22442	-729149.22442	-729149.22442	-729149.22442	-729149.22442	-729149.22442	-729149.22442	-729149.22442	-729149.22442	-729149.22442	-729149.22442	-729149.22442	-729149.22442	-729149.22442	-729149.22442	-729149.22442	-729149.22442	
-729160.22597	-729160.22597	-729160.22597	-729160.22597	-729160.22597	-729160.22597	-729160.22597	-729160.22597	-729160.22597	-729160.22597	-729160.22597	-729160.22597	-729160.22597	-729160.22597	-729160.22597	-729160.22597	-729160.22597	-729160.22597	-729160.22597	-729160.22597	-729160.22597	-729160.22597	-729160.22597	-729160.22597	-729160.22597	
-729160.22597	-729160.22597	-729160.22597	-729160.22597	-729160.22597	-729160.22597	-729160.22597	-729160.22597	-729160.22597	-729160.22597	-729160.22597	-729160.22597	-729160.22597	-729160.22597	-729160.22597	-729160.22597	-729160.22597	-729160.22597	-729160.22597	-729160.22597	-729160.22597	-729160.22597	-729160.22597	-729160.22597	-729160.22597	
-729160.22597	-729160.22597	-729160.22597	-729160.22597	-729160.22597	-729160.22597	-729160.22597	-729160.22597	-729160.22597	-729160.22597	-729160.22597	-729160.22597	-729160.22597	-729160.22597	-729160.22597	-729160.22597	-729160.22597	-729160.22597	-729160.22597	-729160.22597	-729160.22597	-729160.22597	-729160.22597	-729160.22597	-729160.22597	
-729160.22597	-729149.50806	-729132.97102	-729132.97102	-729132.97102	-729132.97102	-729132.97102	-729132.97102	-729132.97102	-729132.97102	-729132.97102	-729132.97102	-729132.97102	-729132.97102	-729132.97102	-729132.97102	-729132.97102	-729132.97102	-729132.97102	-729132.97102	-729132.97102	-729132.97102	-729132.97102	-729132.97102	-729132.97102	
-729160.22597	-729160.22597	-729160.22597	-729160.22597	-729160.22597	-729160.22597	-729160.22597	-729160.22597	-729160.22597	-729160.22597	-729160.22597	-729160.22597	-729160.22597	-729160.22597	-729160.22597	-729160.22597	-729160.22597	-729160.22597	-729160.22597	-729160.22597	-729160.22597	-729160.22597	-729160.22597	-729160.22597	-729160.22597	
-729160.22597	-729160.22597	-729160.22597	-729160.22597	-729160.22597	-729160.22597	-729160.22597	-729160.22597	-729160.22597	-729160.22597	-729160.22597	-729160.22597	-729160.22597	-729160.22597	-729160.22597	-729160.22597	-729160.22597	-729160.22597	-729160.22597	-729160.22597	-729160.22597	-729160.22597	-729160.22597	-729160.22597	-729160.22597	
-729160.22597	-729160.22597	-729160.22597	-729160.22597	-729160.22597	-729160.22597	-729160.22597	-729160.22597	-729160.22597	-729160.22597	-729160.22597	-729160.22597	-729160.22597	-729160.22597	-729160.22597	-729160.22597	-729160.22597	-729160.22597	-729160.22597	-729160.22597	-729160.22597	-729160.22597	-729160.22597	-729160.22597	-729160.22597	
-729160.22597	-729160.22597	-729160.22597	-729160.22597	-729160.22597	-729160.22597	-729160.22597	-729160.22597	-729160.22597	-729160.22597	-729160.22597	-729160.22597	-729160.22597	-729160.22597	-729160.22597	-729160.22597	-729160.22597	-729160.22597	-729160.22597	-729160.22597	-729160.22597	-729160.22597	-729160.22597	-729160.22597	-729160.22597	
-729160.22597	-729160.22597	-729160.22597	-729160.22597	-729160.22597	-729160.22597	-729160.22597	-729160.22597	-729160.22597	-729160.22597	-729160.22597	-729160.22597	-729160.22597	-729160.22597	-729160.22597	-729160.22597	-729160.22597	-729160.22597	-729160.22597	-729160.22597	-729160.22597	-729160.22597	-729160.22597	-729160.22597	-729160.22597	
-729160.22597	-729145.59745	-729145.59745	-729145.59745	-729145.59745	-729145.59745	-729145.59745	-729145.59745	-729145.59745	-729145.59745	-729145.59745	-729145.59745	-729145.59745	-729145.59745	-729145.59745	-729145.59745	-729145.59745	-729145.59745	-729145.59745	-729145.59745	-729145.59745	-729145.59745	-729145.59745	-729145.59745	-729145.59745	
-729160.22597	-729152.7154	-729152.7154	-729152.7154	-729152.7154	-729152.7154	-729152.7154	-729152.7154	-729152.7154	-729152.7154	-729152.7154	-729152.7154	-729152.7154	-729152.7154	-729152.7154	-729152.7154	-729152.7154	-729152.7154	-729152.7154	-729152.7154	-729152.7154	-729152.7154	-729152.7154	-729152.7154	-729152.7154	
-729160.22597	-729150.6715	-729150.6715	-729150.6715	-729150.6715	-729150.6715	-729150.6715	-729150.6715	-729150.6715	-729150.6715	-729150.6715	-729150.6715	-729150.6715	-729150.6715	-729150.6715	-729150.6715	-729150.6715	-729150.6715	-729150.6715	-729150.6715	-729150.6715	-729150.6715	-729150.6715	-729150.6715	-729150.6715	
-729160.22597	-729160.22597	-729160.22597	-729160.22597	-729160.22597	-729160.22597	-729160.22597	-729160.22597	-729160.22597	-729160.22597	-729160.22597	-729160.22597	-729160.22597	-729160.22597	-729160.22597	-729160.22597	-729160.22597	-729160.22597	-729160.22597	-729160.22597	-729160.22597	-729160.22597	-729160.22597	-729160.22597	-729160.22597	
-729160.22597	-729151.89818	-729151.89818	-729132.91508	-729132.91508	-729132.91508	-729132.91508	-729132.91508	-729132.91508	-729132.91508	-729132.91508	-729132.91508	-729132.91508	-729132.91508	-729132.91508	-729132.91508	-729132.91508	-729132.91508	-729132.91508	-729132.91508	-729132.91508	-729132.91508	-729132.91508	-729132.91508	-729132.91508	
-729160.22597	-729150.71044	-729150.71044	-729150.71044	-729150.71044	-729150.71044	-729150.71044	-729150.71044	-729150.71044	-729150.71044	-729150.71044	-729150.71044	-729150.71044	-729150.71044	-729150.71044	-729150.71044	-729150.71044	-729150.71044	-729150.71044	-729150.71044	-729150.71044	-729150.71044	-729150.71044	-729150.71044	-729150.71044	
-729160.22597	-729144.72678	-729144.72678	-729144.72678	-729144.72678	-729144.72678	-729144.72678	-729144.72678	-729144.72678	-729144.72678	-729144.72678	-729144.72678	-729144.72678	-729144.72678	-729144.72678	-729144.72678	-729144.72678	-729144.72678	-729144.72678	-729144.72678	-729144.72678	-729144.72678	-729144.72678	-729144.72678	-729144.72678	
-729160.22597	-729148.82732	-729148.82732	-729148.82732	-729148.82732	-729148.82732	-729148.82732	-729148.82732	-729148.82732	-729148.82732	-729148.82732	-729148.82732	-729148.82732	-729148.82732	-729148.82732	-729148.82732	-729148.82732	-729148.82732	-729148.82732	-729148.82732	-729148.82732	-729148.82732	-729148.82732	-729148.82732	-729148.82732	
-729160.22597	-729160.22597	-729160.22597	-729160.22597	-729160.22597	-729160.22597	-729160.22597	-729160.22597	-729160.22597	-729160.22597	-729160.22597	-729160.22597	-729160.22597	-729160.22597	-729160.22597	-729160.22597	-729160.22597	-729160.22597	-729160.22597	-729160.22597	-729160.22597	-729160.22597	-729160.22597	-729160.22597	-729160.22597	
-729160.22597	-729148.17835	-729148.17835	-729148.17835	-729148.17835	-729148.17835	-729148.17835	-729148.17835	-729148.17835	-729148.17835	-729148.17835	-729148.17835	-729148.17835	-729148.17835	-729148.17835	-729148.17835	-729148.17835	-729148.17835	-729148.17835	-729148.17835	-729148.17835	-729148.17835	-729148.17835	-729148.17835	-729148.17835	
-729160.22597	-729147.5611	-729147.5611	-729147.5611	-729147.5611	-729147.5611	-729147.5611	-729147.5611	-729147.5611	-729147.5611	-729147.5611	-729147.5611	-729147.5611	-729147.5611	-729147.5611	-729147.5611	-729147.5611	-729147.5611	-729147.5611	-729147.5611	-729147.5611	-729147.5611	-729147.5611	-729147.5611	-729147.5611	
-729160.22597	-729160.22597	-729160.22597	-729160.22597	-729160.22597	-729160.22597	-729160.22597	-729160.22597	-729160.22597	-729160.22597	-729160.22597	-729160.22597	-729160.22597	-729160.22597	-729160.22597	-729160.22597	-729160.22597	-729160.22597	-729160.22597	-729160.22597	-729160.22597	-729160.22597	-729160.22597	-729160.22597	-729160.22597	
-729160.22597	-729160.22597	-729160.22597	-729160.22597	-729160.22597	-729160.22597	-729160.22597	-729160.22597	-729160.22597	-729160.22597	-729160.22597	-729160.22597	-729160.22597	-729160.22597	-729160.22597	-729160.22597	-729160.22597	-729160.22597	-729160.22597	-729160.22597	-729160.22597	-729160.22597	-729160.22597	-729160.22597	-729160.22597	
-729160.22597	-729151.33689	-729151.33689	-729151.33689	-729151.33689	-729151.33689	-729151.33689	-729151.33689	-729151.33689	-729151.33689	-729151.33689	-729151.33689	-729151.33689	-729151.33689	-729151.33689	-729151.33689	-729151.33689	-729151.33689	-729151.33689	-729151.33689	-729151.33689	-729151.33689	-729151.33689	-729151.33689	-729151.33689	
-729160.22597	-729152.94597	-729152.94597	-729152.94597	-729152.94597	-729152.94597	-729152.94597	-729152.94597	-729152.94597	-729152.94597	-729152.94597	-729152.94597	-729152.94597	-729152.94597	-729152.94597	-729152.94597	-729152.94597	-729152.94597	-729152.94597	-729152.94597	-729152.94597	-729152.94597	-729152.94597	-729152.94597	-729152.94597	
-729160.22597	-729160.22597	-729160.22597	-729160.22597	-729160.22597	-729160.22597	-729160.22597	-729160.22597	-729160.22597	-729160.22597	-729160.22597	-729160.22597	-729160.22597	-729160.22597	-729160.22597	-729160.22597	-729160.22597	-729160.22597	-729160.22597	-729160.22597	-729160.22597	-729160.22597	-729160.22597	-729160.22597	-729160.22597	
-729160.22597	-729160.22597	-729160.22597	-729160.22597	-729160.22597	-729160.22597	-729160.22597	-729160.22597	-729160.22597	-729160.22597	-729160.22597	-729160.22597	-729160.22597	-729160.22597	-729160.22597	-729160.22597	-729160.22597	-729160.22597	-729160.22597	-729160.22597	-729160.22597	-729160.22597	-729160.22597	-729160.22597	-729160.22597	
-729160.22597	-729154.70224	-729154.70224	-729154.70224	-729154.70224	-729154.70224	-729154.70224	-729154.70224	-729154.70224	-729154.70224	-729154.70224	-729154.70224	-729154.70224	-729154.70224	-729154.70224	-729154.70224	-729154.70224	-729154.70224	-729154.70224	-729154.70224	-729154.70224	-729154.70224	-729154.70224	-729154.70224	-729154.70224	
-729160.22597	-729151.18015	-729151.18015	-729151.18015	-729151.18015	-729151.18015	-729151.18015	-729151.18015	-729151.18015	-729151.18015	-729151.18015	-729151.18015	-729151.18015	-729151.18015	-729151.18015	-729151.18015	-729151.18015	-729151.18015	-729151.18015	-729151.18015	-729151.18015	-729151.18015	-729151.18015	-729151.18015	-729151.18015	
-729160.22597	-729160.22597	-729160.22597	-729160.22597	-729160.22597	-729160.22597	-729160.22597	-729160.22597	-729160.22597	-729160.22597	-729160.22597	-729160.22597	-729160.22597	-729160.22597	-729160.22597	-729160.22597	-729160.22597	-729160.22597	-729160.22597	-729160.22597	-729160.22597	-729160.22597	-729160.22597	-729160.22597	-729160.22597	
-729160.22597	-729160.22597	-729160.22597	-729160.22597	-729160.22597	-729160.22597	-729160.22597	-729160.22597	-729160.22597	-729160.22597	-729160.22597	-729160.22597	-729160.22597	-729160.22597	-729160.22597	-729160.22597	-729160.22597	-729160.22597	-729160.22597	-729160.22597	-729160.22597	-729160.22597	-729160.22597	-729160.22597	-729160.22597	
-729160.22597	-729142.37194	-729142.37194	-729142.37194	-729142.37194	-729142.37194	-729142.37194	-729142.37194	-729142.37194	-729142.37194	-729142.37194	-729142.37194	-729142.37194	-729142.37194	-729142.37194	-729142.37194	-729142.37194	-729142.37194	-729142.37194	-729142.37194	-729142.37194	-729142.37194	-729142.37194	-729142.37194	-729142.37194	
-729160.22597	-729150.41074	-729150.41074	-729150.41074	-729150.41074	-729150.41074	-729150.41074	-729150.41074	-729150.41074	-729150.41074	-729150.41074	-729150.41074	-729150.41074	-729150.41074	-729150.41074	-729150.41074	-729150.41074	-729150.41074	-729150.41074	-729150.41074	-729150.41074	-729150.41074	-729150.41074	-729150.41074	-729150.41074	
-729160.22597	-729152.50752	-729152.50752	-729152.50752	-729152.50752	-729152.50752	-729152.50752	-729152.50752	-729152.50752	-729152.50752	-729152.50752	-729152.50752	-729152.50752	-729152.50752	-729152.50752	-729152.50752	-729152.50752	-729152.50752	-729152.50752	-729152.50752	-729152.50752	-729152.50752	-729152.50752	-729152.50752	-729152.50752	
-729160.22597	-729148.18988	-729148.18988	-729148.18988	-729148.18988	-729148.18988	-729148.18988	-729148.18988	-729148.18988	-729148.18988	-729148.18988	-729148.18988	-729148.18988	-729148.18988	-729148.18988	-729148.18988	-729148.18988	-729148.18988	-729148.18988	-729148.18988	-729148.18988	-729148.18988	-729148.18988	-729148.18988	-729148.18988	
-729160.22597	-729160.22597	-729160.22597	-729160.22597	-729160.22597	-729160.22597	-729160.22597	-729160.22597	-729160.22597	-729160.22597	-729160.22597	-729160.22597	-729160.22597	-729160.22597	-729160.22597	-729160.22597	-729160.22597	-729160.22597	-729160.22597	-729160.22597	-729160.22597	-729160.22597	-729160.22597	-729160.22597	-729160.22597	
-729160.22597	-729160.22597	-729160.22597	-729160.22597	-729160.22597	-729160.22597	-729160.22597	-729160.22597	-729160.22597	-729160.22597	-729160.22597	-729160.22597	-729160.22597	-729160.22597	-729160.22597	-729160.22597	-729160.22597	-729160.22597	-729160.22597	-729160.22597	-729160.22597	-729160.22597	-729160.22597	-729160.22597	-729160.22597	
-729160.22597	-729160.22597	-729160.22597	-729160.22597	-729160.22597	-729160.22597	-729160.22597	-729160.22597	-729160.22597	-729160.22597	-729160.22597	-729160.22597	-729160.22597	-729160.22597	-729160.22597	-729160.22597	-729160.22597	-729160.22597	-729160.22597	-729160.22597	-729160.22597	-729160.22597	-729160.22597	-729160.22597	-729160.22597	
-729160.22597	-729160.22597	-729160.22597	-729160.22597	-729160.22597	-729160.22597	-729160.22597	-729160.22597	-729160.22597	-729160.22597	-729160.22597	-729160.22597	-729160.22597	-729160.22597	-729160.22597	-729160.22597	-729160.22597	-729160.22597	-729160.22597	-729160.22597	-729160.22597	-729160.22597	-729160.22597	-729160.22597	-729160.22597	
-729160.22597	-729153.28778	-729153.28778	-729153.28778	-729153.28778	-729153.28778	-729153.28778	-729153.28778	-729153.28778	-729153.28778	-729153.28778	-729153.28778	-729153.28778	-729153.28778	-729153.28778	-729153.28778	-729153.28778	-729153.28778	-729153.28778	-729153.28778	-729153.28778	-729153.28778	-729153.28778	-729153.28778	-729153.28778	
-729160.22597	-729160.22597	-729160.22597	-729160.22597	-729160.22597	-729160.22597	-729160.22597	-729160.22597	-729160.22597	-729160.22597	-729160.22597	-729160.22597	-729160.22597	-729160.22597	-729160.22597	-729160.22597	-729160.22597	-729160.22597	-729160.22597	-729160.22597	-729160.22597	-729160.22597	-729160.22597	-729160.22597	-729160.22597	
-729160.22597	-729160.22597	-729160.22597	-729160.22597	-729160.22597	-729160.22597	-729160.22597	-729160.22597	-729160.22597	-729160.22597	-729160.22597	-729160.22597	-729160.22597	-729160.22597	-729160.22597	-729160.22597	-729160.22597	-729160.22597	-729160.22597	-729160.22597	-729160.22597	-729160.22597	-729160.22597	-729160.22597	-729160.22597	
-729160.22597	-729148.07941	-729148.07941	-729148.07941	-729148.07941	-729148.07941	-729148.07941	-729148.07941	-729148.07941	-729148.07941	-729148.07941	-729148.07941	-729148.07941	-729148.07941	-729148.07941	-729148.07941	-729148.07941	-729148.07941	-729148.07941	-729148.07941	-729148.07941	-729148.07941	-729148.07941	-729148.07941	-729148.07941	
-729160.22597	-729160.22597	-729160.22597	-729160.22597	-729160.22597	-729160.22597	-729160.22597	-729160.22597	-729160.22597	-729160.22597	-729160.22597	-729160.22597	-729160.22597	-729160.22597	-729160.22597	-729160.22597	-729160.22597	-729160.22597	-729160.22597	-729160.22597	-729160.22597	-729160.22597	-729160.22597	-729160.22597	-729160.22597	
-729160.22597	-729160.22597	-729160.22597	-729160.22597	-729160.22597	-729160.22597	-729160.22597	-729160.22597	-729160.22597	-729160.22597	-729160.22597	-729160.22597	-729160.22597	-729160.22597	-729160.22597	-729160.22597	-729160.22597	-729160.22597	-729160.22597	-729160.22597	-729160.22597	-729160.22597	-729160.22597	-729160.22597	-729160.22597	
-729160.22597	-729160.22597	-729160.22597	-729160.22597	-729160.22597	-729160.22597	-729160.22597	-729160.22597	-729160.22597	-729160.22597	-729160.22597	-729160.22597	-729160.22597	-729160.22597	-729160.22597	-729160.22597	-729160.22597	-729160.22597	-729160.22597	-729160.22597	-729160.22597	-729160.22597	-729160.22597	-729160.22597	-729160.22597	
-729160.22597	-729149.73786	-729136.82957	-729136.82957	-729136.82957	-729136.82957	-729136.82957	-729136.82957	-729136.82957	-729136.82957	-729136.82957	-729136.82957	-729136.82957	-729136.82957	-729136.82957	-729136.82957	-729136.82957	-729136.82957	-729136.82957	-729136.82957	-729136.82957	-729136.82957	-729136.82957	-729136.82957	-729136.82957	
-729160.22597	-729142.84616	-729142.84616	-729142.84616	-729142.84616	-729142.84616	-729142.84616	-729142.84616	-729142.84616	-729142.84616	-729142.84616	-729142.84616	-729142.84616	-729142.84616	-729142.84616	-729142.84616	-729142.84616	-729142.84616	-729142.84616	-729142.84616	-729142.84616	-729142.84616	-729142.84616	-729142.84616	-729142.84616	
-729160.22597	-729160.22597	-729160.22597	-729160.22597	-729160.22597	-729160.22597	-729160.22597	-729160.22597	-729160.22597	-729160.22597	-729160.22597	-729160.22597	-729160.22597	-729160.22597	-729160.22597	-729160.22597	-729160.22597	-729160.22597	-729160.22597	-729160.22597	-729160.22597	-729160.22597	-729160.22597	-729160.22597	-729160.22597	
-729160.22597	-729160.22597	-729160.22597	-729160.22597	-729160.22597	-729160.22597	-729160.22597	-729160.22597	-729160.22597	-729160.22597	-729160.22597	-729160.22597	-729160.22597	-729160.22597	-729160.22597	-729160.22597	-729160.22597	-729160.22597	-729160.22597	-729160.22597	-729160.22597	-729160.22597	-729160.22597	-729160.22597	-729160.22597	
-729160.22597	-729160.22597	-729160.22597	-729160.22597	-729160.22597	-729160.22597	-729160.22597	-729160.22597	-729160.22597	-729160.22597	-729160.22597	-729160.22597	-729160.22597	-729160.22597	-729160.22597	-729160.22597	-729160.22597	-729160.22597	-729160.22597	-729160.22597	-729160.22597	-729160.22597	-729160.22597	-729160.22597	-729160.22597	
-729160.22597	-729160.22597	-729160.22597	-729160.22597	-729160.22597	-729160.22597	-729160.22597	-729160.22597	-729160.22597	-729160.22597	-729160.22597	-729160.22597	-729160.22597	-729160.22597	-729160.22597	-729160.22597	-729160.22597	-729160.22597	-729160.22597	-729160.22597	-729160.22597	-729160.22597	-729160.22597	-729160.22597	-729160.22597	
-729160.22597	-729160.22597	-729160.22597	-729160.22597	-729160.22597	-729160.22597	-729160.22597	-729160.22597	-729160.22597	-729160.22597	-729160.22597	-729160.22597	-729160.22597	-729160.22597	-729160.22597	-729160.22597	-729160.22597	-729160.22597	-729160.22597	-729160.22597	-729160.22597	-729160.22597	-729160.22597	-729160.22597	-729160.22597	
-729160.22597	-729160.22597	-729160.22597	-729160.22597	-729160.22597	-729160.22597	-729160.22597	-729160.22597	-729160.22597	-729160.22597	-729160.22597	-729160.22597	-729160.22597	-729160.22597	-729160.22597	-729160.22597	-729160.22597	-729160.22597	-729160.22597	-729160.22597	-729160.22597	-729160.22597	-729160.22597	-729160.22597	-729160.22597	
-729160.22597	-729160.22597	-729160.22597	-729160.22597	-729160.22597	-729160.22597	-729160.22597	-729160.22597	-729160.22597	-729160.22597	-729160.22597	-729160.22597	-729160.22597	-729160.22597	-729160.22597	-729160.22597	-729160.22597	-729160.22597	-729160.22597	-729160.22597	-729160.22597	-729160.22597	-729160.22597	-729160.22597	-729160.22597	
-729160.22597	-729160.22597	-729160.22597	-729160.22597	-729160.22597	-729160.22597	-729160.22597	-729160.22597	-729160.22597	-729160.22597	-729160.22597	-729160.22597	-729160.22597	-729160.22597	-729160.22597	-729160.22597	-729160.22597	-729160.22597	-729160.22597	-729160.22597	-729160.22597	-729160.22597	-729160.22597	-729160.22597	-729160.22597	
-729160.22597	-729160.22597	-729160.22597	-729160.22597	-729160.22597	-729160.22597	-729160.22597	-729160.22597	-729160.22597	-729160.22597	-729160.22597	-729160.22597	-729160.22597	-729160.22597	-729160.22597	-729160.22597	-729160.22597	-729160.22597	-729160.22597	-729160.22597	-729160.22597	-729160.22597	-729160.22597	-729160.22597	-729160.22597	
-729160.22597	-729160.22597	-729160.22597	-729160.22597	-729160.22597	-729160.22597	-729160.22597	-729160.22597	-729160.22597	-729160.22597	-729160.22597	-729160.22597	-729160.22597	-729160.22597	-729160.22597	-729160.22597	-729160.22597	-729160.22597	-729160.22597	-729160.22597	-729160.22597	-729160.22597	-729160.22597	-729160.22597	-729160.22597	
-729160.22597	-729156.01459	-729156.01459	-729156.01459	-729156.01459	-729156.01459	-729156.01459	-729156.01459	-729156.01459	-729156.01459	-729156.01459	-729156.01459	-729156.01459	-729156.01459	-729156.01459	-729156.01459	-729156.01459	-729156.01459	-729156.01459	-729156.01459	-729156.01459	-729156.01459	-729156.01459	-729156.01459	-729156.01459	
-729160.22597	-729160.22597	-729160.22597	-729160.22597	-729160.22597	-729160.22597	-729160.22597	-729160.22597	-729160.22597	-729160.22597	-729160.22597	-729160.22597	-729160.22597	-729160.22597	-729160.22597	-729160.22597	-729160.22597	-729160.22597	-729160.22597	-729160.22597	-729160.22597	-729160.22597	-729160.22597	-729160.22597	-729160.22597	
-729160.22597	-729160.22597	-729160.22597	-729160.22597	-729160.22597	-729160.22597	-729160.22597	-729160.22597	-729160.22597	-729160.22597	-729160.22597	-729160.22597	-729160.22597	-729160.22597	-729160.22597	-729160.22597	-729160.22597	-729160.22597	-729160.22597	-729160.22597	-729160.22597	-729160.22597	-729160.22597	-729160.22597	-729160.22597	
