-729160.22597	-729160.22597	-729160.22597	-729160.22597	-729160.22597	-729160.22597	-729160.22597	-729160.22597	-729160.22597	-729160.22597	-729160.22597	-729160.22597	-729160.22597	-729160.22597	-729160.22597	-729160.22597	-729160.22597	-729160.22597	-729160.22597	-729160.22597	-729160.22597	-729160.22597	-729160.22597	-729160.22597	-729160.22597	
-729160.22597	-729160.22597	-729160.22597	-729160.22597	-729160.22597	-729160.22597	-729160.22597	-729160.22597	-729160.22597	-729160.22597	-729160.22597	-729160.22597	-729160.22597	-729160.22597	-729160.22597	-729160.22597	-729160.22597	-729160.22597	-729160.22597	-729160.22597	-729160.22597	-729160.22597	-729160.22597	-729160.22597	-729160.22597	
-729160.22597	-729151.33689	-729151.33689	-729151.33689	-729151.33689	-729151.33689	-729151.33689	-729151.33689	-729151.33689	-729151.33689	-729151.33689	-729151.33689	-729151.33689	-729151.33689	-729151.33689	-729151.33689	-729151.33689	-729151.33689	-729151.33689	-729151.33689	-729151.33689	-729151.33689	-729151.33689	-729151.33689	-729151.33689	
-729160.22597	-729152.94597	-729152.94597	-729152.94597	-729152.94597	-729152.94597	-729152.94597	-729152.94597	-729152.94597	-729152.94597	-729152.94597	-729152.94597	-729152.94597	-729152.94597	-729152.94597	-729152.94597	-729152.94597	-729152.94597	-729152.94597	-729152.94597	-729152.94597	-729152.94597	-729152.94597	-729152.94597	-729152.94597	
-729160.22597	-729160.22597	-729160.22597	-729160.22597	-729160.22597	-729160.22597	-729160.22597	-729160.22597	-729160.22597	-729160.22597	-729160.22597	-729160.22597	-729160.22597	-729160.22597	-729160.22597	-729160.22597	-729160.22597	-729160.22597	-729160.22597	-729160.22597	-729160.22597	-729160.22597	-729160.22597	-729160.22597	-729160.22597	
-729160.22597	-729160.22597	-729160.22597	-729160.22597	-729160.22597	-729160.22597	-729160.22597	-729160.22597	-729160.22597	-729160.22597	-729160.22597	-729160.22597	-729160.22597	-729160.22597	-729160.22597	-729160.22597	-729160.22597	-729160.22597	-729160.22597	-729160.22597	-729160.22597	-729160.22597	-729160.22597	-729160.22597	-729160.22597	
-729160.22597	-729154.70224	-729154.70224	-729154.70224	-729154.70224	-729154.70224	-729154.70224	-729154.70224	-729154.70224	-729154.70224	-729154.70224	-729154.70224	-729154.70224	-729154.70224	-729154.70224	-729154.70224	-729154.70224	-729154.70224	-729154.70224	-729154.70224	-729154.70224	-729154.70224	-729154.70224	-729154.70224	-729154.70224	
-729160.22597	-729151.18015	-729151.18015	-729151.18015	-729151.18015	-729151.18015	-729151.18015	-729151.18015	-729151.18015	-729151.18015	-729151.18015	-729151.18015	-729151.18015	-729151.18015	-729151.18015	-729151.18015	-729151.18015	-729151.18015	-729151.18015	-729151.18015	-729151.18015	-729151.18015	-729151.18015	-729151.18015	-729151.18015	
-729160.22597	-729160.22597	-729160.22597	-729160.22597	-729160.22597	-729160.22597	-729160.22597	-729160.22597	-729160.22597	-729160.22597	-729160.22597	-729160.22597	-729160.22597	-729160.22597	-729160.22597	-729160.22597	-729160.22597	-729160.22597	-729160.22597	-729160.22597	-729160.22597	-729160.22597	-729160.22597	-729160.22597	-729160.22597	
-729160.22597	-729160.22597	-729160.22597	-729160.22597	-729160.22597	-729160.22597	-729160.22597	-729160.22597	-729160.22597	-729160.22597	-729160.22597	-729160.22597	-729160.22597	-729160.22597	-729160.22597	-729160.22597	-729160.22597	-729160.22597	-729160.22597	-729160.22597	-729160.22597	-729160.22597	-729160.22597	-729160.22597	-729160.22597	
