-729160.22597	-729142.37194	-729142.37194	-729142.37194	-729142.37194	-729142.37194	-729142.37194	-729142.37194	-729142.37194	-729142.37194	-729142.37194	-729142.37194	-729142.37194	-729142.37194	-729142.37194	-729142.37194	-729142.37194	-729142.37194	-729142.37194	-729142.37194	-729142.37194	-729142.37194	-729142.37194	-729142.37194	-729142.37194	
-729160.22597	-729150.41074	-729150.41074	-729150.41074	-729150.41074	-729150.41074	-729150.41074	-729150.41074	-729150.41074	-729150.41074	-729150.41074	-729150.41074	-729150.41074	-729150.41074	-729150.41074	-729150.41074	-729150.41074	-729150.41074	-729150.41074	-729150.41074	-729150.41074	-729150.41074	-729150.41074	-729150.41074	-729150.41074	
-729160.22597	-729152.50752	-729152.50752	-729152.50752	-729152.50752	-729152.50752	-729152.50752	-729152.50752	-729152.50752	-729152.50752	-729152.50752	-729152.50752	-729152.50752	-729152.50752	-729152.50752	-729152.50752	-729152.50752	-729152.50752	-729152.50752	-729152.50752	-729152.50752	-729152.50752	-729152.50752	-729152.50752	-729152.50752	
-729160.22597	-729148.18988	-729148.18988	-729148.18988	-729148.18988	-729148.18988	-729148.18988	-729148.18988	-729148.18988	-729148.18988	-729148.18988	-729148.18988	-729148.18988	-729148.18988	-729148.18988	-729148.18988	-729148.18988	-729148.18988	-729148.18988	-729148.18988	-729148.18988	-729148.18988	-729148.18988	-729148.18988	-729148.18988	
-729160.22597	-729160.22597	-729160.22597	-729160.22597	-729160.22597	-729160.22597	-729160.22597	-729160.22597	-729160.22597	-729160.22597	-729160.22597	-729160.22597	-729160.22597	-729160.22597	-729160.22597	-729160.22597	-729160.22597	-729160.22597	-729160.22597	-729160.22597	-729160.22597	-729160.22597	-729160.22597	-729160.22597	-729160.22597	
-729160.22597	-729160.22597	-729160.22597	-729160.22597	-729160.22597	-729160.22597	-729160.22597	-729160.22597	-729160.22597	-729160.22597	-729160.22597	-729160.22597	-729160.22597	-729160.22597	-729160.22597	-729160.22597	-729160.22597	-729160.22597	-729160.22597	-729160.22597	-729160.22597	-729160.22597	-729160.22597	-729160.22597	-729160.22597	
-729160.22597	-729160.22597	-729160.22597	-729160.22597	-729160.22597	-729160.22597	-729160.22597	-729160.22597	-729160.22597	-729160.22597	-729160.22597	-729160.22597	-729160.22597	-729160.22597	-729160.22597	-729160.22597	-729160.22597	-729160.22597	-729160.22597	-729160.22597	-729160.22597	-729160.22597	-729160.22597	-729160.22597	-729160.22597	
-729160.22597	-729160.22597	-729160.22597	-729160.22597	-729160.22597	-729160.22597	-729160.22597	-729160.22597	-729160.22597	-729160.22597	-729160.22597	-729160.22597	-729160.22597	-729160.22597	-729160.22597	-729160.22597	-729160.22597	-729160.22597	-729160.22597	-729160.22597	-729160.22597	-729160.22597	-729160.22597	-729160.22597	-729160.22597	
-729160.22597	-729153.28778	-729153.28778	-729153.28778	-729153.28778	-729153.28778	-729153.28778	-729153.28778	-729153.28778	-729153.28778	-729153.28778	-729153.28778	-729153.28778	-729153.28778	-729153.28778	-729153.28778	-729153.28778	-729153.28778	-729153.28778	-729153.28778	-729153.28778	-729153.28778	-729153.28778	-729153.28778	-729153.28778	
-729160.22597	-729160.22597	-729160.22597	-729160.22597	-729160.22597	-729160.22597	-729160.22597	-729160.22597	-729160.22597	-729160.22597	-729160.22597	-729160.22597	-729160.22597	-729160.22597	-729160.22597	-729160.22597	-729160.22597	-729160.22597	-729160.22597	-729160.22597	-729160.22597	-729160.22597	-729160.22597	-729160.22597	-729160.22597	
