22
8 8 1
0 9 16.3 16.7 17.3 59.5 55.7 82.8
1.1412879 0 17.8 15.7 17.4 61.4 58.2 79.7
2.3043734 2.5514214 0 18.2 21.5 57.9 58 83.1
2.352876 2.1881353 2.6314948 0 17.6 65.2 60.7 86.2
2.45652 2.4618875 3.2399274 2.4969618 0 58.4 55.9 81.9
16.218503 17.118176 15.382424 19.282305 15.422425 0 60.6 81.5
14.220634 15.422918 15.064401 16.440224 14.11549 16.312232 0 83.3
32.462474 30.167852 33.316328 35.740808 31.568425 31.091592 32.001513 0
8 8 2
0 9.9 16.8 21.1 22.9 52 59.7 118.7
2.6072968 0 14.2 18.9 19.7 52 62.3 112.7
4.8710826 3.944866 0 16.4 23.7 51.8 60.9 129.9
6.3496068 5.5046474 4.6725015 0 14.5 52.2 58.9 130
7.0286108 5.7921683 7.4325986 3.9701112 0 58.9 60.1 128.6
25.938248 25.778979 25.928555 25.660777 31.67223 0 67.3 112
33.520341 36.379634 34.915229 32.784352 33.507543 41.298167 0 96.9
166.89163 148.55983 212.24249 214.90918 198.7445 141.14189 96.134242 0
8 8 3
0 10.8 16.2 18 19.9 53.7 57.6 95
0.68279873 0 15.1 16.2 18 54.5 55.8 94.4
1.1083412 1.0093544 0 18.2 19.6 57 57.6 100.1
1.2520913 1.1007518 1.2666714 0 18.2 55.5 57.3 95.9
1.4190214 1.2536262 1.3912108 1.2736325 0 56.7 57.4 101.5
6.531298 6.6667178 7.2330274 6.869341 7.0968465 0 62 89.5
7.2158026 6.7796043 7.1710004 7.1089917 7.1147779 8.2698815 0 86.5
21.784174 21.607746 24.306235 22.175008 25.377173 18.629875 16.959266 0
8 8 4
0 11.5 15.7 20.5 21 56.9 61.7 110.6
0.9104912 0 13.1 17.9 20.2 54.2 63.2 106
1.3059444 1.0556079 0 20.1 21.3 55.1 62.5 109
1.8116922 1.5253634 1.7767153 0 20.3 53 61.7 111.3
1.8698544 1.7770793 1.9076149 1.7836641 0 52.3 61 103.6
8.7774792 8.1185097 8.2979173 7.7073274 7.6076179 0 63.3 107.6
10.181428 10.617114 10.512205 10.154964 9.9623347 10.581229 0 120.7
40.51239 36.637946 38.98772 41.233006 35.123164 37.550883 49.945057 0
8 8 5
0 8.7 13.3 16.4 17.6 47.8 42.9 93.9
0.77244015 0 12.7 17.2 17.9 47.2 42.8 90.9
1.2588536 1.1911098 0 17.3 16.9 50.4 44.6 94.4
1.6019262 1.696306 1.7068655 0 14.8 48.8 46.5 96.2
1.7419739 1.7762498 1.6717707 1.4066597 0 47.6 44.1 98
7.5992787 7.3852332 8.2982232 7.8031212 7.5293205 0 55.7 101.9
6.2597282 6.2044249 6.6596373 7.055278 6.4613309 9.8035751 0 87.9
30.561725 28.402575 30.956799 32.092252 33.57378 37.557364 26.182594 0
8 8 6
0 10.1 16.4 17.9 22 46.6 57.9 115.7
0.62908164 0 14 15.5 19.4 46.4 59 117.5
1.1122724 0.91748978 0 16.7 20.3 46.3 60.1 114.9
1.2368748 1.0421345 1.1396852 0 16.8 44.8 58.4 121.5
1.5942979 1.3587376 1.4516311 1.1420343 0 46.6 59.9 123.7
4.9461248 4.9158697 4.8940223 4.6501506 4.8905828 0 53.1 119.2
7.3035952 7.5394243 7.7805894 7.4061131 7.7144899 6.3008585 0 116.2
34.947659 36.411926 34.665766 39.69411 41.567504 39.000956 35.606182 0
8 8 7
0 9.3 15.5 19.1 19.7 44.4 59.2 117.4
0.95377956 0 14.3 18.1 19.3 44.1 60.8 116.5
1.7179896 1.5705369 0 18.4 18.9 45.7 60.9 117.1
2.2081077 2.0595623 2.1161532 0 16.2 48.7 54.8 121.5
2.2993218 2.2419404 2.1953679 1.7978435 0 47.8 53.6 114.8
7.6281057 7.6199109 8.0925888 8.9062262 8.665926 0 61.6 128.4
12.021789 12.5446 12.5377 10.449907 10.043973 12.906058 0 118.3
58.262667 57.030287 58.17013 63.487063 55.023234 74.82922 60.298454 0
8 8 8
0 8.7 18.3 21.4 25.9 53.5 64.5 88.3
0.91554099 0 16 21 24.3 53.2 64.4 89.4
2.1752067 1.8432678 0 21.8 25.2 54.7 63.3 94.4
2.6450076 2.5872542 2.698506 0 22.5 58.4 66.7 91.7
3.3951551 3.11969 3.2705974 2.7960639 0 59.1 60.4 101.5
11.178678 11.050534 11.448437 12.663049 13.127075 0 67 86
15.690936 15.495289 15.029896 16.451493 13.65296 17.068754 0 90.7
31.559062 32.142866 36.083377 33.160216 41.665036 31.128939 32.937962 0
8 8 9
0 7.5 13.9 13.6 16.9 39.6 45.3 94.7
0.83085973 0 11.4 12.3 16.5 37.3 47.3 95.6
1.6800085 1.3355536 0 14.2 17.6 38 46.7 95.8
1.6394824 1.4479716 1.7259703 0 16.1 38.3 46.7 90.4
2.1342201 2.0651817 2.2272506 2.0038875 0 39 49 92.9
7.0937767 6.5094188 6.6905422 6.7546644 6.9725958 0 49.3 86.7
8.6320255 9.2528829 9.0917263 9.0960466 9.8465493 9.9605273 0 86.6
40.975474 42.394191 42.34934 37.627036 39.087276 34.0549 32.18623 0
8 8 10
0 11.3 15.8 18.2 20.3 36.3 57.8 118.4
1.1544001 0 13.7 15.7 18.7 35.4 55.4 118.8
1.7060719 1.430372 0 13.8 16.1 36 56.8 114.9
2.0344506 1.6953714 1.4487148 0 14.9 36.2 56.1 112.6
2.3240496 2.084258 1.7419549 1.5929981 0 34.8 53 116.2
5.3568122 5.1665358 5.2821719 5.3484362 5.0166515 0 58.4 122.8
11.738569 10.843621 11.339412 11.044182 10.09838 12.100542 0 123.1
61.428193 62.605769 57.528642 54.369297 59.230859 69.03175 68.867262 0
8 8 11
0 12.2 17.4 19.2 22.2 43.2 51.8 88.6
1.098631 0 16.9 18.2 22.4 44.9 54.3 93.3
1.6735805 1.6090574 0 20.2 21.8 45.8 53.3 90.9
1.8843135 1.767361 2.0154631 0 19.3 42.9 52.9 89.2
2.2882579 2.3021414 2.2399892 1.905739 0 43.2 53.8 90.2
6.143576 6.5204472 6.6947408 6.0272707 6.0989719 0 45 83.5
8.3979164 9.1178139 8.7983172 8.6238544 8.8913783 6.4876457 0 83.8
25.932084 28.833408 27.315929 26.274552 27.050643 22.562475 22.647935 0
8 8 12
0 8.5 14.5 19.8 19.8 50.2 58.2 115.5
1.1078581 0 11.8 16.3 17.5 53.7 53.8 113.8
2.0514885 1.6099092 0 17.6 18.1 54.9 57.9 122.3
2.997005 2.3491408 2.5811861 0 19.9 55.1 59 114.9
2.9944638 2.5534927 2.6858837 2.9854639 0 53.8 56.5 111
12.30376 13.671768 14.165544 14.223816 13.783645 0 69.3 120.1
15.921648 13.840407 15.69192 16.106304 15.05026 22.329363 0 124.2
77.705221 74.321605 90.619587 76.230432 70.186592 83.511931 93.426067 0
8 8 13
0 10.1 16.4 20 22.3 48.9 55.6 106.6
0.56954292 0 14.3 18.7 20.9 48.9 54.8 108.3
1.0084364 0.85914813 0 20.4 20.9 46.6 53.5 104.6
1.2841028 1.181583 1.3166958 0 18.6 49.8 54.9 105.6
1.4730869 1.3570186 1.3580005 1.1706511 0 45.7 54.6 100.1
4.8710162 4.9019856 4.5639715 4.9939958 4.3601457 0 57.6 107.8
6.0487084 5.9088756 5.6822143 5.9160828 5.873499 6.5385347 0 97.2
26.804721 27.735448 25.538254 25.761334 22.852751 27.509321 20.911503 0
8 8 14
0 13.1 19.2 22.4 21.8 55.6 59.6 100.7
1.7183864 0 15.7 19.9 19.2 54.6 57.5 97.3
2.7337062 2.1129856 0 19.2 20.3 56.5 60.5 98
3.3040772 2.8293989 2.6983439 0 18.1 57.2 57 98.5
3.2131344 2.7091073 2.8995213 2.5020586 0 51.7 55.5 92.6
13.748195 13.272418 14.119395 14.335459 12.120907 0 54.6 93.4
15.697668 14.557959 15.917473 14.271747 13.625677 13.057448 0 94.5
55.789453 50.854646 51.012979 51.467714 45.132855 47.469875 46.891343 0
8 8 15
0 14.4 19.3 20.8 24.5 63.3 54 97.4
2.0888318 0 17.7 18.4 23.7 59 55.8 97.3
3.0032081 2.6991667 0 19.2 21.8 60.6 54 96.6
3.3026651 2.8229236 2.996775 0 19.5 63.8 55.1 98.6
4.1066817 3.9228373 3.5289192 3.0426978 0 62.6 55.2 96.9
19.313757 17.203939 18.111058 19.751361 19.047805 0 60.6 103.3
14.350973 15.087154 14.269092 14.683187 14.933328 17.54947 0 93.9
51.656407 51.513509 50.767705 52.443947 51.312259 59.067708 46.154994 0
8 8 16
0 12.3 17.8 22.2 23.8 53.3 64.4 90.3
2.885 0 18.9 23 22 56.3 64.9 87.5
4.5409198 4.8667975 0 20.2 22 55.6 59.9 84.4
5.9778334 6.2420528 5.3396158 0 20.1 56.1 66.5 89.4
6.5263269 5.8685283 5.8848422 5.2730223 0 57.8 63.3 91.1
23.319419 25.295289 24.871838 25.594673 26.801353 0 63.7 91
33.245384 33.507778 29.157324 35.221844 31.994488 31.97052 0 85.9
73.367299 66.575543 63.554598 69.297301 72.92886 74.927051 62.800061 0
8 8 17
0 7.4 14.2 15.5 17.3 44.7 49.4 92.9
0.5078782 0 12.8 16.4 17.2 44.8 48.7 94.1
1.0576477 0.93584789 0 18 17.7 45.1 48.6 96.5
1.1747469 1.256127 1.4113384 0 16.7 43.2 49.6 95.8
1.3357359 1.327809 1.3793293 1.2910813 0 44.9 48.3 97.7
5.284373 5.2909125 5.3151383 4.9997829 5.3059971 0 45 94.2
6.1849465 6.0081232 5.9822413 6.174593 5.9414078 5.3160472 0 92.9
22.985124 23.503564 24.615757 24.649664 25.824204 24.534152 23.012928 0
8 8 18
0 8.4 15 19.1 19.3 44.7 52.5 83
0.86680075 0 14.2 19.8 19.5 46.2 54.3 80.9
1.6769577 1.5731644 0 17.4 18.2 45.1 49.7 85.4
2.2409617 2.3276649 1.9984886 0 17.7 48 54.3 87.8
2.294604 2.3051221 2.1190099 2.0357854 0 48.6 52.4 84.4
7.9273402 8.3508749 8.0266975 8.7532223 8.9995452 0 43.8 82.5
10.356196 10.835642 9.3616363 10.726556 10.171546 7.6088525 0 82.9
26.944013 25.353991 28.756932 29.326046 27.243967 26.75285 27.145692 0
8 8 19
0 11.2 17.2 18.6 21.6 48 45.8 93.6
0.72794314 0 16.3 17.3 20 47 45.5 94.6
1.2023478 1.1292979 0 17.8 19.5 46.1 43.6 96.3
1.3309573 1.2173309 1.25655 0 19.2 48.9 44.9 97.6
1.6029308 1.4516189 1.4050934 1.3753782 0 46.4 45 92.1
5.3990183 5.2271732 5.039961 5.5499292 5.0804587 0 52.5 95.2
4.8885417 4.8336212 4.5122101 4.7472226 4.7401027 6.2814976 0 92.6
21.196407 21.830166 22.92545 23.538233 20.464027 21.915821 20.328427 0
8 8 20
0 12.4 20.7 21 23.7 69.9 72.5 109.6
1.918492 0 17.3 18.5 21.5 69.2 74.9 109.8
3.5557497 2.8615682 0 21.9 20.9 69.7 74.7 111.9
3.6062536 3.0864509 3.8302947 0 20 70.8 73.6 114.4
4.272102 3.7621781 3.6539627 3.4305099 0 69.3 77.1 116.8
25.092506 24.660016 25.077189 26.145631 24.84587 0 62.9 109
26.987938 28.947336 28.905846 28.01238 30.778185 20.131558 0 103.6
76.555632 76.617191 78.261478 82.937922 87.140679 71.640496 64.084999 0
8 8 21
0 8.4 12.6 16.8 18.8 37.5 44.4 86.1
1.2020272 0 11.2 15.6 17.3 37.1 42.4 88.5
1.8925535 1.6345814 0 14.8 18.1 36.8 43.1 88
2.6584575 2.416879 2.2826165 0 17.5 38.7 43.9 95.6
3.0168107 2.7203443 2.8815647 2.7740491 0 40.8 44.5 93.9
8.1999496 8.0765196 7.9834366 8.5530766 9.1822268 0 41.6 78.9
10.635094 9.8325621 10.155689 10.404621 10.519927 9.7318907 0 89.4
39.634422 42.177968 41.311049 49.612566 47.157299 33.006839 43.096959 0
8 8 22
0 11.6 18.9 21.3 23.7 59.2 65.2 114
1.0854412 0 14.8 19 20 58.4 64 111.1
1.9382787 1.4341102 0 20.4 21 59.2 64.3 108.4
2.2547981 1.9505354 2.124409 0 18.8 58.1 65.4 109.3
2.5735951 2.0595468 2.1963506 1.9130714 0 58.1 65.5 109.3
11.176069 10.840068 11.113472 10.791759 10.811043 0 64.5 115.1
13.327841 12.74486 12.811276 13.215539 13.344933 13.126648 0 119.2
50.534922 46.204393 44.510583 44.72055 46.001872 53.81039 56.991201 0
