20
8 8 1
0 9.8761023 17.877598 18.274878 19.096119 55 54 69
1.3090629 0 19.520477 17.10876 19.096119 57 56 67
2.5457216 2.812894 0 19.954266 23.790211 54 56 69
2.6035784 2.4572862 2.8664206 0 19.520477 60 59 72
2.7216657 2.7985844 3.5450416 2.8323581 0 56 56 70
9.7629077 10.318847 9.5135673 11.040238 10.066678 0 58 69
9.7246104 10.194979 10.323957 11.051836 10.220997 10.692766 0 73
13.482503 13.011166 13.402818 14.360051 13.887839 13.387248 14.902865 0
8 8 2
0 11.023314 17.877598 23.273033 25.976436 48 57 86
3.0160417 0 15.328227 20.850976 22.27216 49 60 84
5.1937584 4.3332105 0 17.877598 26.55369 47 58 90
6.9964313 6.2363614 5.2747483 0 16.73683 51 58 93
8.1679708 6.9220677 8.3812391 5.0301677 0 59 62 99
16.675862 17.311601 16.174308 18.130468 22.461236 0 62 82
21.749298 23.308538 21.67962 22.364108 25.241808 23.64577 0 80
38.348498 36.891321 41.216055 43.913048 49.118118 35.065305 34.803422 0
8 8 3
0 11.518682 17.10876 19.096119 20.850976 49 55 72
0.73687058 0 16.017052 17.10876 19.096119 49 54 71
1.1471468 1.0712882 0 19.096119 20.850976 52 55 76
1.2845356 1.1598215 1.3170791 0 19.520477 50 55 73
1.4406494 1.3144595 1.4396848 1.3374723 0 51 55 76
3.952219 4.0493704 4.3321381 4.1681623 4.2790135 0 58 69
4.7351473 4.6049847 4.8364874 4.8173501 4.8359461 5.0523638 0 72
6.7756171 6.6888864 7.3301038 6.9606935 7.4354146 6.4109588 6.9098658 0
8 8 4
0 12.303786 16.372986 21.787983 22.27216 51 56 74
0.9673507 0 13.732998 18.680986 20.850976 49 57 72
1.3371271 1.0841486 0 20.850976 21.787983 50 56 73
1.8269767 1.545707 1.7623648 0 21.314331 49 56 75
1.8689156 1.7556194 1.8529813 1.7821118 0 48 55 70
5.2531054 4.877223 5.0407072 4.8973955 4.73233 0 57 73
5.929827 6.0548188 5.9312744 5.9494594 5.8368886 5.9908252 0 81
8.6489333 8.1707237 8.4486762 8.762342 7.9895247 8.3762383 9.9084754 0
8 8 5
0 9.4513739 14.350135 18.274878 19.520477 46 42.128555 76
0.90416429 0 13.732998 19.096119 19.954266 46 43.064745 74
1.4053412 1.3429469 0 19.096119 18.680986 48 44.021739 76
1.8312362 1.9504144 1.9066085 0 16.73683 48 47 78
1.9781291 2.0392014 1.8712919 1.6892505 0 46 45 79
5.3541921 5.432299 5.7052966 5.7159014 5.5154675 0 52 77
4.9275767 5.0072635 5.1488933 5.6454992 5.2847334 6.4332408 0 73
10.774088 10.531261 10.77975 11.396951 11.505721 11.135721 10.236641 0
8 8 6
0 11.023314 17.877598 19.520477 24.318882 45 55 84
0.73061436 0 15.328227 17.10876 21.314331 45 56 84
1.2284706 1.0303697 0 18.274878 22.27216 45 57 84
1.3628872 1.1649876 1.258015 0 18.680986 44.021739 56 87
1.7293886 1.5043023 1.58803 1.2956651 0 46 57 88
3.6598169 3.6492417 3.6625941 3.5466047 3.7698066 0 50 82
4.7084726 4.8450907 4.9968043 4.8316196 5.0074773 4.0917223 0 83
8.6299373 8.711821 8.5748055 9.167799 9.4222597 8.1953926 8.469954 0
8 8 7
0 9.4513739 15.668855 19.520477 19.954266 40.316788 58 83
0.95294954 0 14.350135 18.274878 19.520477 39.440336 59 82
1.6311089 1.4894541 0 18.680986 19.096119 40.316788 60 82
2.1255186 1.9838129 2.0212193 0 17.10876 44.021739 55 87
2.1725051 2.1083219 2.0588182 1.8347418 0 43.064745 54 83
4.9074383 4.7451365 4.9584775 5.5845036 5.3716247 0 60 86
8.3695365 8.5789512 8.7055518 7.9943352 7.6428565 8.8221354 0 94
13.664376 13.367412 13.345622 14.855148 13.785522 14.427331 17.518587 0
8 8 8
0 11.023314 19.954266 23.273033 24.859302 61 66 63
1.6253652 0 15.668855 20.397694 22.27216 56 63 59
3.1347783 2.4065026 0 20.850976 22.767097 55 64 63
3.7956462 3.2322576 3.2808471 0 23.790211 57 65 66
4.1146516 3.5518654 3.7004976 3.8431527 0 57 64 65
12.297428 11.051655 10.844109 11.17085 11.395522 0 65 60
14.088565 13.007802 13.527102 13.868038 13.519492 13.814759 0 70
12.835857 11.494685 12.851012 13.593232 13.309253 11.961057 14.9903 0
8 8 9
0 9.6614044 20.397694 24.318882 28.993868 49 61 70
1.0811735 0 17.877598 23.790211 27.746967 48 61 70
2.5099679 2.1560324 0 24.859302 28.993868 51 62 76
3.0714876 3.0073631 3.243701 0 26.55369 55 66 77
3.8592787 3.5820329 3.8767587 3.5234048 0 56 61 84
6.8026535 6.7611877 7.2999328 8.2395387 8.3507664 0 58 62
9.4590052 9.5946876 9.8443879 10.797802 9.8358977 8.7612785 0 73
11.278622 11.372923 12.926761 13.175421 15.240415 9.2993562 12.097465 0
8 8 10
0 12.036312 17.10876 19.520477 21.787983 35.335726 54 80
1.2794584 0 14.669027 16.73683 19.954266 34.567558 52 80
1.8319043 1.5514995 0 14.669027 17.10876 35.335726 53 78
2.120284 1.8013794 1.5480228 0 16.017052 35.335726 53 77
2.4293752 2.1884397 1.8367765 1.7056717 0 33.816089 50 78
4.217609 4.1180188 4.1666958 4.1959618 4.0432319 0 52 79
7.3081155 6.996442 7.1742433 7.1668017 6.7084765 6.9004086 0 81
12.902676 12.773938 12.28015 12.119655 12.453036 12.450486 13.112983 0
8 8 11
0 9.4513739 16.017052 21.787983 21.787983 47 55 88
1.3079374 0 12.856697 17.877598 19.096119 51 52 88
2.3090907 1.8503444 0 19.096119 19.520477 52 55 90
3.3246753 2.6875439 2.8765609 0 21.787983 52 56 88
3.2542723 2.8630138 2.9017039 3.3505488 0 50 54 84
8.2799432 9.041997 9.2699311 9.5389455 8.9368902 0 61 89
10.205617 9.4724283 10.237567 10.583324 9.9500065 11.499431 0 92
20.68217 20.861796 21.575445 20.77159 19.389517 20.847632 22.205114 0
8 8 12
0 10.783676 17.488954 21.314331 23.790211 47 53 76
0.63703943 0 15.328227 19.954266 22.27216 46 52 77
1.0677554 0.91409292 0 21.787983 22.27216 44.021739 51 74
1.3572729 1.2574188 1.3650217 0 19.954266 48 53 77
1.5153765 1.4034497 1.3787833 1.244208 0 44.021739 52 73
3.4488457 3.3958525 3.1607478 3.5804865 3.1558127 0 54 76
4.1254989 4.0012652 3.8380115 4.1089816 4.0159831 4.1877945 0 74
6.6983045 6.7473378 6.3175258 6.7647809 6.2522661 6.546481 6.4167992 0
8 8 13
0 14.350135 20.850976 24.318882 23.273033 51 56 70
1.9099041 0 17.10876 21.787983 20.850976 50 54 69
2.9185508 2.3384333 0 21.314331 22.27216 52 57 71
3.5387936 3.0721051 3.0254352 0 19.954266 53 55 71
3.3509128 2.8965006 3.1655485 2.8306416 0 48 53 67
8.4044973 8.2956985 8.7706732 9.1141345 7.9578282 0 51 64
9.7434155 9.3682452 10.019057 9.6408221 9.1326681 8.6397641 0 69
13.897344 13.477087 14.004791 14.206206 13.095601 12.047499 13.607871 0
8 8 14
0 11.774653 25.411731 27.746967 28.993868 57 58 65
1.8880345 0 21.314331 24.318882 29.638176 56 59 64
4.3563515 3.5763884 0 25.976436 31.658288 53 55 66
4.9722878 4.2775637 4.4989503 0 24.859302 62 56 68
5.175708 5.3061989 5.7287481 4.4017761 0 61 56 64
11.722546 11.447644 10.683761 13.34744 13.199916 0 63 67
12.465854 12.591393 11.330549 11.978732 11.828416 13.586449 0 69
14.266488 14.030049 14.610071 15.362364 14.067828 14.624712 15.64325 0
8 8 15
0 15.328227 20.397694 21.787983 25.411731 56 50 71
2.2354377 0 18.680986 19.520477 24.859302 53 52 71
3.0298598 2.7578549 0 19.954266 22.27216 53 50 70
3.3573023 2.9294622 3.00418 0 20.397694 56 51 71
3.9512518 3.8685237 3.397269 3.0814002 0 55 51 69
10.690901 9.7236704 9.8489492 10.714058 10.406101 0 55 74
9.2260344 9.64136 9.1664479 9.3786288 9.2460182 10.329562 0 70
14.356561 14.46689 13.946395 14.426203 13.899405 15.274053 14.032377 0
8 8 16
0 13.434454 18.680986 23.790211 25.976436 49 58 65
3.2440098 0 20.397694 25.411731 24.318882 53 60 66
4.6598448 5.1665954 0 21.787983 23.790211 51 55 61
6.2028694 6.7219244 5.6526237 0 22.27216 53 62 68
6.8155742 6.5053543 6.1593337 5.8831548 0 54 60 68
15.000421 16.610743 15.634914 16.651012 17.093315 0 58 65
18.859166 19.784604 17.629729 20.735403 19.942955 18.703683 0 65
21.182237 21.769228 19.287535 22.765918 22.674668 20.86162 21.343043 0
8 8 17
0 12.577203 19.096119 21.787983 23.790211 59 51 66
1.3740071 0 19.520477 23.273033 24.318882 60 53 65
2.1942511 2.2201916 0 21.787983 24.859302 58 53 63
2.5539778 2.7397734 2.5133952 0 24.859302 58 53 64
2.8287925 2.9075451 2.9885978 2.9569757 0 58 54 61
8.6929036 8.8681305 8.4760397 8.56893 8.5268436 0 62 70
7.2258264 7.510084 7.622068 7.5808694 7.8127203 9.5386128 0 59
10.170995 9.9725484 9.5908732 9.6939118 9.244331 11.196011 8.7960622 0
8 8 18
0 12.036312 17.877598 19.520477 22.767097 45 44.021739 73
0.78293419 0 17.10876 18.274878 20.850976 44.021739 44.021739 74
1.2268605 1.1738833 0 18.680986 20.397694 43.064745 42.128555 73
1.3549577 1.2706303 1.2913425 0 20.397694 46 44.021739 75
1.5948871 1.4739306 1.4256788 1.4189001 0 44.021739 44.021739 72
3.6167416 3.5494373 3.4240453 3.7364017 3.5305768 0 49 74
3.5994168 3.5878758 3.4022927 3.559268 3.6055058 4.0961197 0 74
7.2071696 7.2749037 7.1911479 7.4744199 7.0771033 7.2277274 7.3792607 0
8 8 19
0 13.434454 22.27216 22.767097 25.411731 64 66 80
2.14169 0 18.680986 20.397694 23.273033 64 68 82
3.7269447 3.1384712 0 23.790211 22.767097 64 68 83
3.8438701 3.4028373 4.077546 0 21.787983 65 67 85
4.4267194 4.0012161 3.8773002 3.7225192 0 65 70 87
14.24683 14.345868 14.315272 14.4841 14.666567 0 61 86
14.763412 15.493666 15.462224 15.223535 16.392003 13.599511 0 83
20.101657 20.682445 21.356084 21.793369 23.028664 22.602275 21.426448 0
8 8 20
0 12.036312 19.954266 22.27216 24.859302 52 59 79
1.1242265 0 15.328227 19.954266 20.850976 51 58 79
1.9441835 1.4632307 0 21.314331 22.27216 52 58 77
2.2217729 1.9478828 2.1377356 0 19.954266 52 60 79
2.5100032 2.0400347 2.2072579 1.9612992 0 51 59 77
6.1708779 6.0502354 6.2065679 6.1818151 6.1235175 0 56 76
7.4514246 7.2086143 7.356348 7.6509345 7.517726 6.9030434 0 82
11.522003 11.36391 11.027988 11.585618 11.141023 10.705976 12.273058 0
