1
8 8 1
0 10.319917 16.017052 18.680986 19.954266 33.816089 36.120964 48
1.6536258 0 16.73683 19.954266 20.397694 34.567558 36.923652 50
2.6127716 2.7599343 0 17.10876 19.520477 36.120964 36.923652 45
3.1749369 3.4214247 2.8630371 0 17.877598 35.335726 40.316788 48
3.4537663 3.5207563 3.2816814 3.059448 0 38.582937 40.316788 49
6.2358124 6.4560888 6.6509511 6.6095912 7.3499076 0 37.744178 47
6.6940648 6.9078515 6.9185586 7.7499594 7.9101715 7.0410645 0 53
9.7090615 10.043629 8.8166602 9.6110033 10.031711 9.1240515 10.853602 0
