12
8 8 1
0 11.5 15.7 20.5 21 56.9 61.7 110.6
0.9104912 0 13.1 17.9 20.2 54.2 63.2 106
1.3059444 1.0556079 0 20.1 21.3 55.1 62.5 109
1.8116922 1.5253634 1.7767153 0 20.3 53 61.7 111.3
1.8698544 1.7770793 1.9076149 1.7836641 0 52.3 61 103.6
8.7774792 8.1185097 8.2979173 7.7073274 7.6076179 0 63.3 107.6
10.181428 10.617114 10.512205 10.154964 9.9623347 10.581229 0 120.7
40.51239 36.637946 38.98772 41.233006 35.123164 37.550883 49.945057 0
8 8 2
0 7.4 14.2 15.6 16.7 32.4 34.5 73.8
1.9042508 0 13.6 15.3 17.9 37.1 31.5 71
3.9588149 3.7858548 0 16 19.7 36.1 35.1 68.5
4.4260138 4.325613 4.5706339 0 15.6 30 35.8 70.5
4.7915223 5.2063928 5.8845388 4.4195991 0 32.5 32.8 73.9
11.837553 14.396737 13.739207 10.657046 11.761197 0 38.2 75.6
12.879692 11.339655 13.145443 13.54905 11.970565 15.458021 0 81.4
51.932858 47.966811 44.855278 48.394751 52.718374 55.043635 63.766081 0
8 8 3
0 10 18.1 21.4 22.7 66.3 70.1 74.4
1.4050017 0 14.5 18.8 20.2 62.1 66.7 69.5
2.8113731 2.1530048 0 18.8 20.6 60 69 75.1
3.4631435 2.9556835 2.9444674 0 21.4 62 68.5 77.8
3.7242103 3.2357566 3.3081429 3.4642016 0 61.3 66 76
21.572616 19.17189 17.96725 19.144893 18.66651 0 69.3 71.3
23.882023 21.883263 23.198282 22.857767 21.213392 23.004747 0 80.5
27.913546 24.652294 28.396482 30.269389 29.31819 25.492585 32.680936 0
8 8 4
0 7.9 14.1 15.4 15.5 22 27.5 49.7
1.0799055 0 12.9 12.9 13.2 21.2 25.1 48.2
2.097492 1.8803707 0 16.7 18.6 21.1 25.8 45.4
2.3337205 1.8835119 2.5593086 0 15.7 21 26.3 51.8
2.3464635 1.9289229 2.9082824 2.3700078 0 19.6 23.8 52.3
3.6714118 3.4851729 3.4738352 3.4545174 3.1236059 0 22.6 46.8
4.9142912 4.3247624 4.4914901 4.6231836 4.0018365 3.752164 0 51.6
12.799767 12.126325 11.071802 13.623553 13.840302 11.66811 13.495698 0
8 8 5
0 7.5 11.9 15.6 15.3 25.4 25.4 38.6
0.27352914 0 11.1 14.2 15.1 25.6 25.1 38.9
0.46512104 0.42760439 0 14.6 15.8 25.2 26.1 38.2
0.63182523 0.5629832 0.5874268 0 14.4 25.7 26.3 38.7
0.61991824 0.6120068 0.64328695 0.57605603 0 23.7 25.3 38.7
1.1981655 1.2042451 1.188896 1.2130616 1.0862119 0 26 37.2
1.1835402 1.1670973 1.2309055 1.2349142 1.1768846 1.2226483 0 40.9
2.2601321 2.2844046 2.2373922 2.2690991 2.2677956 2.1561718 2.4434359 0
8 8 6
0 8.5 14.5 19.8 19.8 50.2 58.2 115.5
1.1078581 0 11.8 16.3 17.5 53.7 53.8 113.8
2.0514885 1.6099092 0 17.6 18.1 54.9 57.9 122.3
2.997005 2.3491408 2.5811861 0 19.9 55.1 59 114.9
2.9944638 2.5534927 2.6858837 2.9854639 0 53.8 56.5 111
12.30376 13.671768 14.165544 14.223816 13.783645 0 69.3 120.1
15.921648 13.840407 15.69192 16.106304 15.05026 22.329363 0 124.2
77.705221 74.321605 90.619587 76.230432 70.186592 83.511931 93.426067 0
8 8 7
0 6.7 10.9 14.5 16.5 24.7 31.5 44.2
0.72978301 0 9.2 12.8 15.5 25.9 31.6 44.9
1.2726575 1.0409774 0 14 14.8 26 30.8 44.9
1.7490457 1.5040468 1.6891017 0 14.3 25.8 30.5 44.7
2.0541317 1.8901115 1.8029468 1.7279958 0 23.7 32 44.2
3.5337446 3.7537231 3.7555224 3.7289977 3.3448714 0 32.6 40.5
4.8451107 4.8476808 4.6798937 4.6268273 4.9583811 5.0564238 0 55
8.5274113 8.7346421 8.7574065 8.628187 8.4415236 7.5571641 11.927503 0
8 8 8
0 6.2 10.8 12.1 16.5 32.9 37.5 56.4
0.80701014 0 9.5 10.8 13.9 34.6 37.8 56.8
1.5072527 1.2937928 0 12.3 14.5 33.6 36.5 53.4
1.709869 1.5013977 1.7560437 0 12.6 33.2 36.4 54.2
2.4596262 2.0066634 2.1243127 1.7819693 0 32.3 34.3 54.5
6.3558532 6.826397 6.5952903 6.4432762 6.2178234 0 35.4 54.7
7.5299525 7.626587 7.2972222 7.2455288 6.6027015 6.9559172 0 57.8
15.140559 15.379351 13.918711 14.197299 14.282728 14.790656 16.069112 0
8 8 9
0 9.1 13.8 17.1 17.3 41.6 43.6 67.3
0.7082744 0 13.4 16.9 18.1 41.4 46.2 67.7
1.1434075 1.0973988 0 17.1 18.7 44.4 43.3 68.5
1.4690093 1.4490629 1.4685907 0 18.3 43.6 42.2 73.8
1.5083264 1.5896251 1.6571772 1.5996486 0 43 44.6 70.3
5.2417688 5.2265101 5.828328 5.6244782 5.5242347 0 48.4 66.6
5.5845785 6.1372781 5.5664477 5.289268 5.8256914 6.7265227 0 72.4
12.54403 12.639905 13.040294 14.965988 13.672465 12.451337 14.52334 0
8 8 10
0 7.5 13.8 14.1 17.1 45.1 41.9 63
1.3399645 0 13 15.6 16 43.4 39.5 60.5
2.6405724 2.4539025 0 15.1 16.2 43 40.6 62.9
2.7269104 3.0600284 2.9325697 0 14.6 40.7 40.6 61.7
3.4428356 3.1571283 3.1917857 2.8428213 0 37.1 38.9 62.2
13.812664 12.92165 12.758862 11.670514 10.258205 0 53.5 67.5
11.63736 10.608826 11.13677 11.068659 10.367326 17.851688 0 72.9
25.745967 23.800326 25.46101 24.807962 25.099872 29.797003 32.426975 0
8 8 11
0 6.8 11.6 13 15.4 26.3 33.7 40.3
0.79363716 0 9.7 11.6 15.2 27 35.3 40.9
1.4396027 1.174078 0 13.6 15.2 27 37.8 39.2
1.6393677 1.443966 1.7278313 0 13.2 28.3 33.4 39.4
1.9971916 1.9715216 1.9683556 1.6607296 0 27.3 32.9 40.3
4.0911112 4.1970215 4.2286281 4.4571044 4.2594853 0 33.4 41.4
5.5830596 5.9555792 6.6081817 5.534905 5.4433782 5.5584464 0 53.3
7.8302417 7.9992292 7.5766978 7.5077929 7.7949322 8.2997106 11.716834 0
8 8 12
0 7.1 11.3 11.3 13.5 24 24.3 49
0.38931195 0 9.8 10.9 13.1 23.2 24.8 47.9
0.65072383 0.55496195 0 11.1 13 23.7 25.2 46.3
0.65164678 0.61982718 0.63487357 0 12.3 23.3 25 46.2
0.79672737 0.76746276 0.76371385 0.7125523 0 21.3 23.6 47.1
1.6546682 1.5765127 1.6290561 1.5901679 1.4171503 0 23.2 48.1
1.665488 1.7056841 1.7479607 1.7224583 1.6019832 1.5838208 0 48
5.0180053 4.815422 4.5728242 4.5383268 4.6764139 4.8519669 4.8095345 0
