31
8 8 1
0 7 10.5 12.6 12 37.7 33.3 46.9
1.0299524 0 10 12.7 10.7 36.9 33.1 47.1
1.6097508 1.5170013 0 12.6 11.1 37.2 30.9 43.7
1.9648374 1.9855646 1.9864746 0 9.2 36.7 32.7 47.1
1.8784821 1.6451071 1.7265918 1.3837633 0 37 30.3 45.5
8.6493883 8.3814749 8.5244719 8.2643097 8.4124447 0 43.1 54.6
7.0413741 6.9870362 6.3974045 6.8684839 6.2153368 10.677316 0 46.9
12.651021 12.667092 11.322037 12.765498 12.063497 16.624251 12.549638 0
8 8 2
0 11.1 15.8 18.4 21.9 45.9 52.6 78.5
1.0961399 0 16 17.5 21.9 44 52.1 77.2
1.6616582 1.6907064 0 18.6 20.6 46.1 54.8 76.7
2.003531 1.8901437 2.0351409 0 18.4 44.7 53.7 82.4
2.5026981 2.5120121 2.3380391 2.0074393 0 45.9 54.3 81.7
7.5919544 7.1053474 7.7276266 7.2295014 7.6207053 0 56.2 84.8
9.6456352 9.470511 10.43012 10.00132 10.266287 10.858707 0 82.9
21.250523 20.619025 20.544503 23.691267 23.261007 25.429369 24.595971 0
8 8 3
0 7.8 11.6 14.8 14.6 28 33.1 42.7
0.7610541 0 10.6 14 13.1 27.7 30 42.1
1.2023935 1.073258 0 13.3 15.4 27.2 31.7 39.6
1.5704656 1.4728399 1.3894054 0 13.3 30.2 31.7 40.5
1.5576239 1.3770462 1.665865 1.3901801 0 28.8 32.1 40.2
3.7142849 3.6386967 3.5696936 4.0803126 3.8424727 0 33.1 39.8
4.6045895 4.0040918 4.3344089 4.2865559 4.4085193 4.677523 0 35.8
7.0425359 6.8676475 6.2964035 6.40512 6.3999472 6.295779 5.2704179 0
8 8 4
0 10.5 15.5 16.8 16.5 36.2 40.8 66.3
2.3100677 0 16 16.1 17.4 37.5 45.9 66
3.662873 3.772488 0 17.6 17.7 38 41.5 70.3
3.9666267 3.7917317 4.231534 0 16.9 39.9 44.9 69.4
3.884561 4.1350543 4.2331571 3.9720993 0 41.6 41.7 74.4
11.801887 12.399314 12.741384 13.655873 14.507274 0 38 68.4
13.983945 16.669842 14.271573 15.931525 14.197093 12.343975 0 79.9
33.929716 34.252441 38.393138 37.246829 43.047677 37.030679 49.085112 0
8 8 5
0 8.7 13.3 16.4 17.6 47.8 42.9 93.9
0.77244015 0 12.7 17.2 17.9 47.2 42.8 90.9
1.2588536 1.1911098 0 17.3 16.9 50.4 44.6 94.4
1.6019262 1.696306 1.7068655 0 14.8 48.8 46.5 96.2
1.7419739 1.7762498 1.6717707 1.4066597 0 47.6 44.1 98
7.5992787 7.3852332 8.2982232 7.8031212 7.5293205 0 55.7 101.9
6.2597282 6.2044249 6.6596373 7.055278 6.4613309 9.8035751 0 87.9
30.561725 28.402575 30.956799 32.092252 33.57378 37.557364 26.182594 0
8 8 6
0 4.4946194 9.2 12.6 15.2 25.1 28.1 44.2
0.76119179 0 8.3 12.6 14.4 27.3 29.5 44.3
1.6571176 1.4822683 0 10.7 14.7 24.2 29.3 46.4
2.3449576 2.3435873 1.9513649 0 12.2 27.4 29 49.3
2.9366015 2.7468818 2.8081403 2.2725285 0 27.1 30.2 48.1
5.7681398 6.4202954 5.4796124 6.4263169 6.3095647 0 28.7 43.2
6.6608221 7.1096368 7.0702562 6.964712 7.3524687 6.9364337 0 47.6
13.609222 13.654086 14.63152 16.182039 15.313767 13.276067 15.193482 0
8 8 7
0 9.3 15.5 19.1 19.7 44.4 59.2 117.4
0.95377956 0 14.3 18.1 19.3 44.1 60.8 116.5
1.7179896 1.5705369 0 18.4 18.9 45.7 60.9 117.1
2.2081077 2.0595623 2.1161532 0 16.2 48.7 54.8 121.5
2.2993218 2.2419404 2.1953679 1.7978435 0 47.8 53.6 114.8
7.6281057 7.6199109 8.0925888 8.9062262 8.665926 0 61.6 128.4
12.021789 12.5446 12.5377 10.449907 10.043973 12.906058 0 118.3
58.262667 57.030287 58.17013 63.487063 55.023234 74.82922 60.298454 0
8 8 8
0 7.4 10.7 13.6 15.8 33.8 42.2 53.9
1.6761902 0 12.8 14.3 17 35.9 41.1 52.5
2.5463761 3.0836668 0 16.9 18.9 33.6 40.8 57
3.3232647 3.5002063 4.289346 0 15 34.3 37.7 55.6
3.9850052 4.334453 4.9542243 3.7545281 0 37.8 42.7 55.8
11.348596 12.315183 11.094179 11.45471 13.316011 0 39.2 55.7
15.498186 14.743834 14.727554 12.993448 15.737308 13.917019 0 69.1
25.240046 23.863052 27.782702 26.122336 26.61952 26.97131 37.306378 0
8 8 9
0 8.4 11.6 14.9 18.7 34.9 31.1 55.2
2.3357732 0 9.4 13.7 15 32.6 32.7 53
3.3446254 2.6524602 0 14.9 18 35.4 31.9 51.8
4.4364963 4.0444888 4.4432685 0 15.8 35.2 35 55.9
5.8787948 4.5572836 5.5701199 4.762024 0 36.3 32.8 63.5
14.43271 13.105923 14.855818 14.535083 15.009779 0 30.1 55.4
11.924096 12.779175 12.32245 14.093515 12.766891 11.550885 0 50.1
31.729625 30.019533 28.562439 32.316155 40.583517 33.248001 26.461798 0
8 8 10
0 7.7 14.4 20.2 21.3 62.6 44.9 68.2
1.5494913 0 13.8 18.3 19.6 59.5 44.8 68.7
3.1847527 3.0059877 0 20.1 22.5 54.6 45.9 67.6
4.7697671 4.2258945 4.7490065 0 17.5 53.6 51.1 70.7
5.1567446 4.6171193 5.5150725 3.9958175 0 53.6 50.4 69.1
27.680576 25.307885 21.9668 21.080202 21.009168 0 51 57.7
15.580575 15.609365 16.213502 19.021814 18.69565 19.041009 0 59.3
34.020885 34.669682 33.623479 35.445998 34.192439 24.762913 25.439051 0
8 8 11
0 10 18.1 21.4 22.7 66.3 70.1 74.4
1.4050017 0 14.5 18.8 20.2 62.1 66.7 69.5
2.8113731 2.1530048 0 18.8 20.6 60 69 75.1
3.4631435 2.9556835 2.9444674 0 21.4 62 68.5 77.8
3.7242103 3.2357566 3.3081429 3.4642016 0 61.3 66 76
21.572616 19.17189 17.96725 19.144893 18.66651 0 69.3 71.3
23.882023 21.883263 23.198282 22.857767 21.213392 23.004747 0 80.5
27.913546 24.652294 28.396482 30.269389 29.31819 25.492585 32.680936 0
8 8 12
0 8.3 13.2 14.1 15.2 35.2 36.8 50.5
0.89946914 0 11.2 14.3 13.9 34.9 37 48.5
1.5127371 1.2490197 0 14.9 15.8 35.6 34.6 50.9
1.647986 1.6769328 1.7537887 0 14.4 37 37.3 54.2
1.8030735 1.6068131 1.8755028 1.6826498 0 35.6 37 55.5
5.7755844 5.6936417 5.8698997 6.1685859 5.8591975 0 36.9 50.6
6.0712615 6.0134195 5.51855 6.1864557 6.0424505 6.0453072 0 51.1
10.538537 9.8618814 10.66727 11.92401 12.442678 10.568382 10.585939 0
8 8 13
0 9.3 14.6 16.5 17.7 32.8 34.5 51.6
1.3811483 0 15.2 17.6 18 34 35.3 52.8
2.3485923 2.4297513 0 15.4 17.6 35.3 35.7 48.3
2.6816649 2.875107 2.4775425 0 15.8 34 38.2 50.1
2.9226484 2.97461 2.9102824 2.52733 0 36.5 39.1 51.4
6.9817917 7.3236316 7.6975977 7.2660026 8.0591428 0 36.9 50.3
7.3726263 7.6508396 7.7718153 8.5372669 8.8836206 8.2318804 0 57.7
14.657738 15.178276 13.085808 13.862361 14.402045 14.059705 17.865701 0
8 8 14
0 7.9 14.1 15.4 15.5 22 27.5 49.7
1.0799055 0 12.9 12.9 13.2 21.2 25.1 48.2
2.097492 1.8803707 0 16.7 18.6 21.1 25.8 45.4
2.3337205 1.8835119 2.5593086 0 15.7 21 26.3 51.8
2.3464635 1.9289229 2.9082824 2.3700078 0 19.6 23.8 52.3
3.6714118 3.4851729 3.4738352 3.4545174 3.1236059 0 22.6 46.8
4.9142912 4.3247624 4.4914901 4.6231836 4.0018365 3.752164 0 51.6
12.799767 12.126325 11.071802 13.623553 13.840302 11.66811 13.495698 0
8 8 15
0 10.9 16.5 17.5 18.8 41.6 48.2 60.7
1.2026514 0 14.3 14.6 17.2 41.7 48.3 60
1.9552852 1.651802 0 17.8 19.9 42.2 48 58
2.1002325 1.6841406 2.1546757 0 18.6 42.2 48.2 64.9
2.2708958 2.042976 2.4432966 2.2373689 0 44.2 49.4 68.5
7.1581136 7.2448114 7.4531303 7.3337455 7.8095896 0 51.4 60.9
9.2732992 9.2564261 9.2164404 9.1237088 9.5577199 10.292171 0 71
14.480284 14.176998 13.349551 16.295877 17.978836 14.955866 19.946876 0
8 8 16
0 8.7 18.3 21.4 25.9 53.5 64.5 88.3
0.91554099 0 16 21 24.3 53.2 64.4 89.4
2.1752067 1.8432678 0 21.8 25.2 54.7 63.3 94.4
2.6450076 2.5872542 2.698506 0 22.5 58.4 66.7 91.7
3.3951551 3.11969 3.2705974 2.7960639 0 59.1 60.4 101.5
11.178678 11.050534 11.448437 12.663049 13.127075 0 67 86
15.690936 15.495289 15.029896 16.451493 13.65296 17.068754 0 90.7
31.559062 32.142866 36.083377 33.160216 41.665036 31.128939 32.937962 0
8 8 17
0 8.7 14.4 17.5 18.7 51.2 47.3 59.1
2.4933601 0 12.8 18.7 17.6 50.7 46 60.8
4.4162842 3.838501 0 19.4 16.9 53.4 44.5 55.6
5.6369813 6.0880353 6.3827697 0 18.6 51.8 49.8 57.9
6.1100206 5.6342484 5.3519084 6.0863511 0 51.1 46.6 65
27.821386 27.193711 29.636631 27.829923 26.95409 0 52.1 62.8
23.463031 22.323007 21.171485 25.313763 22.726347 28.35987 0 59.5
36.078061 37.719884 32.338178 34.411552 41.902676 41.570836 36.140145 0
8 8 18
0 8 13.6 14.6 18.2 37 38.7 54.7
0.98828384 0 14 14 18.3 36 38.8 55.6
1.8034966 1.8610711 0 14.8 19 33.2 38 54.3
1.958471 1.8517322 1.9878435 0 14 34.8 38.5 56.9
2.5633043 2.5658312 2.706714 1.8716796 0 34.2 38.7 57.8
6.9686886 6.6683081 5.9603142 6.3914977 6.206948 0 38.5 59.9
7.5159004 7.5229393 7.2921996 7.4675284 7.5789382 7.4689198 0 62.8
13.965767 14.249887 13.899805 15.039204 15.582479 16.627041 18.117344 0
8 8 19
0 6.7 12.2 13.9 18 34.4 36.2 44.7
0.6744665 0 10 12.3 15.1 33.1 35.4 46.4
1.330562 1.0522313 0 13.3 16.8 32.5 35.9 45.9
1.5290327 1.3272743 1.4637234 0 13.2 34.5 37.5 47.5
2.0809916 1.6824152 1.9126421 1.4394509 0 31.6 37.5 49.8
5.1721713 4.8969094 4.7779513 5.1308517 4.5482993 0 30.3 43
5.6091272 5.4125297 5.5873347 5.8562937 5.8674896 4.3494904 0 44.3
8.0312117 8.4923664 8.3204973 8.6906187 9.2876541 7.7424977 8.0768141 0
8 8 20
0 8.5 14.5 19.8 19.8 50.2 58.2 115.5
1.1078581 0 11.8 16.3 17.5 53.7 53.8 113.8
2.0514885 1.6099092 0 17.6 18.1 54.9 57.9 122.3
2.997005 2.3491408 2.5811861 0 19.9 55.1 59 114.9
2.9944638 2.5534927 2.6858837 2.9854639 0 53.8 56.5 111
12.30376 13.671768 14.165544 14.223816 13.783645 0 69.3 120.1
15.921648 13.840407 15.69192 16.106304 15.05026 22.329363 0 124.2
77.705221 74.321605 90.619587 76.230432 70.186592 83.511931 93.426067 0
8 8 21
0 7.5 13.3 16 15.9 34.8 46.8 77.4
1.2881154 0 11.8 16.2 15 36.5 49.5 77.6
2.4609209 2.147314 0 15.7 16 37.6 47 75
3.0911354 3.1134327 3.0085625 0 15.6 39.4 50.1 71.3
3.0641151 2.844812 3.0899361 2.9771253 0 37.9 47.2 75
8.906642 9.439089 10.020538 10.756185 10.088407 0 45.4 73.6
14.534579 15.829574 14.444339 16.127559 14.631872 13.841482 0 67.4
38.080693 37.976835 35.949004 32.005912 35.519807 34.883766 28.625017 0
8 8 22
0 9.3 14.8 15.6 20 52.6 46.8 78.2
0.6483888 0 12.7 15 19.6 52.1 48.1 78.2
1.1119392 0.93026652 0 15.1 19.8 54.6 49.9 76.3
1.1676095 1.1110616 1.1267596 0 18.8 56.6 48.9 76.8
1.5849572 1.5494457 1.5716464 1.4632286 0 56.4 50.2 80.6
6.9529927 6.8299173 7.3835989 7.8274829 7.7512185 0 54.9 77.6
5.6494143 5.9010051 6.2641522 6.0818766 6.2994001 7.7512233 0 71.8
15.242977 15.363046 14.670851 14.788386 16.237811 15.380692 12.796875 0
8 8 23
0 9.6 15.3 18.3 20.8 44.5 53.4 58.7
0.83649962 0 13.2 17.8 19 44.6 53.1 61.4
1.432004 1.2041396 0 17.4 19.3 43.4 51.2 62
1.7822799 1.7113331 1.676291 0 16.2 45.7 49.5 63.4
2.0917951 1.8594605 1.9031516 1.5286318 0 43.6 50.9 64.8
6.4541786 6.406934 6.1639954 6.6950474 6.1649978 0 48.7 59.9
8.7446372 8.6245504 8.120762 7.6560632 8.0899954 7.5152502 0 59.9
10.737142 11.694268 11.948784 12.373916 12.83664 11.49601 11.25033 0
8 8 24
0 9.2 17.4 16.4 21.3 42.4 49.2 81.4
1.5740999 0 14.7 14.3 18 40.4 47.8 77.5
3.3274023 2.7278449 0 15.8 18.7 44.7 50 79.6
3.1073872 2.6382309 2.947399 0 16.8 45.6 45.6 74.9
4.2678823 3.4649358 3.6234312 3.1639856 0 44.4 49 79
11.867558 10.964143 12.839434 13.217525 12.682884 0 48.1 82.9
15.204348 14.499927 15.722754 13.439014 15.137856 14.235118 0 77.4
42.624104 38.24164 40.597663 35.253106 39.156224 43.468196 37.436107 0
8 8 25
0 14.4 19.3 20.8 24.5 63.3 54 97.4
2.0888318 0 17.7 18.4 23.7 59 55.8 97.3
3.0032081 2.6991667 0 19.2 21.8 60.6 54 96.6
3.3026651 2.8229236 2.996775 0 19.5 63.8 55.1 98.6
4.1066817 3.9228373 3.5289192 3.0426978 0 62.6 55.2 96.9
19.313757 17.203939 18.111058 19.751361 19.047805 0 60.6 103.3
14.350973 15.087154 14.269092 14.683187 14.933328 17.54947 0 93.9
51.656407 51.513509 50.767705 52.443947 51.312259 59.067708 46.154994 0
8 8 26
0 7.5 12.2 14.7 17.3 27.4 27.6 43.5
0.51325029 0 11.5 14.4 17.3 26.5 28.3 45.4
0.87962937 0.82610588 0 13.7 17.1 28.8 29 45.2
1.0887011 1.0577182 1.000488 0 13.9 29.3 28.8 46.3
1.3333661 1.3286255 1.3110144 1.0226876 0 29.2 29.2 46.5
2.500881 2.3867271 2.6764836 2.7009086 2.7180575 0 29.2 44.8
2.498373 2.5706634 2.6748592 2.6144581 2.6862158 2.7271928 0 41.2
5.1023247 5.4243285 5.4119552 5.5632099 5.6533355 5.4108287 4.6282626 0
8 8 27
0 12.3 17.8 22.2 23.8 53.3 64.4 90.3
2.885 0 18.9 23 22 56.3 64.9 87.5
4.5409198 4.8667975 0 20.2 22 55.6 59.9 84.4
5.9778334 6.2420528 5.3396158 0 20.1 56.1 66.5 89.4
6.5263269 5.8685283 5.8848422 5.2730223 0 57.8 63.3 91.1
23.319419 25.295289 24.871838 25.594673 26.801353 0 63.7 91
33.245384 33.507778 29.157324 35.221844 31.994488 31.97052 0 85.9
73.367299 66.575543 63.554598 69.297301 72.92886 74.927051 62.800061 0
8 8 28
0 7.4 14.2 15.5 17.3 44.7 49.4 92.9
0.5078782 0 12.8 16.4 17.2 44.8 48.7 94.1
1.0576477 0.93584789 0 18 17.7 45.1 48.6 96.5
1.1747469 1.256127 1.4113384 0 16.7 43.2 49.6 95.8
1.3357359 1.327809 1.3793293 1.2910813 0 44.9 48.3 97.7
5.284373 5.2909125 5.3151383 4.9997829 5.3059971 0 45 94.2
6.1849465 6.0081232 5.9822413 6.174593 5.9414078 5.3160472 0 92.9
22.985124 23.503564 24.615757 24.649664 25.824204 24.534152 23.012928 0
8 8 29
0 8.4 15 19.1 19.3 44.7 52.5 83
0.86680075 0 14.2 19.8 19.5 46.2 54.3 80.9
1.6769577 1.5731644 0 17.4 18.2 45.1 49.7 85.4
2.2409617 2.3276649 1.9984886 0 17.7 48 54.3 87.8
2.294604 2.3051221 2.1190099 2.0357854 0 48.6 52.4 84.4
7.9273402 8.3508749 8.0266975 8.7532223 8.9995452 0 43.8 82.5
10.356196 10.835642 9.3616363 10.726556 10.171546 7.6088525 0 82.9
26.944013 25.353991 28.756932 29.326046 27.243967 26.75285 27.145692 0
8 8 30
0 12.4 20.7 21 23.7 69.9 72.5 109.6
1.918492 0 17.3 18.5 21.5 69.2 74.9 109.8
3.5557497 2.8615682 0 21.9 20.9 69.7 74.7 111.9
3.6062536 3.0864509 3.8302947 0 20 70.8 73.6 114.4
4.272102 3.7621781 3.6539627 3.4305099 0 69.3 77.1 116.8
25.092506 24.660016 25.077189 26.145631 24.84587 0 62.9 109
26.987938 28.947336 28.905846 28.01238 30.778185 20.131558 0 103.6
76.555632 76.617191 78.261478 82.937922 87.140679 71.640496 64.084999 0
8 8 31
0 8.4 11.2 15 14 31.7 33.2 43.5
1.0515721 0 9.2 13.4 13.4 32.2 35.2 44.3
1.4368013 1.164338 0 14 13.2 31 32.5 45.7
2.034529 1.7844958 1.8824326 0 13.3 34.9 35.4 47.1
1.8675151 1.7780946 1.7592112 1.7497741 0 32.5 35.3 45.3
5.6009765 5.7096667 5.4454488 6.3907719 5.7801963 0 34.5 42.2
5.8906475 6.4049656 5.7238121 6.4972127 6.4317753 6.3175022 0 43.4
9.2060961 9.4406133 9.9051088 10.368071 9.7868163 8.9020474 8.9916459 0
