40
8 8 1
0 7.7 12.5 15.3 17.1 31.3 42.2 78.1
0.58075224 0 11.5 12.9 15.6 31.6 40.9 76.7
1.0004776 0.90713643 0 13.4 16.7 31.3 39.3 77.9
1.2620362 1.0344442 1.0827158 0 13.9 31.9 39.3 76.8
1.450199 1.2961201 1.4114947 1.1258213 0 30.8 39.8 78.6
3.3351088 3.3665884 3.3209789 3.3938814 3.2206072 0 40.7 75.7
5.1496226 4.9126339 4.65353 4.6123772 4.7068944 4.958267 0 77.6
16.830544 16.277732 16.67456 16.000835 16.986339 15.937801 16.590857 0
8 8 2
0 9.9 16.8 21.1 22.9 52 59.7 118.7
2.6072968 0 14.2 18.9 19.7 52 62.3 112.7
4.8710826 3.944866 0 16.4 23.7 51.8 60.9 129.9
6.3496068 5.5046474 4.6725015 0 14.5 52.2 58.9 130
7.0286108 5.7921683 7.4325986 3.9701112 0 58.9 60.1 128.6
25.938248 25.778979 25.928555 25.660777 31.67223 0 67.3 112
33.520341 36.379634 34.915229 32.784352 33.507543 41.298167 0 96.9
166.89163 148.55983 212.24249 214.90918 198.7445 141.14189 96.134242 0
8 8 3
0 11.1 15.8 18.4 21.9 45.9 52.6 78.5
1.0961399 0 16 17.5 21.9 44 52.1 77.2
1.6616582 1.6907064 0 18.6 20.6 46.1 54.8 76.7
2.003531 1.8901437 2.0351409 0 18.4 44.7 53.7 82.4
2.5026981 2.5120121 2.3380391 2.0074393 0 45.9 54.3 81.7
7.5919544 7.1053474 7.7276266 7.2295014 7.6207053 0 56.2 84.8
9.6456352 9.470511 10.43012 10.00132 10.266287 10.858707 0 82.9
21.250523 20.619025 20.544503 23.691267 23.261007 25.429369 24.595971 0
8 8 4
0 10.8 16.2 18 19.9 53.7 57.6 95
0.68279873 0 15.1 16.2 18 54.5 55.8 94.4
1.1083412 1.0093544 0 18.2 19.6 57 57.6 100.1
1.2520913 1.1007518 1.2666714 0 18.2 55.5 57.3 95.9
1.4190214 1.2536262 1.3912108 1.2736325 0 56.7 57.4 101.5
6.531298 6.6667178 7.2330274 6.869341 7.0968465 0 62 89.5
7.2158026 6.7796043 7.1710004 7.1089917 7.1147779 8.2698815 0 86.5
21.784174 21.607746 24.306235 22.175008 25.377173 18.629875 16.959266 0
8 8 5
0 8 13.4 14.8 16.9 32 34 58
0.55798654 0 12.4 13.9 15.4 32 35 60
0.9949356 0.90761728 0 15.7 17.3 31.8 35.6 60.8
1.1158983 1.0407725 1.19452 0 13.6 31.5 34.3 59.2
1.3020293 1.1757499 1.3467232 1.0041288 0 32.4 36 58.9
3.1479269 3.1367152 3.1275796 3.0593334 3.1815927 0 37.3 57.8
3.4268384 3.5786971 3.6746078 3.4607418 3.7004362 3.9280323 0 58.2
8.614972 9.1108519 9.3843907 8.8627152 8.7196691 8.5574317 8.611032 0
8 8 6
0 7.7 11.6 13.7 15.3 33.9 30.3 67.5
1.5505622 0 9.6 11.2 13 35 30.5 66.4
2.4396782 1.9613877 0 12.3 13.9 36 34 69.2
2.9835545 2.3533232 2.6200094 0 11.6 34.4 32.7 67.8
3.4093158 2.7966567 3.0222496 2.4221678 0 34.1 30.8 69
9.8607847 10.38307 10.744501 10.044747 9.9357104 0 35.5 62.4
8.4867352 8.6003307 9.9233108 9.4818734 8.7393656 10.769055 0 70
34.59984 33.322482 36.144857 33.932859 35.987324 28.950059 36.47343 0
8 8 7
0 9.8 16 18.5 20.5 38.8 44.7 69.5
0.91372537 0 13.4 18.2 18.5 38.7 43.1 69.3
1.6114806 1.3030107 0 18.5 19 37.6 44.3 71.1
1.9195557 1.881472 1.9211568 0 18.8 39.3 46.1 69.1
2.1818147 1.9270738 1.9868445 1.9551098 0 37.4 43.1 69.7
5.5012964 5.509358 5.3024199 5.6504814 5.2267099 0 39.3 67.2
6.8933584 6.5382847 6.8058019 7.246912 6.5484885 5.6558398 0 68.2
16.009309 15.946916 16.843684 15.896341 16.195079 15.296269 15.557787 0
8 8 8
0 8.7 13.3 16.4 17.6 47.8 42.9 93.9
0.77244015 0 12.7 17.2 17.9 47.2 42.8 90.9
1.2588536 1.1911098 0 17.3 16.9 50.4 44.6 94.4
1.6019262 1.696306 1.7068655 0 14.8 48.8 46.5 96.2
1.7419739 1.7762498 1.6717707 1.4066597 0 47.6 44.1 98
7.5992787 7.3852332 8.2982232 7.8031212 7.5293205 0 55.7 101.9
6.2597282 6.2044249 6.6596373 7.055278 6.4613309 9.8035751 0 87.9
30.561725 28.402575 30.956799 32.092252 33.57378 37.557364 26.182594 0
8 8 9
0 4.4946194 9.2 12.6 15.2 25.1 28.1 44.2
0.76119179 0 8.3 12.6 14.4 27.3 29.5 44.3
1.6571176 1.4822683 0 10.7 14.7 24.2 29.3 46.4
2.3449576 2.3435873 1.9513649 0 12.2 27.4 29 49.3
2.9366015 2.7468818 2.8081403 2.2725285 0 27.1 30.2 48.1
5.7681398 6.4202954 5.4796124 6.4263169 6.3095647 0 28.7 43.2
6.6608221 7.1096368 7.0702562 6.964712 7.3524687 6.9364337 0 47.6
13.609222 13.654086 14.63152 16.182039 15.313767 13.276067 15.193482 0
8 8 10
0 8.3 13.1 18.9 21.8 45.4 51 78.3
1.0317907 0 12 16 19 41.2 48.8 80.7
1.727845 1.5501843 0 18.8 20.2 41.9 49.4 80.7
2.6922235 2.1961065 2.6666049 0 20 41.6 46.8 82.4
3.212207 2.7099088 2.9213053 2.8763257 0 41.3 46.1 85.7
9.6672361 8.2299807 8.4279315 8.33655 8.285041 0 49.3 79.9
11.975752 11.00078 11.279534 10.285604 10.020348 11.277405 0 77.5
29.125579 30.947915 30.998079 32.026599 34.594885 31.010862 28.219432 0
8 8 11
0 9.8 15.6 18.8 23.6 42.6 52.2 78.6
1.5650434 0 12.4 16.2 21 40.7 56 80.6
2.6962616 2.0712637 0 16.4 20.6 41.7 54.4 85.5
3.3580946 2.8085398 2.8608849 0 17.7 41.6 51.9 84.5
4.5175196 3.8720869 3.8024328 3.1152503 0 38.4 55 84.8
11.00409 10.255006 10.619366 10.539191 9.2104539 0 49.8 84.8
15.394916 17.241367 16.433851 15.192907 16.866617 14.021235 0 81.6
35.184255 36.62467 42.077834 41.455469 40.81079 43.194278 38.756899 0
8 8 12
0 7.4 14.2 15.6 16.7 32.4 34.5 73.8
1.9042508 0 13.6 15.3 17.9 37.1 31.5 71
3.9588149 3.7858548 0 16 19.7 36.1 35.1 68.5
4.4260138 4.325613 4.5706339 0 15.6 30 35.8 70.5
4.7915223 5.2063928 5.8845388 4.4195991 0 32.5 32.8 73.9
11.837553 14.396737 13.739207 10.657046 11.761197 0 38.2 75.6
12.879692 11.339655 13.145443 13.54905 11.970565 15.458021 0 81.4
51.932858 47.966811 44.855278 48.394751 52.718374 55.043635 63.766081 0
8 8 13
0 10.7 15.6 15 20.7 35.4 42.9 71.4
0.75736984 0 14.3 13.6 18.5 36.3 43.5 69.8
1.1817036 1.0655633 0 15 18.9 34.8 42.9 70.7
1.1151821 0.99263854 1.1146808 0 18.4 36.5 44.3 71
1.6609815 1.4392617 1.4940342 1.4269199 0 36.3 42.6 72.4
3.6471915 3.7579831 3.5553472 3.7615711 3.7322802 0 41.4 70.8
4.835979 4.9247602 4.815361 5.0247435 4.7564819 4.5835893 0 74.8
12.832744 12.304903 12.738045 12.540208 13.05502 12.660417 14.020971 0
8 8 14
0 8 12.4 14.7 15.2 23.3 34.2 67.9
1.1960754 0 10.3 11.6 13.3 24.5 32.9 68.7
1.9471134 1.5893889 0 10.2 11.9 25.7 33.9 68
2.3849164 1.8150662 1.5719942 0 11.9 23.7 32.8 70.9
2.4767161 2.1283166 1.8658892 1.8650103 0 23.3 34.4 67.8
4.2864967 4.6029431 4.872636 4.3774665 4.3082186 0 33.2 67.3
7.3623759 7.0071829 7.3027261 6.9479555 7.4836574 7.0378656 0 66.4
24.548341 25.20189 24.567257 26.591065 24.573042 24.112203 23.171228 0
8 8 15
0 8.7 18.3 21.4 25.9 53.5 64.5 88.3
0.91554099 0 16 21 24.3 53.2 64.4 89.4
2.1752067 1.8432678 0 21.8 25.2 54.7 63.3 94.4
2.6450076 2.5872542 2.698506 0 22.5 58.4 66.7 91.7
3.3951551 3.11969 3.2705974 2.7960639 0 59.1 60.4 101.5
11.178678 11.050534 11.448437 12.663049 13.127075 0 67 86
15.690936 15.495289 15.029896 16.451493 13.65296 17.068754 0 90.7
31.559062 32.142866 36.083377 33.160216 41.665036 31.128939 32.937962 0
8 8 16
0 11.7 19.2 21.1 21.9 54.4 56.2 84.5
1.400558 0 15 18.1 18.7 55.3 54.7 81.5
2.5445674 1.8894193 0 17.9 22.2 53.5 58.1 82
2.8606402 2.3723162 2.3146868 0 17.5 51.9 58.8 84.7
2.9963968 2.4714624 3.0333823 2.2606051 0 50.4 59.7 77.1
12.207721 12.565105 11.904793 11.275464 10.741894 0 55.4 85
13.169093 12.487571 13.983947 14.056436 14.517044 12.665064 0 76.1
31.178286 28.671398 29.006773 30.888385 25.46978 31.933079 24.793599 0
8 8 17
0 8.6 13.4 17.2 17 37.4 40.9 72.6
0.90660941 0 13.6 15.7 16.1 37.9 40.4 73.4
1.5008272 1.5125259 0 18.1 18.6 39.8 40.2 72
2.0082619 1.7871256 2.1266221 0 14.6 39.3 39.7 71.3
1.9765543 1.8450271 2.2029057 1.6480327 0 41.3 37.2 73.6
5.9930742 6.0855464 6.5459969 6.3871002 6.8878745 0 40.8 71.8
6.8059427 6.6337557 6.6509623 6.4952048 5.8530565 6.8511587 0 73.2
20.211637 20.61574 19.870002 19.482831 20.746824 19.613978 20.500654 0
8 8 18
0 12.2 17.4 19.2 22.2 43.2 51.8 88.6
1.098631 0 16.9 18.2 22.4 44.9 54.3 93.3
1.6735805 1.6090574 0 20.2 21.8 45.8 53.3 90.9
1.8843135 1.767361 2.0154631 0 19.3 42.9 52.9 89.2
2.2882579 2.3021414 2.2399892 1.905739 0 43.2 53.8 90.2
6.143576 6.5204472 6.6947408 6.0272707 6.0989719 0 45 83.5
8.3979164 9.1178139 8.7983172 8.6238544 8.8913783 6.4876457 0 83.8
25.932084 28.833408 27.315929 26.274552 27.050643 22.562475 22.647935 0
8 8 19
0 8 13.6 14.6 18.2 37 38.7 54.7
0.98828384 0 14 14 18.3 36 38.8 55.6
1.8034966 1.8610711 0 14.8 19 33.2 38 54.3
1.958471 1.8517322 1.9878435 0 14 34.8 38.5 56.9
2.5633043 2.5658312 2.706714 1.8716796 0 34.2 38.7 57.8
6.9686886 6.6683081 5.9603142 6.3914977 6.206948 0 38.5 59.9
7.5159004 7.5229393 7.2921996 7.4675284 7.5789382 7.4689198 0 62.8
13.965767 14.249887 13.899805 15.039204 15.582479 16.627041 18.117344 0
8 8 20
0 7.1 12.8 14 15.6 43.3 43.5 70.2
0.63357472 0 10.9 12.9 14.6 42.1 42.3 68.4
1.2233522 1.0161961 0 15.5 17.3 42.3 41.2 67.8
1.3496311 1.2286743 1.5336232 0 14.3 41 42.8 66.7
1.5491534 1.4355214 1.7631644 1.3838648 0 41.8 44.2 69.5
6.513559 6.2077868 6.3181695 5.9329459 6.148656 0 43 66.9
6.4175381 6.1674887 5.925905 6.2044316 6.5518163 6.3694363 0 67.8
16.039962 15.18959 15.072117 14.452976 15.750222 14.719547 14.930517 0
8 8 21
0 12.2 15.9 19 19.5 37.7 49.4 73.4
2.1989258 0 13.1 15.7 18.3 35.2 50.1 75.1
2.9881598 2.3754817 0 16.2 21.7 36.9 45.5 73.4
3.7294106 2.9387537 3.0502412 0 18.5 39.7 47.5 79.9
3.847799 3.5212405 4.3746736 3.5857121 0 40 47.5 79.3
9.8117025 8.8146289 9.4192868 10.534001 10.553876 0 46 70.9
14.977569 15.204173 13.134639 14.111919 14.031657 13.141144 0 85.2
34.501171 36.081641 34.575539 41.052532 39.6515 32.019675 45.749554 0
8 8 22
0 9.1 13.8 17.1 17.3 41.6 43.6 67.3
0.7082744 0 13.4 16.9 18.1 41.4 46.2 67.7
1.1434075 1.0973988 0 17.1 18.7 44.4 43.3 68.5
1.4690093 1.4490629 1.4685907 0 18.3 43.6 42.2 73.8
1.5083264 1.5896251 1.6571772 1.5996486 0 43 44.6 70.3
5.2417688 5.2265101 5.828328 5.6244782 5.5242347 0 48.4 66.6
5.5845785 6.1372781 5.5664477 5.289268 5.8256914 6.7265227 0 72.4
12.54403 12.639905 13.040294 14.965988 13.672465 12.451337 14.52334 0
8 8 23
0 7.5 13.3 16 15.9 34.8 46.8 77.4
1.2881154 0 11.8 16.2 15 36.5 49.5 77.6
2.4609209 2.147314 0 15.7 16 37.6 47 75
3.0911354 3.1134327 3.0085625 0 15.6 39.4 50.1 71.3
3.0641151 2.844812 3.0899361 2.9771253 0 37.9 47.2 75
8.906642 9.439089 10.020538 10.756185 10.088407 0 45.4 73.6
14.534579 15.829574 14.444339 16.127559 14.631872 13.841482 0 67.4
38.080693 37.976835 35.949004 32.005912 35.519807 34.883766 28.625017 0
8 8 24
0 10.1 16.4 20 22.3 48.9 55.6 106.6
0.56954292 0 14.3 18.7 20.9 48.9 54.8 108.3
1.0084364 0.85914813 0 20.4 20.9 46.6 53.5 104.6
1.2841028 1.181583 1.3166958 0 18.6 49.8 54.9 105.6
1.4730869 1.3570186 1.3580005 1.1706511 0 45.7 54.6 100.1
4.8710162 4.9019856 4.5639715 4.9939958 4.3601457 0 57.6 107.8
6.0487084 5.9088756 5.6822143 5.9160828 5.873499 6.5385347 0 97.2
26.804721 27.735448 25.538254 25.761334 22.852751 27.509321 20.911503 0
8 8 25
0 9.2 17.4 16.4 21.3 42.4 49.2 81.4
1.5740999 0 14.7 14.3 18 40.4 47.8 77.5
3.3274023 2.7278449 0 15.8 18.7 44.7 50 79.6
3.1073872 2.6382309 2.947399 0 16.8 45.6 45.6 74.9
4.2678823 3.4649358 3.6234312 3.1639856 0 44.4 49 79
11.867558 10.964143 12.839434 13.217525 12.682884 0 48.1 82.9
15.204348 14.499927 15.722754 13.439014 15.137856 14.235118 0 77.4
42.624104 38.24164 40.597663 35.253106 39.156224 43.468196 37.436107 0
8 8 26
0 13.1 19.2 22.4 21.8 55.6 59.6 100.7
1.7183864 0 15.7 19.9 19.2 54.6 57.5 97.3
2.7337062 2.1129856 0 19.2 20.3 56.5 60.5 98
3.3040772 2.8293989 2.6983439 0 18.1 57.2 57 98.5
3.2131344 2.7091073 2.8995213 2.5020586 0 51.7 55.5 92.6
13.748195 13.272418 14.119395 14.335459 12.120907 0 54.6 93.4
15.697668 14.557959 15.917473 14.271747 13.625677 13.057448 0 94.5
55.789453 50.854646 51.012979 51.467714 45.132855 47.469875 46.891343 0
8 8 27
0 8.2 11.3 14.1 16 42.9 51.9 87.9
0.64621501 0 11.4 14.3 15.1 42.9 52.1 88.5
0.92981154 0.94106569 0 14.9 16.3 43.6 53.3 86.4
1.2041664 1.2303531 1.2866455 0 15.4 43.2 54.4 87.7
1.3947572 1.3076309 1.429276 1.3391182 0 40.4 52.4 86
5.711596 5.7000525 5.8718388 5.7727527 5.1686255 0 52.4 77.7
7.8103036 7.860911 8.1671127 8.4540232 7.8464589 7.9922913 0 72.8
23.321093 23.555811 22.4005 23.233942 21.838526 17.701207 15.399824 0
8 8 28
0 11.5 16.4 18.7 20.7 43.5 51.2 81.3
1.2825005 0 13.5 16.1 16.9 44.3 49.2 75.9
1.9565419 1.550571 0 16 17.6 43.6 49.3 76.2
2.2890378 1.9013819 1.8901446 0 15.6 43.4 47.9 83.5
2.6029896 2.0298337 2.1301188 1.832979 0 42.9 48.2 81.8
7.7628881 8.0246612 7.8208819 7.7394342 7.6184574 0 44.4 81.7
10.135591 9.5649036 9.5793312 9.0892356 9.1798827 8.0975735 0 78.2
26.729054 23.313195 23.503878 28.34405 27.112588 27.536939 24.337666 0
8 8 29
0 14.4 19.3 20.8 24.5 63.3 54 97.4
2.0888318 0 17.7 18.4 23.7 59 55.8 97.3
3.0032081 2.6991667 0 19.2 21.8 60.6 54 96.6
3.3026651 2.8229236 2.996775 0 19.5 63.8 55.1 98.6
4.1066817 3.9228373 3.5289192 3.0426978 0 62.6 55.2 96.9
19.313757 17.203939 18.111058 19.751361 19.047805 0 60.6 103.3
14.350973 15.087154 14.269092 14.683187 14.933328 17.54947 0 93.9
51.656407 51.513509 50.767705 52.443947 51.312259 59.067708 46.154994 0
8 8 30
0 8.5 14.5 17.6 18 34.9 38 67.1
0.4224305 0 13.2 17.3 16.5 36.5 39.7 68.8
0.77931564 0.70065522 0 17.2 17.8 36.1 39.1 71.2
0.98481637 0.9633452 0.95877104 0 16.3 36.5 39.9 68.6
1.0128343 0.91343472 1.001765 0.89590377 0 35.3 39.8 71.5
2.5819935 2.7585059 2.7046491 2.7363937 2.6068871 0 37.7 70.7
2.9098988 3.1062764 3.0477386 3.1253207 3.1205871 2.8858041 0 67
8.1945357 8.6271961 9.2165137 8.5129525 9.2862072 9.0670901 8.0193227 0
8 8 31
0 7.4 14.2 15.5 17.3 44.7 49.4 92.9
0.5078782 0 12.8 16.4 17.2 44.8 48.7 94.1
1.0576477 0.93584789 0 18 17.7 45.1 48.6 96.5
1.1747469 1.256127 1.4113384 0 16.7 43.2 49.6 95.8
1.3357359 1.327809 1.3793293 1.2910813 0 44.9 48.3 97.7
5.284373 5.2909125 5.3151383 4.9997829 5.3059971 0 45 94.2
6.1849465 6.0081232 5.9822413 6.174593 5.9414078 5.3160472 0 92.9
22.985124 23.503564 24.615757 24.649664 25.824204 24.534152 23.012928 0
8 8 32
0 7.3 10.7 14.1 15.3 36.3 41.1 76.4
0.32939201 0 9.7 13.3 14.3 37 41.2 76.7
0.50121225 0.4477883 0 12.6 14.5 37.1 41.1 75.5
0.68810226 0.64359778 0.60478203 0 14.1 36.8 40.4 75.5
0.75859077 0.70113038 0.71298018 0.68654843 0 37 41.8 77.2
2.4834221 2.5560554 2.5723017 2.5337021 2.5538273 0 44.1 82.1
2.9922734 2.9970537 2.9955019 2.9118361 3.0599011 3.3764726 0 74
9.8594676 9.9601342 9.6449947 9.6402875 10.012946 11.385405 8.9947047 0
8 8 33
0 8.4 15 19.1 19.3 44.7 52.5 83
0.86680075 0 14.2 19.8 19.5 46.2 54.3 80.9
1.6769577 1.5731644 0 17.4 18.2 45.1 49.7 85.4
2.2409617 2.3276649 1.9984886 0 17.7 48 54.3 87.8
2.294604 2.3051221 2.1190099 2.0357854 0 48.6 52.4 84.4
7.9273402 8.3508749 8.0266975 8.7532223 8.9995452 0 43.8 82.5
10.356196 10.835642 9.3616363 10.726556 10.171546 7.6088525 0 82.9
26.944013 25.353991 28.756932 29.326046 27.243967 26.75285 27.145692 0
8 8 34
0 11.2 17.2 18.6 21.6 48 45.8 93.6
0.72794314 0 16.3 17.3 20 47 45.5 94.6
1.2023478 1.1292979 0 17.8 19.5 46.1 43.6 96.3
1.3309573 1.2173309 1.25655 0 19.2 48.9 44.9 97.6
1.6029308 1.4516189 1.4050934 1.3753782 0 46.4 45 92.1
5.3990183 5.2271732 5.039961 5.5499292 5.0804587 0 52.5 95.2
4.8885417 4.8336212 4.5122101 4.7472226 4.7401027 6.2814976 0 92.6
21.196407 21.830166 22.92545 23.538233 20.464027 21.915821 20.328427 0
8 8 35
0 9.3 15.2 17.4 24.9 46.4 51.4 78.3
1.1553239 0 14.1 16.4 25.5 46 49 76.8
2.0234163 1.8410859 0 17.3 25.6 44.4 51 71.7
2.3803449 2.2070408 2.3679859 0 21 48.8 48.3 75
3.7228262 3.8121714 3.8504492 2.9692459 0 55.4 55.1 86.6
10.00278 9.8132447 9.2899085 10.75986 12.834211 0 48.3 70.5
11.914237 10.9309 11.690921 10.647895 13.042413 10.683127 0 79.4
27.824561 26.664351 23.295332 25.52079 32.804842 22.729707 29.097128 0
8 8 36
0 12.4 20.7 21 23.7 69.9 72.5 109.6
1.918492 0 17.3 18.5 21.5 69.2 74.9 109.8
3.5557497 2.8615682 0 21.9 20.9 69.7 74.7 111.9
3.6062536 3.0864509 3.8302947 0 20 70.8 73.6 114.4
4.272102 3.7621781 3.6539627 3.4305099 0 69.3 77.1 116.8
25.092506 24.660016 25.077189 26.145631 24.84587 0 62.9 109
26.987938 28.947336 28.905846 28.01238 30.778185 20.131558 0 103.6
76.555632 76.617191 78.261478 82.937922 87.140679 71.640496 64.084999 0
8 8 37
0 10.3 18 21.7 23 50.6 50.8 76
0.76151101 0 16.6 20.2 22.2 50.6 50.9 74.8
1.4662991 1.3282875 0 22.9 22.3 51.1 50.4 72.8
1.8471769 1.685259 1.9803368 0 21.5 51.6 52 74.4
1.9990856 1.9119043 1.9255887 1.8241833 0 50.2 52.3 72.3
6.8731445 6.8248705 6.9796652 7.0030627 6.742103 0 58.2 68.6
6.8602955 6.8675867 6.7822378 7.0622533 7.1724423 8.8587819 0 78.2
15.101371 14.742734 14.095142 14.481307 13.81012 12.501442 16.363397 0
8 8 38
0 8.4 12.6 16.8 18.8 37.5 44.4 86.1
1.2020272 0 11.2 15.6 17.3 37.1 42.4 88.5
1.8925535 1.6345814 0 14.8 18.1 36.8 43.1 88
2.6584575 2.416879 2.2826165 0 17.5 38.7 43.9 95.6
3.0168107 2.7203443 2.8815647 2.7740491 0 40.8 44.5 93.9
8.1999496 8.0765196 7.9834366 8.5530766 9.1822268 0 41.6 78.9
10.635094 9.8325621 10.155689 10.404621 10.519927 9.7318907 0 89.4
39.634422 42.177968 41.311049 49.612566 47.157299 33.006839 43.096959 0
8 8 39
0 9.4 15.3 18.9 18.7 43.7 45.5 76.2
0.65866089 0 13.2 16.4 16.7 44.1 47.8 75
1.1623525 0.97269868 0 17.1 17.7 42.6 46.9 76.4
1.5095783 1.2597327 1.3256245 0 17.6 45.3 50.8 79.6
1.4877537 1.2938828 1.3916342 1.387683 0 43.1 47 78.1
5.0695103 5.1488905 4.8642593 5.4075317 4.9318186 0 49.7 79.2
5.3463553 5.8135279 5.6528578 6.4336257 5.6042211 6.2795107 0 81.1
14.823867 14.383119 14.992165 16.434759 15.654682 16.201617 16.82108 0
8 8 40
0 11.6 18.9 21.3 23.7 59.2 65.2 114
1.0854412 0 14.8 19 20 58.4 64 111.1
1.9382787 1.4341102 0 20.4 21 59.2 64.3 108.4
2.2547981 1.9505354 2.124409 0 18.8 58.1 65.4 109.3
2.5735951 2.0595468 2.1963506 1.9130714 0 58.1 65.5 109.3
11.176069 10.840068 11.113472 10.791759 10.811043 0 64.5 115.1
13.327841 12.74486 12.811276 13.215539 13.344933 13.126648 0 119.2
50.534922 46.204393 44.510583 44.72055 46.001872 53.81039 56.991201 0
