4.16096404744 25447.5
4.16096404744 27685.3
4.16096404744 23245.1
4.16096404744 27699.6
4.16096404744 23710.9
4.16096404744 24613.1
4.16096404744 16841.0
4.16096404744 24632.8
4.16096404744 30675.7
4.16096404744 25071.2
4.16096404744 27514.7
4.16096404744 24261.1
4.16096404744 30294.6
4.16096404744 28557.6
4.16096404744 30450.6
4.16096404744 28879.5
4.16096404744 26410.8
4.16096404744 28961.2
4.16096404744 26776.4
4.16096404744 22076.8
4.16096404744 23989.0
4.16096404744 23923.4
4.16096404744 26664.3
4.16096404744 22235.7
4.16096404744 23585.9
4.16096404744 22458.9
4.16096404744 30287.5
4.16096404744 23271.8
4.16096404744 30379.0
4.16096404744 22246.6
4.16096404744 27148.7
4.16096404744 27281.2
4.16096404744 25991.0
4.16096404744 29689.9
4.16096404744 30229.5
4.16096404744 22288.0
4.16096404744 28051.9
4.16096404744 27629.5
4.16096404744 24117.1
4.16096404744 25539.7
4.16096404744 20759.2
4.16096404744 20463.0
4.16096404744 23133.1
4.16096404744 26572.8
4.16096404744 21555.1
4.16096404744 23034.9
4.16096404744 23569.6
4.16096404744 22507.7
4.16096404744 24690.8
4.16096404744 25543.0
4.16096404744 22659.3
4.16096404744 30517.3
4.16096404744 23578.8
4.16096404744 25117.3
4.16096404744 30840.4
4.16096404744 23780.9
4.16096404744 28135.7
4.16096404744 24622.2
4.16096404744 23073.9
4.16096404744 19027.4
4.16096404744 25662.9
4.16096404744 26864.3
4.16096404744 30155.8
4.16096404744 24624.6
4.16096404744 31239.4
4.16096404744 24601.6
4.16096404744 21179.5
4.16096404744 27172.9
4.16096404744 25678.3
4.16096404744 23860.1
4.16096404744 27196.2
4.16096404744 23220.0
4.16096404744 27937.9
4.16096404744 27087.0
4.16096404744 27669.7
4.16096404744 27540.2
4.16096404744 24397.0
4.16096404744 23408.5
4.16096404744 26203.2
4.16096404744 24420.4
4.16096404744 24927.4
4.16096404744 24008.8
4.16096404744 26667.9
4.16096404744 24643.2
4.16096404744 26413.1
4.16096404744 25796.2
4.16096404744 27368.9
4.16096404744 25406.1
4.16096404744 22028.3
4.16096404744 20863.2
4.16096404744 23591.8
4.16096404744 32266.4
4.16096404744 25887.6
4.16096404744 25311.5
4.16096404744 24828.4
4.16096404744 22433.6
4.16096404744 22852.1
4.16096404744 22942.8
4.16096404744 23188.0
4.16096404744 29231.4
