3.29090211289 19263.00564
3.65778031576 24033.33785
3.29090211289 20117.76683
3.29090211289 23693.77438
3.29090211289 20857.4819
3.17927696442 18854.2815
3.29090211289 16166.11272
3.65778031576 23005.36626
3.65778031576 28192.48204
3.65778031576 22731.16792
3.29090211289 25279.27711
3.65778031576 21183.73381
3.29090211289 24241.80993
3.65778031576 25371.30476
3.65778031576 27617.5123
3.65778031576 26531.37408
3.65778031576 23972.25222
3.65778031576 26873.03207
3.29090211289 21931.31587
3.65778031576 18413.3001
3.65778031576 21435.59493
3.65778031576 21180.78367
3.65778031576 24268.98019
3.65778031576 20036.10129
3.65778031576 19953.44717
3.65778031576 17730.38562
3.65778031576 26568.06381
3.65778031576 18673.74127
3.65778031576 27794.14064
3.65778031576 20007.3988
2.94155419775 21585.07808
3.65778031576 24898.19301
3.29090211289 21896.26844
3.65778031576 27505.47894
3.29090211289 24541.90205
3.65778031576 19703.54795
3.29090211289 24683.4306
3.65778031576 25402.38933
3.29090211289 19183.79205
3.65778031576 23591.50753
3.65778031576 16687.89012
3.65778031576 18226.28972
3.65778031576 21515.1045
3.65778031576 24101.3008
3.65778031576 19114.40004
3.65778031576 21143.78219
3.65778031576 17883.42422
3.29090211289 15343.00062
3.29090211289 19555.25138
3.65778031576 22596.16861
3.29090211289 16010.08547
3.54196845385 28239.3344
3.29090211289 20508.65662
3.65778031576 22411.04742
3.65778031576 27464.43571
3.29090211289 16265.57811
3.54196845385 23764.83535
3.65778031576 21615.48052
3.65778031576 22598.82438
3.65778031576 16938.17234
3.22678032766 22675.5056
3.65778031576 24780.19747
3.65778031576 27384.20504
3.65778031576 19473.61205
3.65778031576 29250.43659
3.65778031576 22955.17961
3.65778031576 20088.05531
3.65778031576 25469.80051
3.29090211289 21427.05469
3.65778031576 21956.23796
3.65778031576 24666.62938
3.65778031576 19560.52453
2.94155419775 19728.22764
3.65778031576 24725.66107
3.65778031576 25145.5617
3.65778031576 24449.82846
3.65778031576 22332.15976
2.94155419775 16277.90869
3.29090211289 21144.27769
3.65778031576 18424.37466
3.54196845385 23230.2699
3.29090211289 18594.43438
3.29090211289 21258.19804
3.29090211289 19576.98038
3.54196845385 22898.52293
3.65778031576 21945.54605
3.29090211289 24210.88721
3.65778031576 24162.80949
3.65778031576 19671.94357
3.65778031576 17684.23825
3.65778031576 20775.50187
3.65778031576 29675.33093
3.65778031576 24567.33435
3.65778031576 24193.76702
3.65778031576 19645.2119
3.65778031576 19800.91434
3.29090211289 18412.09056
2.94155419775 14478.80225
3.65778031576 20783.7717
3.29090211289 25779.07367
