2.61216910675 14622.4232
2.36526893213 14341.0151
2.61216910675 12203.5881
2.41096404744 16433.0537
2.61216910675 13655.4408
2.36526893213 17336.1388
2.61216910675 12565.9471
2.41096404744 15389.9272
2.51185321237 14640.9896
2.61216910675 15656.1557
2.55823985182 13046.7525
2.61216910675 15329.6871
2.61216910675 16857.6436
2.61216910675 16259.1772
2.61216910675 23040.1353
2.41096404744 12117.8159
2.41096404744 16446.5926
2.61216910675 15015.3466
2.61216910675 15755.7984
2.41096404744 15886.9391
2.61216910675 13729.7793
2.36526893213 12574.9832
2.61216910675 15163.097
2.61216910675 16859.9622
2.55823985182 15238.4546
2.38862724029 14440.0417
2.41096404744 16174.2503
2.61216910675 15672.0316
2.61216910675 18723.7861
2.61216910675 13086.8436
2.41096404744 17271.5711
2.61216910675 14713.2277
2.41096404744 14776.4047
2.61216910675 16610.6681
2.61216910675 14812.4858
2.61216910675 15785.8323
2.41096404744 16257.8206
2.61216910675 16704.387
2.41096404744 17037.8853
2.61216910675 13757.8066
2.61216910675 16789.0243
2.61216910675 13466.0451
2.41096404744 12769.234
2.61216910675 15492.4848
2.41096404744 11605.3537
2.61216910675 15290.1221
2.61216910675 15222.7216
2.61216910675 15484.3613
2.36526893213 12378.6875
2.61216910675 17053.8727
2.61216910675 14423.5776
2.61216910675 17089.9534
2.61216910675 14838.2307
2.61216910675 14256.5934
2.61216910675 17033.0566
2.61216910675 16682.748
2.41096404744 18128.4565
2.61216910675 16203.1058
2.41096404744 16266.4969
2.61216910675 14592.4315
2.61216910675 13528.4849
2.55823985182 15891.635
2.61216910675 15431.5396
2.36526893213 16231.5241
2.36526893213 16261.0894
2.41096404744 11837.8456
2.61216910675 15744.2244
2.61216910675 15965.1852
2.61216910675 15709.1513
2.41096404744 19804.979
2.61216910675 14507.1325
2.41096404744 14921.0658
2.61216910675 18131.6004
2.61216910675 15617.1288
2.61216910675 18244.9647
2.61216910675 14473.9198
2.41096404744 12081.53
2.41096404744 13377.4893
2.41096404744 13596.9917
2.41096404744 14514.8992
2.41096404744 14280.7742
2.61216910675 13757.9001
2.41096404744 15632.9744
2.41096404744 15710.2785
2.61216910675 13507.6199
2.41096404744 16892.175
2.47220536653 13036.005
2.61216910675 17584.9125
2.55823985182 14588.6138
2.41096404744 15584.2822
2.38862724029 13001.698
2.61216910675 16842.4957
2.61216910675 18765.2473
2.41096404744 15079.1431
2.61216910675 13895.8199
2.61216910675 15035.5294
2.61216910675 15893.172
2.61216910675 14383.1784
2.38862724029 14676.0731
2.61216910675 14742.5954
