2.38862724029 13823.0153
2.47220536653 15472.5118
2.61216910675 12203.5881
2.25532498521 16383.7119
2.352092199 16687.373
2.51185321237 15452.8296
2.38862724029 10905.3356
2.37147297714 16904.9665
2.37147297714 14455.6562
2.28062065954 14741.12
2.37147297714 14285.0752
2.41096404744 14613.4868
2.42298798648 16468.1105
2.352092199 15809.6615
2.61216910675 15888.6399
2.34968592298 12163.7559
2.35933259221 16009.7323
2.38862724029 16207.30178
2.61216910675 16821.5977
2.61216910675 18436.5187
2.42253128352 16037.3616
2.47220536653 13434.8072
2.47220536653 16435.8832
2.41096404744 19047.8129
2.51185321237 14459.3291
2.43871774856 14663.8838
2.43871774856 18261.0858
2.39902289467 15714.3878
2.37147297714 20307.7298
2.38862724029 13093.6045
2.61216910675 18102.8193
2.37147297714 14064.4651
2.41096404744 14568.8508
2.43871774856 16148.9278
2.61216910675 14812.4858
2.61216910675 14516.9329
2.61216910675 17545.5748
2.38862724029 17718.1152
2.35933259221 19701.4935
2.32968179727 11732.2693
2.41096404744 15142.385
2.45718962534 13597.1303
2.41096404744 12769.234
2.37147297714 14981.9896
2.36526893213 11036.6021
2.41096404744 17996.3217
2.41096404744 13244.432
2.41096404744 14519.0631
2.55823985182 10789.3866
2.41096404744 14905.7491
2.51185321237 14814.4586
2.34968592298 14432.4865
2.41096404744 13870.5699
2.3448312853 16411.6248
2.35933259221 17532.5248
2.41096404744 14195.7108
2.352092199 16439.6965
2.61216910675 16203.1058
2.34968592298 16415.0719
2.41096404744 15436.3255
2.61216910675 14611.0593
2.352092199 21291.4798
2.50581383937 15046.9708
2.32751235015 14457.3976
2.25893775822 22666.9814
2.36526893213 12437.6612
2.43871774856 14180.882
2.41096404744 15571.4892
2.41096404744 13343.6766
2.41096404744 18437.2672
2.27299211346 16842.9979
2.352092199 13606.1924
2.61216910675 18112.6669
2.41096404744 16103.619
2.37147297714 20071.6244
2.34968592298 15318.7421
2.29693069567 11185.4482
2.61216910675 14968.7258
2.41096404744 13596.9917
2.43871774856 15317.2457
2.61216910675 15412.4101
2.41096404744 15938.2022
2.35933259221 15667.0299
2.43871774856 16376.1807
2.55823985182 17042.681
2.42298798648 17028.1409
2.61216910675 14144.2906
2.41096404744 18077.4545
2.51185321237 15284.7718
2.4657256351 15989.5707
2.352092199 13837.343
2.41096404744 14003.0532
2.35933259221 16100.6939
2.41096404744 15079.1431
2.61216910675 13895.8199
2.35933259221 16548.8064
2.41096404744 17248.6051
2.61216910675 14383.1784
2.41096404744 15471.3231
2.61216910675 16282.3714
