3.11920389926 18924.00268
3.06049101062 21628.50618
2.42253128352 14583.1815
2.88216978497 18067.75092
3.02582046192 17461.87178
2.44974183389 19866.11663
2.60823572484 12556.73862
2.5903872835 18273.7402
2.43871774856 13032.4762
2.99992871164 17936.5208
2.69117934387 19662.0468
3.25066110103 19414.00566
2.88216978497 17556.48543
2.87456709033 22586.85494
2.83011313974 25522.6245
3.11628246821 18862.76009
3.01107217402 19019.55567
2.69117934387 17869.7015
2.94155419775 19293.71796
3.65778031576 19851.30763
2.587633406 18820.8799
2.83011313974 12947.77222
2.46717617235 18482.69735
3.44603077994 19656.47719
2.5639520352 17185.5686
3.29090211289 19337.93583
3.11628246821 20432.26022
2.87646625065 16305.22094
2.37056859786 18986.54
2.92258767571 14647.4514
2.96741752332 20768.07212
3.54196845385 22776.02068
2.75520157918 17578.773
2.82265830001 23767.76789
2.61216910675 14812.4858
2.69117934387 18204.452
2.77335325582 17922.4471
2.78456278121 21269.89393
3.06049101062 18358.2652
2.37873532853 11915.879
2.87646625065 14915.07279
3.65778031576 17236.27583
2.72584989257 16840.6371
2.55134369513 21806.60423
2.78717170753 15333.90772
2.45006899417 15218.068
3.65778031576 19528.62929
3.00944491112 15899.14744
2.51644867195 15553.2648
3.15790814011 19269.44649
2.42885056848 19271.016
2.61349247789 21801.08209
2.52137834189 14441.68683
3.00944491112 17152.75544
2.77335325582 18367.0703
2.65745310488 16168.70161
3.02582046192 23610.78872
2.52082718842 15908.4516
2.61212650666 18476.22957
2.5639520352 19525.42781
2.50878188281 15274.1152
2.45040483286 20374.2742
2.43007902366 18172.053
3.16982520447 17512.68025
3.44603077994 29084.68228
2.67480379307 18840.5952
2.77657040349 14603.8463
2.61212650666 16612.99232
2.96981051956 16806.77366
2.27299211346 16761.2635
3.44603077994 23004.9551
3.25066110103 17824.16233
2.94155419775 19728.22764
2.81745720407 24728.624
3.11920389926 23287.05107
3.65778031576 25373.57444
2.49507984764 13939.166
2.61080711287 14967.3165
2.89566546447 17918.32591
2.48460194963 15741.3542
2.92906704024 19388.2086
2.68166878428 17763.20974
2.34552339698 15571.315
3.00694827437 16930.462
3.01107217402 18609.44766
3.07430529935 21331.95175
2.58791712701 16533.5
2.46855762925 17987.0385
3.01107217402 24344.03958
2.52961675602 16695.2397
3.22678032766 20040.84801
2.50878188281 13457.56022
3.54196845385 23275.358
3.08765129252 19774.2598
2.53229027166 14530.72427
3.08765129252 17943.92225
3.29090211289 18540.49991
3.22678032766 19768.55392
2.65745310488 13547.27642
2.42298798648 16536.2593
