3.65778031576 21586.95738
3.65778031576 24436.44209
3.29090211289 20008.59088
3.29090211289 20675.96178
3.65778031576 20838.98138
3.29090211289 19483.31633
3.65778031576 14327.28742
3.65778031576 22095.85858
3.65778031576 28058.7782
3.29090211289 19749.8088
3.29090211289 23181.29151
3.65778031576 21183.73381
3.29090211289 24241.80993
3.65778031576 23518.40193
3.29090211289 25729.07145
3.65778031576 26146.34183
3.65778031576 22967.8495
3.65778031576 26319.52344
3.65778031576 25111.46204
3.65778031576 19851.30763
3.65778031576 21435.59493
3.65778031576 20665.33142
3.65778031576 22834.06677
3.65778031576 19844.35625
3.65778031576 19953.44717
3.65778031576 18015.95191
3.65778031576 26980.74522
3.65778031576 19478.4668
3.65778031576 26606.14596
3.65778031576 19211.2281
3.29090211289 23842.26834
3.54196845385 22776.02068
3.65778031576 23814.15365
3.65778031576 27505.47894
3.29090211289 23906.99246
3.65778031576 18029.28564
3.65778031576 24594.45918
3.65778031576 23326.53404
3.65778031576 20529.17811
3.65778031576 21077.34911
3.65778031576 19045.32789
3.65778031576 18529.77703
3.29090211289 18320.2184
3.65778031576 22891.16516
3.65778031576 18897.84038
3.65778031576 19264.63714
3.65778031576 21109.69255
3.29090211289 14936.55261
3.29090211289 19942.28968
3.65778031576 22166.2134
3.29090211289 16010.08547
3.65778031576 27324.97793
3.29090211289 18412.5061
3.65778031576 21466.30786
3.65778031576 25569.48713
3.29090211289 15287.95337
3.65778031576 24477.9928
3.65778031576 21615.48052
3.65778031576 20415.1251
3.65778031576 16445.55912
3.29090211289 17190.0173
3.54196845385 23042.97539
3.65778031576 27323.56638
3.65778031576 21736.97717
3.65778031576 29250.43659
3.65778031576 22955.17961
3.29090211289 16839.97946
3.65778031576 24658.36131
3.65778031576 23298.23642
3.65778031576 21088.45711
3.65778031576 23564.86349
3.65778031576 19988.0416
2.94155419775 19728.22764
3.65778031576 24807.43284
3.65778031576 24036.15688
3.65778031576 24449.82846
3.65778031576 22166.67207
3.29090211289 18892.54523
3.65778031576 22711.3426
3.65778031576 18034.34853
3.17927696442 24487.344
3.29090211289 18552.43384
3.65778031576 24007.72163
3.65778031576 20959.82946
3.65778031576 23222.18859
3.65778031576 21982.65465
3.65778031576 24296.3611
3.65778031576 24570.24809
3.65778031576 20804.4454
3.29090211289 17337.987
3.65778031576 21217.01449
3.65778031576 29850.54121
3.65778031576 23584.5957
3.65778031576 23081.70806
3.65778031576 21324.11534
3.65778031576 20816.74966
3.29090211289 20212.63086
3.65778031576 19702.06171
3.29090211289 17081.27828
3.22678032766 23846.9595
