3.65778031576 21586.95738
3.65778031576 24436.44209
3.29090211289 20008.59088
3.65778031576 25739.88112
3.65778031576 20433.84398
3.29090211289 19483.31633
3.65778031576 14794.89002
3.65778031576 22666.65255
3.65778031576 28058.7782
3.65778031576 22093.16747
3.29090211289 23181.29151
3.65778031576 21183.73381
3.29090211289 23592.05727
3.65778031576 24554.11275
3.29090211289 24336.06526
3.65778031576 26146.34183
3.54196845385 22213.82305
3.65778031576 25839.6095
3.65778031576 23750.74572
3.65778031576 19851.30763
3.65778031576 21435.59493
3.65778031576 20851.3968
3.65778031576 23560.63968
3.65778031576 20510.85622
3.65778031576 19953.44717
3.65778031576 18015.95191
3.65778031576 26980.74522
3.65778031576 19478.4668
3.65778031576 26606.14596
3.65778031576 19191.89947
3.65778031576 24450.97436
3.65778031576 23904.19978
3.65778031576 23814.15365
3.65778031576 27505.47894
3.29090211289 23906.99246
3.65778031576 19208.63844
3.65778031576 25791.69688
3.65778031576 23326.53404
3.65778031576 20792.73839
3.65778031576 23391.04586
3.65778031576 19045.32789
3.65778031576 17236.27583
3.29090211289 18296.9917
3.65778031576 24101.3008
3.65778031576 19556.97819
3.65778031576 20028.14103
3.65778031576 17822.49457
3.29090211289 14889.99588
3.17927696442 20133.52369
3.65778031576 22166.2134
3.65778031576 22889.38507
3.54196845385 27712.86618
3.29090211289 18805.62433
3.65778031576 22016.26332
3.65778031576 25569.48713
3.29090211289 15287.95337
3.65778031576 24477.9928
3.65778031576 21462.09892
3.65778031576 19733.00243
3.65778031576 16445.55912
3.65778031576 23047.871
3.54196845385 23042.97539
3.22678032766 20885.47533
3.65778031576 21736.97717
3.65778031576 29250.43659
3.65778031576 22758.43074
3.29090211289 16839.97946
3.65778031576 25469.80051
3.65778031576 23298.23642
3.29090211289 21982.3934
3.65778031576 23564.86349
3.65778031576 20718.58029
2.94155419775 19728.22764
3.65778031576 23868.74417
3.65778031576 24293.24446
3.65778031576 25373.57444
3.65778031576 21597.84193
3.29090211289 18892.54523
3.65778031576 22711.3426
3.65778031576 18034.34853
3.29090211289 25764.44276
3.29090211289 19089.42061
3.65778031576 24007.72163
3.65778031576 19399.075682
3.65778031576 23222.18859
3.65778031576 21982.65465
3.65778031576 24296.3611
3.65778031576 24570.24809
3.54196845385 19821.53768
3.29090211289 18787.43115
3.65778031576 21217.01449
3.65778031576 29762.6903
3.65778031576 23584.5957
3.65778031576 23081.70806
3.65778031576 21324.11534
3.65778031576 20576.31464
3.29090211289 20212.63086
3.65778031576 19702.06171
3.65778031576 20783.7717
3.22678032766 24745.61764
