2.38862724029 13823.0153
2.26984968799 19290.4388
2.38862724029 12191.8436
2.24367690598 16353.1119
2.61216910675 13803.8698
2.61216910675 16165.2192
2.61216910675 12052.7801
2.352092199 16360.9265
2.37147297714 14455.6562
2.352092199 17561.4191
2.61216910675 16944.1797
2.47220536653 14836.5918
2.39121851229 16463.7005
2.37147297714 16321.654
2.37147297714 23987.727
2.47220536653 14580.4759
2.47220536653 16966.9223
2.47220536653 16668.46178
2.61216910675 16821.5977
2.35933259221 18358.9464
2.43871774856 14627.752
2.47220536653 13434.8072
2.61216910675 17613.7714
2.55823985182 17419.2207
2.61216910675 15379.2113
2.43871774856 14663.8838
2.24367690598 18357.4925
2.52961675602 16472.4978
2.41096404744 19091.5298
2.67480379307 13736.0845
2.43871774856 17820.2557
2.34968592298 14238.6451
2.41096404744 14568.8508
2.352092199 16516.6878
2.61216910675 14812.4858
2.61216910675 17765.0322
2.61216910675 17237.6257
2.38862724029 17718.1152
2.38862724029 17576.7635
2.32968179727 11732.2693
2.41096404744 15142.385
2.45718962534 13597.1303
2.41096404744 12769.234
2.41096404744 15156.3196
2.36526893213 11036.6021
2.41096404744 17996.3217
2.61216910675 14620.451
2.4657256351 14509.5158
2.55823985182 11471.7973
2.47220536653 16361.6391
2.46099584114 14814.4186
2.41096404744 15904.1465
2.61216910675 14838.2307
2.36526893213 16160.7748
2.61216910675 15479.9035
2.41096404744 14195.7108
2.35933259221 15654.8219
2.61216910675 16203.1058
2.34968592298 16415.0719
2.22393137083 14283.277
2.61216910675 14611.0593
2.352092199 21291.4798
2.36526893213 15513.365
2.34968592298 15363.1811
2.25893775822 22666.9814
2.25532498521 11990.3712
2.34968592298 14123.592
2.41096404744 15571.4892
2.41096404744 13343.6766
2.41096404744 18437.2672
2.24367690598 15487.7079
2.352092199 15521.1063
2.55823985182 18120.8923
2.41096404744 18737.6511
2.41096404744 21125.3444
2.67480379307 16108.8435
2.26984968799 11924.8882
2.61216910675 14968.7258
2.41096404744 13596.9917
2.67480379307 16638.3657
2.41096404744 14166.3601
2.51185321237 15882.3622
2.352092199 16223.3894
2.47220536653 16371.9707
2.42298798648 19989.9178
2.28062065954 17205.0299
2.47220536653 15640.8799
2.41096404744 18077.4545
2.39500672649 15755.125
2.41096404744 15584.2822
2.61216910675 16325.803
2.41096404744 14003.0532
2.41096404744 15728.1039
2.23789064675 14159.6915
2.43871774856 15401.4968
2.41096404744 16191.6864
2.61216910675 16150.8293
2.25532498521 15920.7831
2.41096404744 15471.3231
2.41096404744 17851.4383
