32
8 8 1
0 7.9 11.4 14.4 16.3 26.8 31.4 44.7
0.55258841 0 11.3 13.5 14.7 26.9 31.6 43.6
0.83146057 0.82287908 0 14.7 16.2 27.2 32 45.1
1.0850149 1.0023377 1.1084748 0 14.2 29.2 32.7 45.9
1.2579145 1.109046 1.2483618 1.0609618 0 29.1 32 47.2
2.4643612 2.4800606 2.5146045 2.7355936 2.7154967 0 35.5 41.5
3.0844559 3.1017774 3.1581522 3.242405 3.1106256 3.7195636 0 39.9
5.4660763 5.2021793 5.5102754 5.6093966 5.8130028 4.88012 4.5258905 0
8 8 2
0 9.9 16.8 21.1 22.9 52 59.7 118.7
2.6072968 0 14.2 18.9 19.7 52 62.3 112.7
4.8710826 3.944866 0 16.4 23.7 51.8 60.9 129.9
6.3496068 5.5046474 4.6725015 0 14.5 52.2 58.9 130
7.0286108 5.7921683 7.4325986 3.9701112 0 58.9 60.1 128.6
25.938248 25.778979 25.928555 25.660777 31.67223 0 67.3 112
33.520341 36.379634 34.915229 32.784352 33.507543 41.298167 0 96.9
166.89163 148.55983 212.24249 214.90918 198.7445 141.14189 96.134242 0
8 8 3
0 11.1 15.8 18.4 21.9 45.9 52.6 78.5
1.0961399 0 16 17.5 21.9 44 52.1 77.2
1.6616582 1.6907064 0 18.6 20.6 46.1 54.8 76.7
2.003531 1.8901437 2.0351409 0 18.4 44.7 53.7 82.4
2.5026981 2.5120121 2.3380391 2.0074393 0 45.9 54.3 81.7
7.5919544 7.1053474 7.7276266 7.2295014 7.6207053 0 56.2 84.8
9.6456352 9.470511 10.43012 10.00132 10.266287 10.858707 0 82.9
21.250523 20.619025 20.544503 23.691267 23.261007 25.429369 24.595971 0
8 8 4
0 8.1 12.2 17.3 15.8 31.1 37 47.7
1.0204414 0 10.7 15.3 13.6 31.8 37.1 47.6
1.6146481 1.3924428 0 14.5 14.6 32.7 37.5 45.7
2.4145264 2.0762783 1.9741631 0 14 32.8 36.8 49.1
2.175331 1.8178094 1.9940156 1.8805706 0 29.8 35.3 44.2
5.4128075 5.5844616 5.8814164 5.7502833 5.103377 0 37.2 47.4
7.025329 7.0313336 7.2026925 6.9064612 6.5488328 7.0449925 0 48.9
10.790725 10.747407 10.158406 11.238567 9.5713101 10.885758 11.183964 0
8 8 5
0 7.2 11.3 12.9 13.1 25.1 33.5 41.6
0.3600749 0 10.1 11.9 12.3 24.8 33.3 41.8
0.59308105 0.52024945 0 12.8 13.2 26.7 32.7 43.5
0.68657462 0.62419164 0.68394386 0 12.1 25.6 33 43.1
0.70324031 0.6535388 0.70619899 0.63665078 0 24.6 33.9 41.8
1.6234539 1.5994763 1.7589324 1.6586481 1.5745503 0 35.4 41
2.3456174 2.3218101 2.2730849 2.290443 2.3949579 2.5420573 0 53.1
3.5104459 3.5328793 3.7449565 3.6871891 3.51866 3.4767538 5.007216 0
8 8 6
0 7.8 11.6 14.8 14.6 28 33.1 42.7
0.7610541 0 10.6 14 13.1 27.7 30 42.1
1.2023935 1.073258 0 13.3 15.4 27.2 31.7 39.6
1.5704656 1.4728399 1.3894054 0 13.3 30.2 31.7 40.5
1.5576239 1.3770462 1.665865 1.3901801 0 28.8 32.1 40.2
3.7142849 3.6386967 3.5696936 4.0803126 3.8424727 0 33.1 39.8
4.6045895 4.0040918 4.3344089 4.2865559 4.4085193 4.677523 0 35.8
7.0425359 6.8676475 6.2964035 6.40512 6.3999472 6.295779 5.2704179 0
8 8 7
0 8.8 13.1 16 19.2 32.3 41.2 48.7
0.50273159 0 10.7 14.2 15.8 31.2 40.3 47.8
0.79103093 0.63080465 0 15.3 17.1 31.3 39.4 51.2
1.00375 0.8704781 0.95456914 0 14.4 32 39.3 49
1.2686071 0.99828297 1.0989632 0.89078514 0 30.8 39.2 49.6
2.6097734 2.4779682 2.5114436 2.5852044 2.4462727 0 43.8 46.9
3.6072106 3.4937263 3.4028443 3.3598801 3.3477292 3.9851915 0 61.6
5.0837404 4.9451046 5.5481572 5.1258882 5.2404257 4.8357927 7.4494848 0
8 8 8
0 11.5 15.7 20.5 21 56.9 61.7 110.6
0.9104912 0 13.1 17.9 20.2 54.2 63.2 106
1.3059444 1.0556079 0 20.1 21.3 55.1 62.5 109
1.8116922 1.5253634 1.7767153 0 20.3 53 61.7 111.3
1.8698544 1.7770793 1.9076149 1.7836641 0 52.3 61 103.6
8.7774792 8.1185097 8.2979173 7.7073274 7.6076179 0 63.3 107.6
10.181428 10.617114 10.512205 10.154964 9.9623347 10.581229 0 120.7
40.51239 36.637946 38.98772 41.233006 35.123164 37.550883 49.945057 0
8 8 9
0 10.5 15.5 16.8 16.5 36.2 40.8 66.3
2.3100677 0 16 16.1 17.4 37.5 45.9 66
3.662873 3.772488 0 17.6 17.7 38 41.5 70.3
3.9666267 3.7917317 4.231534 0 16.9 39.9 44.9 69.4
3.884561 4.1350543 4.2331571 3.9720993 0 41.6 41.7 74.4
11.801887 12.399314 12.741384 13.655873 14.507274 0 38 68.4
13.983945 16.669842 14.271573 15.931525 14.197093 12.343975 0 79.9
33.929716 34.252441 38.393138 37.246829 43.047677 37.030679 49.085112 0
8 8 10
0 9.4 15.4 16.8 18.1 34.9 39.9 62.1
0.43443288 0 12.5 14.5 15.9 33.1 39.1 63.2
0.7694022 0.59875612 0 15.8 18.4 33.9 38.4 64.2
0.84977917 0.71335193 0.79157459 0 15.5 34.2 39.1 61.8
0.93507767 0.79672137 0.95210204 0.7731658 0 33.7 39 61.9
2.3572389 2.180122 2.2596975 2.2830249 2.2375626 0 40.3 62.2
2.8353426 2.7471325 2.6837223 2.7538912 2.7185967 2.8884731 0 59.3
6.3984203 6.6038798 6.7920532 6.318894 6.3116587 6.5489341 5.775826 0
8 8 11
0 4.4946194 9.2 12.6 15.2 25.1 28.1 44.2
0.76119179 0 8.3 12.6 14.4 27.3 29.5 44.3
1.6571176 1.4822683 0 10.7 14.7 24.2 29.3 46.4
2.3449576 2.3435873 1.9513649 0 12.2 27.4 29 49.3
2.9366015 2.7468818 2.8081403 2.2725285 0 27.1 30.2 48.1
5.7681398 6.4202954 5.4796124 6.4263169 6.3095647 0 28.7 43.2
6.6608221 7.1096368 7.0702562 6.964712 7.3524687 6.9364337 0 47.6
13.609222 13.654086 14.63152 16.182039 15.313767 13.276067 15.193482 0
8 8 12
0 8.3 13.1 18.9 21.8 45.4 51 78.3
1.0317907 0 12 16 19 41.2 48.8 80.7
1.727845 1.5501843 0 18.8 20.2 41.9 49.4 80.7
2.6922235 2.1961065 2.6666049 0 20 41.6 46.8 82.4
3.212207 2.7099088 2.9213053 2.8763257 0 41.3 46.1 85.7
9.6672361 8.2299807 8.4279315 8.33655 8.285041 0 49.3 79.9
11.975752 11.00078 11.279534 10.285604 10.020348 11.277405 0 77.5
29.125579 30.947915 30.998079 32.026599 34.594885 31.010862 28.219432 0
8 8 13
0 7.7 14.4 20.2 21.3 62.6 44.9 68.2
1.5494913 0 13.8 18.3 19.6 59.5 44.8 68.7
3.1847527 3.0059877 0 20.1 22.5 54.6 45.9 67.6
4.7697671 4.2258945 4.7490065 0 17.5 53.6 51.1 70.7
5.1567446 4.6171193 5.5150725 3.9958175 0 53.6 50.4 69.1
27.680576 25.307885 21.9668 21.080202 21.009168 0 51 57.7
15.580575 15.609365 16.213502 19.021814 18.69565 19.041009 0 59.3
34.020885 34.669682 33.623479 35.445998 34.192439 24.762913 25.439051 0
8 8 14
0 8 15.6 16.1 17.5 37.9 41.7 46
0.68767711 0 13 14.2 17.2 39.9 41.5 48.1
1.4833756 1.2012391 0 13.7 18.5 39.1 39.6 47
1.538789 1.3259231 1.2747221 0 16.5 40.8 40.3 47.9
1.7066673 1.6618833 1.8211745 1.5719165 0 38.3 40.1 45.8
5.1110972 5.5327951 5.3787068 5.6727737 5.1257657 0 37.7 40.2
5.8793987 5.8114596 5.4544511 5.5748245 5.4684364 5.0490279 0 43
7.0516906 7.5580691 7.3091578 7.490311 6.9153813 5.7618408 6.2784729 0
8 8 15
0 9.3 14.6 16.5 17.7 32.8 34.5 51.6
1.3811483 0 15.2 17.6 18 34 35.3 52.8
2.3485923 2.4297513 0 15.4 17.6 35.3 35.7 48.3
2.6816649 2.875107 2.4775425 0 15.8 34 38.2 50.1
2.9226484 2.97461 2.9102824 2.52733 0 36.5 39.1 51.4
6.9817917 7.3236316 7.6975977 7.2660026 8.0591428 0 36.9 50.3
7.3726263 7.6508396 7.7718153 8.5372669 8.8836206 8.2318804 0 57.7
14.657738 15.178276 13.085808 13.862361 14.402045 14.059705 17.865701 0
8 8 16
0 8.4 13 15.3 15.9 62.8 44.2 71.3
0.49348816 0 12.9 14.3 15.7 62.1 43.9 71.6
0.81033579 0.80045588 0 14.6 13.8 64.1 44.7 72.5
0.97578713 0.9045768 0.92389488 0 13.3 63.6 44.3 75.7
1.0244655 1.0088601 0.86717049 0.82252108 0 62.3 43.2 73.6
8.3203422 8.1608528 8.6859229 8.4972459 8.1589964 0 62.8 79.2
4.404174 4.3657186 4.4701058 4.3846175 4.2287994 8.3349146 0 64.2
10.961082 11.007967 11.32411 12.350607 11.642383 13.652382 8.7158213 0
8 8 17
0 9.5 13.6 15.3 16.7 28.2 30.9 42
0.37743741 0 12.2 14.7 15.3 26.6 29.5 41.8
0.57035495 0.5023121 0 14.9 15.5 28.5 30 41.4
0.65348586 0.62486038 0.63096974 0 15 27.8 31.3 42.1
0.73254443 0.65623748 0.66891324 0.6427144 0 27.4 30.5 39.4
1.4790683 1.3663793 1.5023 1.4564266 1.4209057 0 31.1 39.9
1.6723802 1.5638822 1.5932331 1.6972392 1.6431423 1.6965212 0 34.4
2.7052014 2.6875806 2.655342 2.7185047 2.4619741 2.5312645 1.9688579 0
8 8 18
0 8 13.6 14.6 18.2 37 38.7 54.7
0.98828384 0 14 14 18.3 36 38.8 55.6
1.8034966 1.8610711 0 14.8 19 33.2 38 54.3
1.958471 1.8517322 1.9878435 0 14 34.8 38.5 56.9
2.5633043 2.5658312 2.706714 1.8716796 0 34.2 38.7 57.8
6.9686886 6.6683081 5.9603142 6.3914977 6.206948 0 38.5 59.9
7.5159004 7.5229393 7.2921996 7.4675284 7.5789382 7.4689198 0 62.8
13.965767 14.249887 13.899805 15.039204 15.582479 16.627041 18.117344 0
8 8 19
0 7.1 12.8 14 15.6 43.3 43.5 70.2
0.63357472 0 10.9 12.9 14.6 42.1 42.3 68.4
1.2233522 1.0161961 0 15.5 17.3 42.3 41.2 67.8
1.3496311 1.2286743 1.5336232 0 14.3 41 42.8 66.7
1.5491534 1.4355214 1.7631644 1.3838648 0 41.8 44.2 69.5
6.513559 6.2077868 6.3181695 5.9329459 6.148656 0 43 66.9
6.4175381 6.1674887 5.925905 6.2044316 6.5518163 6.3694363 0 67.8
16.039962 15.18959 15.072117 14.452976 15.750222 14.719547 14.930517 0
8 8 20
0 9.1 13.8 17.1 17.3 41.6 43.6 67.3
0.7082744 0 13.4 16.9 18.1 41.4 46.2 67.7
1.1434075 1.0973988 0 17.1 18.7 44.4 43.3 68.5
1.4690093 1.4490629 1.4685907 0 18.3 43.6 42.2 73.8
1.5083264 1.5896251 1.6571772 1.5996486 0 43 44.6 70.3
5.2417688 5.2265101 5.828328 5.6244782 5.5242347 0 48.4 66.6
5.5845785 6.1372781 5.5664477 5.289268 5.8256914 6.7265227 0 72.4
12.54403 12.639905 13.040294 14.965988 13.672465 12.451337 14.52334 0
8 8 21
0 9.6 15.3 18.3 20.8 44.5 53.4 58.7
0.83649962 0 13.2 17.8 19 44.6 53.1 61.4
1.432004 1.2041396 0 17.4 19.3 43.4 51.2 62
1.7822799 1.7113331 1.676291 0 16.2 45.7 49.5 63.4
2.0917951 1.8594605 1.9031516 1.5286318 0 43.6 50.9 64.8
6.4541786 6.406934 6.1639954 6.6950474 6.1649978 0 48.7 59.9
8.7446372 8.6245504 8.120762 7.6560632 8.0899954 7.5152502 0 59.9
10.737142 11.694268 11.948784 12.373916 12.83664 11.49601 11.25033 0
8 8 22
0 8.2 11.3 14.1 16 42.9 51.9 87.9
0.64621501 0 11.4 14.3 15.1 42.9 52.1 88.5
0.92981154 0.94106569 0 14.9 16.3 43.6 53.3 86.4
1.2041664 1.2303531 1.2866455 0 15.4 43.2 54.4 87.7
1.3947572 1.3076309 1.429276 1.3391182 0 40.4 52.4 86
5.711596 5.7000525 5.8718388 5.7727527 5.1686255 0 52.4 77.7
7.8103036 7.860911 8.1671127 8.4540232 7.8464589 7.9922913 0 72.8
23.321093 23.555811 22.4005 23.233942 21.838526 17.701207 15.399824 0
8 8 23
0 11.5 16.4 18.7 20.7 43.5 51.2 81.3
1.2825005 0 13.5 16.1 16.9 44.3 49.2 75.9
1.9565419 1.550571 0 16 17.6 43.6 49.3 76.2
2.2890378 1.9013819 1.8901446 0 15.6 43.4 47.9 83.5
2.6029896 2.0298337 2.1301188 1.832979 0 42.9 48.2 81.8
7.7628881 8.0246612 7.8208819 7.7394342 7.6184574 0 44.4 81.7
10.135591 9.5649036 9.5793312 9.0892356 9.1798827 8.0975735 0 78.2
26.729054 23.313195 23.503878 28.34405 27.112588 27.536939 24.337666 0
8 8 24
0 7.5 12.2 14.7 17.3 27.4 27.6 43.5
0.51325029 0 11.5 14.4 17.3 26.5 28.3 45.4
0.87962937 0.82610588 0 13.7 17.1 28.8 29 45.2
1.0887011 1.0577182 1.000488 0 13.9 29.3 28.8 46.3
1.3333661 1.3286255 1.3110144 1.0226876 0 29.2 29.2 46.5
2.500881 2.3867271 2.6764836 2.7009086 2.7180575 0 29.2 44.8
2.498373 2.5706634 2.6748592 2.6144581 2.6862158 2.7271928 0 41.2
5.1023247 5.4243285 5.4119552 5.5632099 5.6533355 5.4108287 4.6282626 0
8 8 25
0 12.3 17.8 22.2 23.8 53.3 64.4 90.3
2.885 0 18.9 23 22 56.3 64.9 87.5
4.5409198 4.8667975 0 20.2 22 55.6 59.9 84.4
5.9778334 6.2420528 5.3396158 0 20.1 56.1 66.5 89.4
6.5263269 5.8685283 5.8848422 5.2730223 0 57.8 63.3 91.1
23.319419 25.295289 24.871838 25.594673 26.801353 0 63.7 91
33.245384 33.507778 29.157324 35.221844 31.994488 31.97052 0 85.9
73.367299 66.575543 63.554598 69.297301 72.92886 74.927051 62.800061 0
8 8 26
0 7.4 14.2 15.5 17.3 44.7 49.4 92.9
0.5078782 0 12.8 16.4 17.2 44.8 48.7 94.1
1.0576477 0.93584789 0 18 17.7 45.1 48.6 96.5
1.1747469 1.256127 1.4113384 0 16.7 43.2 49.6 95.8
1.3357359 1.327809 1.3793293 1.2910813 0 44.9 48.3 97.7
5.284373 5.2909125 5.3151383 4.9997829 5.3059971 0 45 94.2
6.1849465 6.0081232 5.9822413 6.174593 5.9414078 5.3160472 0 92.9
22.985124 23.503564 24.615757 24.649664 25.824204 24.534152 23.012928 0
8 8 27
0 8.7 12.8 15.9 21.4 42.5 45.5 60.3
0.82623967 0 12.2 15.7 22 42.4 47.1 62.7
1.2787561 1.2080106 0 14.3 19.4 40.5 47.1 59.2
1.6447217 1.6113596 1.4466018 0 16.4 42.3 47.8 62.3
2.3810826 2.4682821 2.1225328 1.704584 0 44.5 45.2 63.9
6.686867 6.6967805 6.2504523 6.6576601 7.0924259 0 42.6 58.8
7.438056 7.8371 7.8815105 8.0230523 7.27133 6.6543771 0 59.9
12.63933 13.539602 12.210459 13.31775 13.915588 12.240071 12.431057 0
8 8 28
0 8.4 15 19.1 19.3 44.7 52.5 83
0.86680075 0 14.2 19.8 19.5 46.2 54.3 80.9
1.6769577 1.5731644 0 17.4 18.2 45.1 49.7 85.4
2.2409617 2.3276649 1.9984886 0 17.7 48 54.3 87.8
2.294604 2.3051221 2.1190099 2.0357854 0 48.6 52.4 84.4
7.9273402 8.3508749 8.0266975 8.7532223 8.9995452 0 43.8 82.5
10.356196 10.835642 9.3616363 10.726556 10.171546 7.6088525 0 82.9
26.944013 25.353991 28.756932 29.326046 27.243967 26.75285 27.145692 0
8 8 29
0 11.6 17.9 20.6 22.4 66.8 53.8 74.9
1.2374255 0 18 22 23 67.6 55.1 72.9
2.0685838 2.0911053 0 20.6 23.8 66.8 56.7 72.9
2.4918603 2.7038427 2.4936853 0 23.5 67.5 56.8 73.7
2.7680311 2.8532408 2.9912298 2.92847 0 65.6 56.7 69.1
16.557812 16.877564 16.644224 17.14374 16.023649 0 69.7 83.1
10.75063 11.099505 11.673609 11.862351 11.637172 18.012039 0 63.2
20.61296 19.47425 19.63607 19.982152 17.508267 26.101484 14.565994 0
8 8 30
0 7.2 12.9 14.8 18.8 35.3 41.2 64.6
0.76988209 0 12.3 13.4 16.7 35.3 43.1 60.6
1.4769086 1.3936954 0 14.1 17.3 36.3 41.7 64.9
1.7358555 1.5428643 1.6371163 0 18.2 37.6 39.4 65.2
2.342117 2.0258292 2.1126531 2.2302995 0 37.3 41.4 64.2
5.7513084 5.7554051 5.9262299 6.2577671 6.1507353 0 44.5 63.2
7.1753945 7.701585 7.2517634 6.6751773 7.2872103 8.1754512 0 62.4
16.691078 14.762861 16.569802 16.923254 16.343641 15.977241 15.597426 0
8 8 31
0 8.4 12.6 16.8 18.8 37.5 44.4 86.1
1.2020272 0 11.2 15.6 17.3 37.1 42.4 88.5
1.8925535 1.6345814 0 14.8 18.1 36.8 43.1 88
2.6584575 2.416879 2.2826165 0 17.5 38.7 43.9 95.6
3.0168107 2.7203443 2.8815647 2.7740491 0 40.8 44.5 93.9
8.1999496 8.0765196 7.9834366 8.5530766 9.1822268 0 41.6 78.9
10.635094 9.8325621 10.155689 10.404621 10.519927 9.7318907 0 89.4
39.634422 42.177968 41.311049 49.612566 47.157299 33.006839 43.096959 0
8 8 32
0 7.9 12.2 14.4 16.8 31.6 30.2 58.9
0.7699894 0 11.3 13.5 15.9 31.9 29.7 56.1
1.2549834 1.1475468 0 12.5 16.3 31.4 29.4 58.9
1.5171133 1.3993858 1.2848758 0 13.3 31.6 29.1 56
1.8101621 1.6874413 1.7488838 1.3725851 0 35.2 31.8 58.3
4.3785391 4.4632575 4.3428808 4.3774507 5.0598313 0 33 61.2
4.0051571 3.9041755 3.8718895 3.7989386 4.2544804 4.7504649 0 58.5
12.546964 11.459381 12.393994 11.348548 11.857486 13.685197 12.282779 0
