30
8 8 1
0 7.7 12.5 15.3 17.1 31.3 42.2 78.1
0.58075224 0 11.5 12.9 15.6 31.6 40.9 76.7
1.0004776 0.90713643 0 13.4 16.7 31.3 39.3 77.9
1.2620362 1.0344442 1.0827158 0 13.9 31.9 39.3 76.8
1.450199 1.2961201 1.4114947 1.1258213 0 30.8 39.8 78.6
3.3351088 3.3665884 3.3209789 3.3938814 3.2206072 0 40.7 75.7
5.1496226 4.9126339 4.65353 4.6123772 4.7068944 4.958267 0 77.6
16.830544 16.277732 16.67456 16.000835 16.986339 15.937801 16.590857 0
8 8 2
0 8.7 12.3 14.6 17.1 32.2 35.3 52.6
0.96806309 0 11.5 13.6 15.9 32 32.7 54.1
1.4245962 1.3172384 0 13.2 16.9 31.3 34.1 53.1
1.7519255 1.6034157 1.5461677 0 14 32 34.2 51
2.1120719 1.9339853 2.0686324 1.6663046 0 29.6 34.4 55.7
5.01897 4.9520576 4.8195204 4.964625 4.4082493 0 33.3 48.1
5.7677448 5.1579993 5.4524929 5.4756135 5.5170088 5.3221275 0 49.1
11.500224 12.096371 11.727418 10.937468 12.597464 10.01779 10.174469 0
8 8 3
0 7 10.5 12.6 12 37.7 33.3 46.9
1.0299524 0 10 12.7 10.7 36.9 33.1 47.1
1.6097508 1.5170013 0 12.6 11.1 37.2 30.9 43.7
1.9648374 1.9855646 1.9864746 0 9.2 36.7 32.7 47.1
1.8784821 1.6451071 1.7265918 1.3837633 0 37 30.3 45.5
8.6493883 8.3814749 8.5244719 8.2643097 8.4124447 0 43.1 54.6
7.0413741 6.9870362 6.3974045 6.8684839 6.2153368 10.677316 0 46.9
12.651021 12.667092 11.322037 12.765498 12.063497 16.624251 12.549638 0
8 8 4
0 9 16.3 16.7 17.3 59.5 55.7 82.8
1.1412879 0 17.8 15.7 17.4 61.4 58.2 79.7
2.3043734 2.5514214 0 18.2 21.5 57.9 58 83.1
2.352876 2.1881353 2.6314948 0 17.6 65.2 60.7 86.2
2.45652 2.4618875 3.2399274 2.4969618 0 58.4 55.9 81.9
16.218503 17.118176 15.382424 19.282305 15.422425 0 60.6 81.5
14.220634 15.422918 15.064401 16.440224 14.11549 16.312232 0 83.3
32.462474 30.167852 33.316328 35.740808 31.568425 31.091592 32.001513 0
8 8 5
0 7.6 11.7 15.3 15.4 32.2 34.2 49.2
0.73519446 0 12.2 15.4 16.1 32.8 35.4 51
1.1921475 1.2494985 0 15 15.1 31 35.5 50.1
1.6335484 1.6396703 1.5870644 0 14.8 30.5 37.6 49.5
1.6584006 1.7312821 1.6153521 1.5627976 0 31.6 35.4 49.3
4.4614983 4.55421 4.2123854 4.1093922 4.3377641 0 42 50.4
4.8602375 5.1318265 5.160805 5.5729119 5.1044976 6.6108396 0 50.3
8.9088157 9.4958692 9.2155379 9.0901751 9.0191451 9.431835 9.1862302 0
8 8 6
0 9.8 15.6 18.8 23.6 42.6 52.2 78.6
1.5650434 0 12.4 16.2 21 40.7 56 80.6
2.6962616 2.0712637 0 16.4 20.6 41.7 54.4 85.5
3.3580946 2.8085398 2.8608849 0 17.7 41.6 51.9 84.5
4.5175196 3.8720869 3.8024328 3.1152503 0 38.4 55 84.8
11.00409 10.255006 10.619366 10.539191 9.2104539 0 49.8 84.8
15.394916 17.241367 16.433851 15.192907 16.866617 14.021235 0 81.6
35.184255 36.62467 42.077834 41.455469 40.81079 43.194278 38.756899 0
8 8 7
0 9.3 15.5 19.1 19.7 44.4 59.2 117.4
0.95377956 0 14.3 18.1 19.3 44.1 60.8 116.5
1.7179896 1.5705369 0 18.4 18.9 45.7 60.9 117.1
2.2081077 2.0595623 2.1161532 0 16.2 48.7 54.8 121.5
2.2993218 2.2419404 2.1953679 1.7978435 0 47.8 53.6 114.8
7.6281057 7.6199109 8.0925888 8.9062262 8.665926 0 61.6 128.4
12.021789 12.5446 12.5377 10.449907 10.043973 12.906058 0 118.3
58.262667 57.030287 58.17013 63.487063 55.023234 74.82922 60.298454 0
8 8 8
0 7.9 14.1 15.4 15.5 22 27.5 49.7
1.0799055 0 12.9 12.9 13.2 21.2 25.1 48.2
2.097492 1.8803707 0 16.7 18.6 21.1 25.8 45.4
2.3337205 1.8835119 2.5593086 0 15.7 21 26.3 51.8
2.3464635 1.9289229 2.9082824 2.3700078 0 19.6 23.8 52.3
3.6714118 3.4851729 3.4738352 3.4545174 3.1236059 0 22.6 46.8
4.9142912 4.3247624 4.4914901 4.6231836 4.0018365 3.752164 0 51.6
12.799767 12.126325 11.071802 13.623553 13.840302 11.66811 13.495698 0
8 8 9
0 10.9 16.5 17.5 18.8 41.6 48.2 60.7
1.2026514 0 14.3 14.6 17.2 41.7 48.3 60
1.9552852 1.651802 0 17.8 19.9 42.2 48 58
2.1002325 1.6841406 2.1546757 0 18.6 42.2 48.2 64.9
2.2708958 2.042976 2.4432966 2.2373689 0 44.2 49.4 68.5
7.1581136 7.2448114 7.4531303 7.3337455 7.8095896 0 51.4 60.9
9.2732992 9.2564261 9.2164404 9.1237088 9.5577199 10.292171 0 71
14.480284 14.176998 13.349551 16.295877 17.978836 14.955866 19.946876 0
8 8 10
0 10.3 16.1 16.5 20.9 55.6 50.6 73.2
1.1750117 0 13.7 14.2 17.3 53.7 50.3 72.8
2.0000749 1.6465072 0 16.8 19.8 54.8 51.2 77.5
2.0515955 1.7128768 2.090307 0 19.1 52.5 47 77.7
2.7711926 2.198946 2.5936657 2.4600813 0 48.8 49.8 71.4
12.499401 11.777797 12.111456 11.207398 9.9381146 0 60.7 74.1
10.385643 10.307342 10.570496 9.1373476 10.183738 14.21926 0 69.9
21.921029 21.949435 24.789679 24.68194 21.100723 22.711128 19.595694 0
8 8 11
0 8.7 18.3 21.4 25.9 53.5 64.5 88.3
0.91554099 0 16 21 24.3 53.2 64.4 89.4
2.1752067 1.8432678 0 21.8 25.2 54.7 63.3 94.4
2.6450076 2.5872542 2.698506 0 22.5 58.4 66.7 91.7
3.3951551 3.11969 3.2705974 2.7960639 0 59.1 60.4 101.5
11.178678 11.050534 11.448437 12.663049 13.127075 0 67 86
15.690936 15.495289 15.029896 16.451493 13.65296 17.068754 0 90.7
31.559062 32.142866 36.083377 33.160216 41.665036 31.128939 32.937962 0
8 8 12
0 11.7 19.2 21.1 21.9 54.4 56.2 84.5
1.400558 0 15 18.1 18.7 55.3 54.7 81.5
2.5445674 1.8894193 0 17.9 22.2 53.5 58.1 82
2.8606402 2.3723162 2.3146868 0 17.5 51.9 58.8 84.7
2.9963968 2.4714624 3.0333823 2.2606051 0 50.4 59.7 77.1
12.207721 12.565105 11.904793 11.275464 10.741894 0 55.4 85
13.169093 12.487571 13.983947 14.056436 14.517044 12.665064 0 76.1
31.178286 28.671398 29.006773 30.888385 25.46978 31.933079 24.793599 0
8 8 13
0 12.2 17.4 19.2 22.2 43.2 51.8 88.6
1.098631 0 16.9 18.2 22.4 44.9 54.3 93.3
1.6735805 1.6090574 0 20.2 21.8 45.8 53.3 90.9
1.8843135 1.767361 2.0154631 0 19.3 42.9 52.9 89.2
2.2882579 2.3021414 2.2399892 1.905739 0 43.2 53.8 90.2
6.143576 6.5204472 6.6947408 6.0272707 6.0989719 0 45 83.5
8.3979164 9.1178139 8.7983172 8.6238544 8.8913783 6.4876457 0 83.8
25.932084 28.833408 27.315929 26.274552 27.050643 22.562475 22.647935 0
8 8 14
0 8.7 14.4 17.5 18.7 51.2 47.3 59.1
2.4933601 0 12.8 18.7 17.6 50.7 46 60.8
4.4162842 3.838501 0 19.4 16.9 53.4 44.5 55.6
5.6369813 6.0880353 6.3827697 0 18.6 51.8 49.8 57.9
6.1100206 5.6342484 5.3519084 6.0863511 0 51.1 46.6 65
27.821386 27.193711 29.636631 27.829923 26.95409 0 52.1 62.8
23.463031 22.323007 21.171485 25.313763 22.726347 28.35987 0 59.5
36.078061 37.719884 32.338178 34.411552 41.902676 41.570836 36.140145 0
8 8 15
0 6.7 12.2 13.9 18 34.4 36.2 44.7
0.6744665 0 10 12.3 15.1 33.1 35.4 46.4
1.330562 1.0522313 0 13.3 16.8 32.5 35.9 45.9
1.5290327 1.3272743 1.4637234 0 13.2 34.5 37.5 47.5
2.0809916 1.6824152 1.9126421 1.4394509 0 31.6 37.5 49.8
5.1721713 4.8969094 4.7779513 5.1308517 4.5482993 0 30.3 43
5.6091272 5.4125297 5.5873347 5.8562937 5.8674896 4.3494904 0 44.3
8.0312117 8.4923664 8.3204973 8.6906187 9.2876541 7.7424977 8.0768141 0
8 8 16
0 8.5 14.5 19.8 19.8 50.2 58.2 115.5
1.1078581 0 11.8 16.3 17.5 53.7 53.8 113.8
2.0514885 1.6099092 0 17.6 18.1 54.9 57.9 122.3
2.997005 2.3491408 2.5811861 0 19.9 55.1 59 114.9
2.9944638 2.5534927 2.6858837 2.9854639 0 53.8 56.5 111
12.30376 13.671768 14.165544 14.223816 13.783645 0 69.3 120.1
15.921648 13.840407 15.69192 16.106304 15.05026 22.329363 0 124.2
77.705221 74.321605 90.619587 76.230432 70.186592 83.511931 93.426067 0
8 8 17
0 6.7 10.9 14.5 16.5 24.7 31.5 44.2
0.72978301 0 9.2 12.8 15.5 25.9 31.6 44.9
1.2726575 1.0409774 0 14 14.8 26 30.8 44.9
1.7490457 1.5040468 1.6891017 0 14.3 25.8 30.5 44.7
2.0541317 1.8901115 1.8029468 1.7279958 0 23.7 32 44.2
3.5337446 3.7537231 3.7555224 3.7289977 3.3448714 0 32.6 40.5
4.8451107 4.8476808 4.6798937 4.6268273 4.9583811 5.0564238 0 55
8.5274113 8.7346421 8.7574065 8.628187 8.4415236 7.5571641 11.927503 0
8 8 18
0 12.2 15.9 19 19.5 37.7 49.4 73.4
2.1989258 0 13.1 15.7 18.3 35.2 50.1 75.1
2.9881598 2.3754817 0 16.2 21.7 36.9 45.5 73.4
3.7294106 2.9387537 3.0502412 0 18.5 39.7 47.5 79.9
3.847799 3.5212405 4.3746736 3.5857121 0 40 47.5 79.3
9.8117025 8.8146289 9.4192868 10.534001 10.553876 0 46 70.9
14.977569 15.204173 13.134639 14.111919 14.031657 13.141144 0 85.2
34.501171 36.081641 34.575539 41.052532 39.6515 32.019675 45.749554 0
8 8 19
0 7.5 13.3 16 15.9 34.8 46.8 77.4
1.2881154 0 11.8 16.2 15 36.5 49.5 77.6
2.4609209 2.147314 0 15.7 16 37.6 47 75
3.0911354 3.1134327 3.0085625 0 15.6 39.4 50.1 71.3
3.0641151 2.844812 3.0899361 2.9771253 0 37.9 47.2 75
8.906642 9.439089 10.020538 10.756185 10.088407 0 45.4 73.6
14.534579 15.829574 14.444339 16.127559 14.631872 13.841482 0 67.4
38.080693 37.976835 35.949004 32.005912 35.519807 34.883766 28.625017 0
8 8 20
0 9.3 14.8 15.6 20 52.6 46.8 78.2
0.6483888 0 12.7 15 19.6 52.1 48.1 78.2
1.1119392 0.93026652 0 15.1 19.8 54.6 49.9 76.3
1.1676095 1.1110616 1.1267596 0 18.8 56.6 48.9 76.8
1.5849572 1.5494457 1.5716464 1.4632286 0 56.4 50.2 80.6
6.9529927 6.8299173 7.3835989 7.8274829 7.7512185 0 54.9 77.6
5.6494143 5.9010051 6.2641522 6.0818766 6.2994001 7.7512233 0 71.8
15.242977 15.363046 14.670851 14.788386 16.237811 15.380692 12.796875 0
8 8 21
0 10.1 16.4 20 22.3 48.9 55.6 106.6
0.56954292 0 14.3 18.7 20.9 48.9 54.8 108.3
1.0084364 0.85914813 0 20.4 20.9 46.6 53.5 104.6
1.2841028 1.181583 1.3166958 0 18.6 49.8 54.9 105.6
1.4730869 1.3570186 1.3580005 1.1706511 0 45.7 54.6 100.1
4.8710162 4.9019856 4.5639715 4.9939958 4.3601457 0 57.6 107.8
6.0487084 5.9088756 5.6822143 5.9160828 5.873499 6.5385347 0 97.2
26.804721 27.735448 25.538254 25.761334 22.852751 27.509321 20.911503 0
8 8 22
0 9.2 17.4 16.4 21.3 42.4 49.2 81.4
1.5740999 0 14.7 14.3 18 40.4 47.8 77.5
3.3274023 2.7278449 0 15.8 18.7 44.7 50 79.6
3.1073872 2.6382309 2.947399 0 16.8 45.6 45.6 74.9
4.2678823 3.4649358 3.6234312 3.1639856 0 44.4 49 79
11.867558 10.964143 12.839434 13.217525 12.682884 0 48.1 82.9
15.204348 14.499927 15.722754 13.439014 15.137856 14.235118 0 77.4
42.624104 38.24164 40.597663 35.253106 39.156224 43.468196 37.436107 0
8 8 23
0 8.7 13.2 17.3 15.8 35.1 32.7 46.7
1.3267514 0 13.6 16.1 15.5 34.3 33.7 48
2.129301 2.2007684 0 14.4 15 36.3 31.2 45.1
2.9105294 2.6924051 2.3518866 0 12.8 35.1 32.6 47.4
2.62878 2.5797864 2.4719326 2.0447065 0 35.4 30.8 46
7.8899968 7.5828588 8.3500972 7.8184356 7.8456998 0 34.4 47.5
6.9394642 7.3044428 6.5068579 6.9166777 6.359832 7.6097264 0 41.8
12.430556 13.07558 11.784983 12.777143 12.114476 13.010452 10.357573 0
8 8 24
0 6.4 10.3 12.1 12.8 25.5 27 43.7
0.48946125 0 8.8 10.6 11.7 25.3 26.8 45.2
0.83324682 0.69374701 0 10.7 12 25.8 27 44.9
1.0022584 0.86161452 0.86835141 0 12.5 25 26 44.2
1.0650343 0.9606088 1.0004296 1.0413067 0 25.1 27.1 43.8
2.5782672 2.5460389 2.6193263 2.5203547 2.5400315 0 28 47
2.7578856 2.721622 2.7658662 2.6203552 2.7632245 2.9101546 0 40.8
5.9917818 6.2997326 6.2293034 6.0598392 5.9737805 6.7698096 5.2701175 0
8 8 25
0 10.6 23 24.3 25.6 61.5 59.5 72.5
1.5540082 0 19.1 21.3 25.8 60.1 59 70.5
3.9899519 3.1404302 0 23.2 28.2 57.8 55.7 74.9
4.2448401 3.594405 4.0364798 0 21.4 65.5 55.4 73.4
4.5843085 4.5913396 5.229192 3.5927141 0 65.1 54 67.5
19.583365 18.704002 17.601474 21.448833 21.274194 0 70.2 82.7
17.988304 17.620092 16.057305 15.535091 14.842199 25.396201 0 78.3
27.348563 25.837738 29.407505 27.356303 23.484866 37.350806 32.550132 0
8 8 26
0 6.7 9.4 12.3 11.3 14.6 17.3 21.7
0.3503627 0 7.6 10.3 10.6 14.3 17.1 22.9
0.50995362 0.40329658 0 9.5 10.9 14.2 16.6 22.5
0.6936571 0.5682398 0.51829582 0 11 16 17.7 23.5
0.63187669 0.58356235 0.60354112 0.60765629 0 14.5 16.6 21.6
0.8611972 0.8346501 0.82772417 0.95369947 0.85015628 0 17.3 23.5
1.0385681 1.0288948 0.99336416 1.0759429 0.9942146 1.0504225 0 22.4
1.4259715 1.5265052 1.4903359 1.5733176 1.4108984 1.5788585 1.4706529 0
8 8 27
0 9.2 15.9 18 21 41.7 43.1 71.8
0.65061767 0 15.3 17.2 21.4 41.8 42 70.8
1.2213748 1.1725059 0 17.7 20.3 39.6 41.5 70.1
1.4167392 1.3424945 1.3888099 0 18.4 40.5 41.2 71.6
1.7296659 1.7747689 1.6686543 1.4644598 0 37.5 41.7 70.9
4.7204568 4.7629502 4.382212 4.512017 4.029279 0 42.6 72
4.9838667 4.8079517 4.703806 4.6484185 4.7253939 4.8765574 0 65.2
13.018805 12.561697 12.416629 12.894586 12.587172 13.146926 10.625979 0
8 8 28
0 10.3 18 21.7 23 50.6 50.8 76
0.76151101 0 16.6 20.2 22.2 50.6 50.9 74.8
1.4662991 1.3282875 0 22.9 22.3 51.1 50.4 72.8
1.8471769 1.685259 1.9803368 0 21.5 51.6 52 74.4
1.9990856 1.9119043 1.9255887 1.8241833 0 50.2 52.3 72.3
6.8731445 6.8248705 6.9796652 7.0030627 6.742103 0 58.2 68.6
6.8602955 6.8675867 6.7822378 7.0622533 7.1724423 8.8587819 0 78.2
15.101371 14.742734 14.095142 14.481307 13.81012 12.501442 16.363397 0
8 8 29
0 6.7 11.1 11.6 11.5 24.7 28 40.4
0.40361454 0 9.1 11.2 10.4 23.9 26.2 39.3
0.70910912 0.57158677 0 13.3 12.2 25.3 28.1 40.4
0.74803964 0.71506471 0.87403241 0 10.1 24.8 27.6 42
0.7364484 0.65299454 0.78726377 0.6338056 0 24.1 25 39.4
1.9309586 1.8419565 1.9953211 1.9346073 1.8499678 0 29.8 39
2.2693106 2.0741862 2.2912999 2.2320919 1.9509865 2.5010243 0 41
4.0262036 3.8515329 4.0196181 4.2623072 3.8447018 3.8124907 4.0931258 0
8 8 30
0 7.5 13.7 17.9 19.5 49.3 51.6 65.3
0.81255824 0 11.6 15.3 17.2 48.2 51.6 65.7
1.612589 1.3243886 0 15.9 19.6 46.1 51.7 68.1
2.2100492 1.8274927 1.9304192 0 19.4 49.7 47.9 67.8
2.4776646 2.1198007 2.4998345 2.4815555 0 48.8 53 68.8
10.002655 9.6012472 8.9781731 10.034388 9.8057445 0 59.6 73.2
10.72414 10.610972 10.69004 9.4564081 11.257209 13.932611 0 71.8
17.164241 17.232445 18.659462 18.430338 18.878859 21.943126 20.650581 0
