28
8 8 1
0 10.8 16.2 18 19.9 53.7 57.6 95
0.68279873 0 15.1 16.2 18 54.5 55.8 94.4
1.1083412 1.0093544 0 18.2 19.6 57 57.6 100.1
1.2520913 1.1007518 1.2666714 0 18.2 55.5 57.3 95.9
1.4190214 1.2536262 1.3912108 1.2736325 0 56.7 57.4 101.5
6.531298 6.6667178 7.2330274 6.869341 7.0968465 0 62 89.5
7.2158026 6.7796043 7.1710004 7.1089917 7.1147779 8.2698815 0 86.5
21.784174 21.607746 24.306235 22.175008 25.377173 18.629875 16.959266 0
8 8 2
0 8 13.4 14.8 16.9 32 34 58
0.55798654 0 12.4 13.9 15.4 32 35 60
0.9949356 0.90761728 0 15.7 17.3 31.8 35.6 60.8
1.1158983 1.0407725 1.19452 0 13.6 31.5 34.3 59.2
1.3020293 1.1757499 1.3467232 1.0041288 0 32.4 36 58.9
3.1479269 3.1367152 3.1275796 3.0593334 3.1815927 0 37.3 57.8
3.4268384 3.5786971 3.6746078 3.4607418 3.7004362 3.9280323 0 58.2
8.614972 9.1108519 9.3843907 8.8627152 8.7196691 8.5574317 8.611032 0
8 8 3
0 8.4 10.9 13.3 12.9 20.9 22.2 26.7
0.42280571 0 9.5 11.3 12.7 21.2 21.3 26.5
0.56920294 0.48997931 0 11.9 13.4 21.3 22.4 25.7
0.71040691 0.58890421 0.62827882 0 10.8 20.7 21.7 25.7
0.68704046 0.67458619 0.72147314 0.5622783 0 19.3 21.2 26.3
1.2650747 1.2888993 1.3036484 1.2507255 1.1464361 0 22.8 25.6
1.3499784 1.2801358 1.3705469 1.3097443 1.276315 1.4065456 0 26
1.7616626 1.7464108 1.6768342 1.6800621 1.7265345 1.6868277 1.7018015 0
8 8 4
0 8.7 13.3 16.4 17.6 47.8 42.9 93.9
0.77244015 0 12.7 17.2 17.9 47.2 42.8 90.9
1.2588536 1.1911098 0 17.3 16.9 50.4 44.6 94.4
1.6019262 1.696306 1.7068655 0 14.8 48.8 46.5 96.2
1.7419739 1.7762498 1.6717707 1.4066597 0 47.6 44.1 98
7.5992787 7.3852332 8.2982232 7.8031212 7.5293205 0 55.7 101.9
6.2597282 6.2044249 6.6596373 7.055278 6.4613309 9.8035751 0 87.9
30.561725 28.402575 30.956799 32.092252 33.57378 37.557364 26.182594 0
8 8 5
0 8.8 16.7 19.9 22.2 61 56.1 83.7
1.4350532 0 12.7 17 19.5 57.3 54.4 84.4
3.0150254 2.191709 0 18.4 22.1 58.6 57.2 83
3.7596274 3.0863712 3.4083364 0 18.9 60.4 57.2 83
4.3196784 3.6707509 4.3226836 3.476819 0 60.2 56.4 87.5
21.837544 19.651087 20.338011 21.273655 21.106686 0 60.1 70.8
18.686282 17.897778 19.495813 19.391868 18.723185 21.312733 0 74.2
43.527826 44.298234 42.134952 42.401111 47.197691 31.278588 33.259665 0
8 8 6
0 8.3 13.1 14.2 16.2 26.8 45 62.9
0.67398458 0 12.4 12.7 14.6 27.5 45.3 62.7
1.1380484 1.0543329 0 14.4 16.7 29.6 45.6 62.9
1.2470329 1.0895167 1.2609999 0 14.1 26.8 44 62.7
1.4655675 1.2815636 1.5077218 1.233476 0 26.7 43.9 63.9
2.8420782 2.9343831 3.2431224 2.8401833 2.8385286 0 45.3 63.6
6.2112422 6.2298237 6.3123641 5.9583977 5.9751608 6.2795202 0 64.9
11.654377 11.499275 11.596613 11.47947 11.993524 12.067098 12.174109 0
8 8 7
0 7.4 14.2 15.6 16.7 32.4 34.5 73.8
1.9042508 0 13.6 15.3 17.9 37.1 31.5 71
3.9588149 3.7858548 0 16 19.7 36.1 35.1 68.5
4.4260138 4.325613 4.5706339 0 15.6 30 35.8 70.5
4.7915223 5.2063928 5.8845388 4.4195991 0 32.5 32.8 73.9
11.837553 14.396737 13.739207 10.657046 11.761197 0 38.2 75.6
12.879692 11.339655 13.145443 13.54905 11.970565 15.458021 0 81.4
51.932858 47.966811 44.855278 48.394751 52.718374 55.043635 63.766081 0
8 8 8
0 10.1 16.4 17.9 22 46.6 57.9 115.7
0.62908164 0 14 15.5 19.4 46.4 59 117.5
1.1122724 0.91748978 0 16.7 20.3 46.3 60.1 114.9
1.2368748 1.0421345 1.1396852 0 16.8 44.8 58.4 121.5
1.5942979 1.3587376 1.4516311 1.1420343 0 46.6 59.9 123.7
4.9461248 4.9158697 4.8940223 4.6501506 4.8905828 0 53.1 119.2
7.3035952 7.5394243 7.7805894 7.4061131 7.7144899 6.3008585 0 116.2
34.947659 36.411926 34.665766 39.69411 41.567504 39.000956 35.606182 0
8 8 9
0 10 18.1 21.4 22.7 66.3 70.1 74.4
1.4050017 0 14.5 18.8 20.2 62.1 66.7 69.5
2.8113731 2.1530048 0 18.8 20.6 60 69 75.1
3.4631435 2.9556835 2.9444674 0 21.4 62 68.5 77.8
3.7242103 3.2357566 3.3081429 3.4642016 0 61.3 66 76
21.572616 19.17189 17.96725 19.144893 18.66651 0 69.3 71.3
23.882023 21.883263 23.198282 22.857767 21.213392 23.004747 0 80.5
27.913546 24.652294 28.396482 30.269389 29.31819 25.492585 32.680936 0
8 8 10
0 9.9 14.3 18.1 19.4 28.5 39.3 46.1
0.78233215 0 11.1 15.8 18.4 28.6 36.8 44.8
1.1961995 0.88634357 0 16.4 19.5 27.9 36.9 46.7
1.5762537 1.3413291 1.4086853 0 17.3 27.3 37.5 49.2
1.7215427 1.6072472 1.7271036 1.4842135 0 30.2 35.5 51.7
2.9545709 2.9501929 2.8818853 2.7715139 3.1581995 0 39.9 42.8
4.7172178 4.2911187 4.2950518 4.3755808 4.0295099 4.8540195 0 50.9
6.3090162 6.0113564 6.5052052 6.9892926 7.5303961 5.6770863 7.37625 0
8 8 11
0 8.3 13.2 14.1 15.2 35.2 36.8 50.5
0.89946914 0 11.2 14.3 13.9 34.9 37 48.5
1.5127371 1.2490197 0 14.9 15.8 35.6 34.6 50.9
1.647986 1.6769328 1.7537887 0 14.4 37 37.3 54.2
1.8030735 1.6068131 1.8755028 1.6826498 0 35.6 37 55.5
5.7755844 5.6936417 5.8698997 6.1685859 5.8591975 0 36.9 50.6
6.0712615 6.0134195 5.51855 6.1864557 6.0424505 6.0453072 0 51.1
10.538537 9.8618814 10.66727 11.92401 12.442678 10.568382 10.585939 0
8 8 12
0 10.7 15.6 15 20.7 35.4 42.9 71.4
0.75736984 0 14.3 13.6 18.5 36.3 43.5 69.8
1.1817036 1.0655633 0 15 18.9 34.8 42.9 70.7
1.1151821 0.99263854 1.1146808 0 18.4 36.5 44.3 71
1.6609815 1.4392617 1.4940342 1.4269199 0 36.3 42.6 72.4
3.6471915 3.7579831 3.5553472 3.7615711 3.7322802 0 41.4 70.8
4.835979 4.9247602 4.815361 5.0247435 4.7564819 4.5835893 0 74.8
12.832744 12.304903 12.738045 12.540208 13.05502 12.660417 14.020971 0
8 8 13
0 5 8.2 10.5 11.1 26 25 34.5
0.51777195 0 7.1 9.3 10.1 26.2 25.3 33.4
0.88537665 0.74859634 0 10.3 10.3 24.7 24.9 36
1.144659 1.004386 1.1388155 0 10.3 25.8 25.2 36.8
1.2341729 1.1148617 1.1411967 1.1370001 0 25.6 23.7 37.1
3.601348 3.6417933 3.3928836 3.5626877 3.5479378 0 26.4 39.5
3.3716462 3.427494 3.363061 3.4040158 3.149503 3.7105801 0 33.4
5.5599715 5.3272704 5.9203615 6.1011944 6.1570256 6.868533 5.2100836 0
8 8 14
0 8 12.4 14.7 15.2 23.3 34.2 67.9
1.1960754 0 10.3 11.6 13.3 24.5 32.9 68.7
1.9471134 1.5893889 0 10.2 11.9 25.7 33.9 68
2.3849164 1.8150662 1.5719942 0 11.9 23.7 32.8 70.9
2.4767161 2.1283166 1.8658892 1.8650103 0 23.3 34.4 67.8
4.2864967 4.6029431 4.872636 4.3774665 4.3082186 0 33.2 67.3
7.3623759 7.0071829 7.3027261 6.9479555 7.4836574 7.0378656 0 66.4
24.548341 25.20189 24.567257 26.591065 24.573042 24.112203 23.171228 0
8 8 15
0 7.5 11.9 15.6 15.3 25.4 25.4 38.6
0.27352914 0 11.1 14.2 15.1 25.6 25.1 38.9
0.46512104 0.42760439 0 14.6 15.8 25.2 26.1 38.2
0.63182523 0.5629832 0.5874268 0 14.4 25.7 26.3 38.7
0.61991824 0.6120068 0.64328695 0.57605603 0 23.7 25.3 38.7
1.1981655 1.2042451 1.188896 1.2130616 1.0862119 0 26 37.2
1.1835402 1.1670973 1.2309055 1.2349142 1.1768846 1.2226483 0 40.9
2.2601321 2.2844046 2.2373922 2.2690991 2.2677956 2.1561718 2.4434359 0
8 8 16
0 7.6 11.4 12.6 13.5 23.3 29.3 58.5
0.66139265 0 9.9 12.6 12 22.8 29.2 60.4
1.0463359 0.89866861 0 13.3 12.9 23.9 30.1 59.2
1.1735714 1.1741791 1.2577496 0 11.8 25.3 29.6 58.5
1.2713611 1.1141279 1.2150869 1.0935902 0 23.1 29.4 60.6
2.565599 2.488874 2.6577653 2.8525074 2.5259164 0 26.1 53.9
3.472673 3.4639526 3.6298185 3.526059 3.4885036 2.9871711 0 57.5
11.008289 11.61525 11.231123 10.97377 11.778452 9.5079782 10.637478 0
8 8 17
0 6.4 12 13.3 16.1 26.3 27.6 38.5
0.53824281 0 11.6 12.7 16.1 26.7 26.5 38.3
1.0889298 1.0532433 0 16.1 18.4 26.8 29.2 38.7
1.2131511 1.1603348 1.5327784 0 15.9 28.7 29.5 40.4
1.5183383 1.5240148 1.7868159 1.4921878 0 29 29.2 43.1
2.9412862 3.0105163 3.0328829 3.2937337 3.2928481 0 31 37.1
3.1406233 2.9857665 3.3853291 3.4220289 3.326912 3.7271352 0 37.9
5.2275176 5.1837327 5.2914778 5.5752379 6.087423 4.9957724 5.1228678 0
8 8 18
0 8.6 13.4 17.2 17 37.4 40.9 72.6
0.90660941 0 13.6 15.7 16.1 37.9 40.4 73.4
1.5008272 1.5125259 0 18.1 18.6 39.8 40.2 72
2.0082619 1.7871256 2.1266221 0 14.6 39.3 39.7 71.3
1.9765543 1.8450271 2.2029057 1.6480327 0 41.3 37.2 73.6
5.9930742 6.0855464 6.5459969 6.3871002 6.8878745 0 40.8 71.8
6.8059427 6.6337557 6.6509623 6.4952048 5.8530565 6.8511587 0 73.2
20.211637 20.61574 19.870002 19.482831 20.746824 19.613978 20.500654 0
8 8 19
0 11.3 15.8 18.2 20.3 36.3 57.8 118.4
1.1544001 0 13.7 15.7 18.7 35.4 55.4 118.8
1.7060719 1.430372 0 13.8 16.1 36 56.8 114.9
2.0344506 1.6953714 1.4487148 0 14.9 36.2 56.1 112.6
2.3240496 2.084258 1.7419549 1.5929981 0 34.8 53 116.2
5.3568122 5.1665358 5.2821719 5.3484362 5.0166515 0 58.4 122.8
11.738569 10.843621 11.339412 11.044182 10.09838 12.100542 0 123.1
61.428193 62.605769 57.528642 54.369297 59.230859 69.03175 68.867262 0
8 8 20
0 8.5 14.5 17.6 18 34.9 38 67.1
0.4224305 0 13.2 17.3 16.5 36.5 39.7 68.8
0.77931564 0.70065522 0 17.2 17.8 36.1 39.1 71.2
0.98481637 0.9633452 0.95877104 0 16.3 36.5 39.9 68.6
1.0128343 0.91343472 1.001765 0.89590377 0 35.3 39.8 71.5
2.5819935 2.7585059 2.7046491 2.7363937 2.6068871 0 37.7 70.7
2.9098988 3.1062764 3.0477386 3.1253207 3.1205871 2.8858041 0 67
8.1945357 8.6271961 9.2165137 8.5129525 9.2862072 9.0670901 8.0193227 0
8 8 21
0 6.4 10.4 12.2 13.5 23.3 27 37.1
0.55436056 0 9.8 11.9 12.3 23.7 26.4 35.7
0.95033692 0.88630764 0 12.5 13.2 22.9 29.3 35.8
1.1386662 1.0951749 1.1685908 0 10.5 24.1 27.2 35.9
1.2758189 1.1499925 1.2473302 0.95090542 0 23 26.6 35.5
2.5636587 2.6232001 2.502707 2.6842472 2.5159686 0 30.5 35.9
3.0874111 2.9947367 3.4444182 3.1255523 3.0266635 3.6666754 0 38.7
5.0699233 4.7822864 4.7982869 4.8219635 4.7285408 4.851581 5.3089837 0
8 8 22
0 7.5 13.8 14.1 17.1 45.1 41.9 63
1.3399645 0 13 15.6 16 43.4 39.5 60.5
2.6405724 2.4539025 0 15.1 16.2 43 40.6 62.9
2.7269104 3.0600284 2.9325697 0 14.6 40.7 40.6 61.7
3.4428356 3.1571283 3.1917857 2.8428213 0 37.1 38.9 62.2
13.812664 12.92165 12.758862 11.670514 10.258205 0 53.5 67.5
11.63736 10.608826 11.13677 11.068659 10.367326 17.851688 0 72.9
25.745967 23.800326 25.46101 24.807962 25.099872 29.797003 32.426975 0
8 8 23
0 7.3 10.7 14.1 15.3 36.3 41.1 76.4
0.32939201 0 9.7 13.3 14.3 37 41.2 76.7
0.50121225 0.4477883 0 12.6 14.5 37.1 41.1 75.5
0.68810226 0.64359778 0.60478203 0 14.1 36.8 40.4 75.5
0.75859077 0.70113038 0.71298018 0.68654843 0 37 41.8 77.2
2.4834221 2.5560554 2.5723017 2.5337021 2.5538273 0 44.1 82.1
2.9922734 2.9970537 2.9955019 2.9118361 3.0599011 3.3764726 0 74
9.8594676 9.9601342 9.6449947 9.6402875 10.012946 11.385405 8.9947047 0
8 8 24
0 6.8 11.6 13 15.4 26.3 33.7 40.3
0.79363716 0 9.7 11.6 15.2 27 35.3 40.9
1.4396027 1.174078 0 13.6 15.2 27 37.8 39.2
1.6393677 1.443966 1.7278313 0 13.2 28.3 33.4 39.4
1.9971916 1.9715216 1.9683556 1.6607296 0 27.3 32.9 40.3
4.0911112 4.1970215 4.2286281 4.4571044 4.2594853 0 33.4 41.4
5.5830596 5.9555792 6.6081817 5.534905 5.4433782 5.5584464 0 53.3
7.8302417 7.9992292 7.5766978 7.5077929 7.7949322 8.2997106 11.716834 0
8 8 25
0 11.2 17.2 18.6 21.6 48 45.8 93.6
0.72794314 0 16.3 17.3 20 47 45.5 94.6
1.2023478 1.1292979 0 17.8 19.5 46.1 43.6 96.3
1.3309573 1.2173309 1.25655 0 19.2 48.9 44.9 97.6
1.6029308 1.4516189 1.4050934 1.3753782 0 46.4 45 92.1
5.3990183 5.2271732 5.039961 5.5499292 5.0804587 0 52.5 95.2
4.8885417 4.8336212 4.5122101 4.7472226 4.7401027 6.2814976 0 92.6
21.196407 21.830166 22.92545 23.538233 20.464027 21.915821 20.328427 0
8 8 26
0 9.3 15.2 17.4 24.9 46.4 51.4 78.3
1.1553239 0 14.1 16.4 25.5 46 49 76.8
2.0234163 1.8410859 0 17.3 25.6 44.4 51 71.7
2.3803449 2.2070408 2.3679859 0 21 48.8 48.3 75
3.7228262 3.8121714 3.8504492 2.9692459 0 55.4 55.1 86.6
10.00278 9.8132447 9.2899085 10.75986 12.834211 0 48.3 70.5
11.914237 10.9309 11.690921 10.647895 13.042413 10.683127 0 79.4
27.824561 26.664351 23.295332 25.52079 32.804842 22.729707 29.097128 0
8 8 27
0 8.4 11.2 15 14 31.7 33.2 43.5
1.0515721 0 9.2 13.4 13.4 32.2 35.2 44.3
1.4368013 1.164338 0 14 13.2 31 32.5 45.7
2.034529 1.7844958 1.8824326 0 13.3 34.9 35.4 47.1
1.8675151 1.7780946 1.7592112 1.7497741 0 32.5 35.3 45.3
5.6009765 5.7096667 5.4454488 6.3907719 5.7801963 0 34.5 42.2
5.8906475 6.4049656 5.7238121 6.4972127 6.4317753 6.3175022 0 43.4
9.2060961 9.4406133 9.9051088 10.368071 9.7868163 8.9020474 8.9916459 0
8 8 28
0 11.6 18.9 21.3 23.7 59.2 65.2 114
1.0854412 0 14.8 19 20 58.4 64 111.1
1.9382787 1.4341102 0 20.4 21 59.2 64.3 108.4
2.2547981 1.9505354 2.124409 0 18.8 58.1 65.4 109.3
2.5735951 2.0595468 2.1963506 1.9130714 0 58.1 65.5 109.3
11.176069 10.840068 11.113472 10.791759 10.811043 0 64.5 115.1
13.327841 12.74486 12.811276 13.215539 13.344933 13.126648 0 119.2
50.534922 46.204393 44.510583 44.72055 46.001872 53.81039 56.991201 0
