NAME	sum_lnl	concat_lnl	diff	mutual_rf	tree1_concat_rf	tree2_concat_rf
gene001_gene002	-9457.9505	-9465.4302	-7.4797	1.5480	0.7706	0.7774
gene001_gene003	-9610.8458	-9625.1782	-14.3324	2.6834	1.3403	1.3847
gene001_gene004	-9567.6817	-9582.0264	-14.3447	2.8590	1.5169	1.3605
gene001_gene005	-9448.5976	-9460.2740	-11.6764	2.4442	1.1013	1.3630
gene001_gene006	-10793.8206	-11674.7033	-880.8826	11.4299	7.6596	10.7091
gene001_gene007	-10909.1085	-11832.2436	-923.1351	12.5964	7.8180	12.7139
gene001_gene008	-10724.0680	-11651.1615	-927.0935	11.1095	7.4142	10.8959
gene001_gene009	-10898.9759	-11764.7636	-865.7876	11.3650	7.4254	11.5287
gene001_gene010	-10798.9210	-11711.5703	-912.6493	11.7075	7.9175	12.2121
gene001_gene011	-10370.3389	-11482.4734	-1112.1345	11.3503	9.9291	8.9571
gene001_gene012	-10625.8566	-11720.7206	-1094.8640	11.6870	9.9321	8.3388
gene001_gene013	-10238.2601	-11304.2154	-1065.9552	11.3223	7.1994	9.1920
gene001_gene014	-10546.0672	-11655.4433	-1109.3761	11.6527	7.7728	10.3094
gene001_gene015	-10564.5161	-11642.0372	-1077.5211	11.7015	7.7158	10.0987
gene001_gene016	-8610.4859	-9728.7206	-1118.2347	8.8129	6.4350	4.7308
gene001_gene017	-8684.3458	-9854.9225	-1170.5767	8.9739	5.6985	5.2319
gene001_gene018	-8655.5582	-9873.8072	-1218.2490	8.8894	6.4028	5.1167
gene001_gene019	-8613.6961	-9757.7275	-1144.0314	9.0753	6.4922	5.1211
gene001_gene020	-8599.4058	-9802.0346	-1202.6288	8.9068	6.3819	5.1148
gene002_gene003	-9374.7337	-9380.5880	-5.8542	1.5337	0.7705	0.7631
gene002_gene004	-9331.5697	-9345.8149	-14.2452	1.6196	0.8509	0.8198
gene002_gene005	-9212.4855	-9220.5169	-8.0314	2.7222	1.2983	1.4927
gene002_gene006	-10557.7086	-11503.2449	-945.5364	11.5292	7.2783	9.9545
gene002_gene007	-10672.9964	-11663.5249	-990.5285	12.6958	7.6792	12.9709
gene002_gene008	-10487.9559	-11479.0779	-991.1219	11.2088	7.2538	11.2337
gene002_gene009	-10662.8639	-11591.5209	-928.6570	11.4644	7.2083	12.0730
gene002_gene010	-10562.8089	-11537.0596	-974.2507	11.7867	7.5287	12.5437
gene002_gene011	-10134.2269	-11310.1694	-1175.9426	11.5697	9.8100	9.0937
gene002_gene012	-10389.7445	-11544.1112	-1154.3667	11.9395	8.4354	10.0395
gene002_gene013	-10002.1480	-11112.3167	-1110.1686	11.5013	7.8870	9.0891
gene002_gene014	-10309.9551	-11468.4938	-1158.5387	11.8537	8.4479	10.1433
gene002_gene015	-10328.4040	-11434.5841	-1106.1801	11.9331	8.9012	9.8525
gene002_gene016	-8374.3739	-9512.3711	-1137.9972	8.8445	6.4270	4.6374
gene002_gene017	-8448.2337	-9648.3546	-1200.1208	9.0056	6.2944	5.2658
gene002_gene018	-8419.4461	-9660.9164	-1241.4703	8.9211	6.4100	5.0171
gene002_gene019	-8377.5840	-9547.1950	-1169.6111	9.1070	6.5002	4.9977
gene002_gene020	-8363.2937	-9588.9554	-1225.6616	8.9385	6.3797	5.0257
gene003_gene004	-9484.4650	-9496.7397	-12.2748	2.1082	1.0644	1.0801
gene003_gene005	-9365.3808	-9372.3897	-7.0089	3.0277	1.3995	1.6601
gene003_gene006	-10710.6039	-11667.3403	-956.7364	11.9426	7.6853	11.3809
gene003_gene007	-10825.8917	-11829.7931	-1003.9014	13.1464	7.7882	13.3623
gene003_gene008	-10640.8512	-11645.8322	-1004.9810	11.7227	7.3463	11.6087
gene003_gene009	-10815.7592	-11758.6930	-942.9338	12.1527	7.1049	12.7199
gene003_gene010	-10715.7042	-11703.3914	-987.6872	12.3278	7.3778	13.0247
gene003_gene011	-10287.1222	-11467.3358	-1180.2136	12.1784	10.6095	9.4272
gene003_gene012	-10542.6398	-11703.8233	-1161.1834	12.7691	10.6070	8.9237
gene003_gene013	-10155.0433	-11284.3046	-1129.2612	12.0146	8.5681	9.0256
gene003_gene014	-10462.8504	-11645.0992	-1182.2489	12.4335	9.0751	10.0598
gene003_gene015	-10481.2993	-11596.9579	-1115.6586	12.5197	8.9740	9.6429
gene003_gene016	-8527.2692	-9733.5353	-1206.2661	9.2155	6.2523	4.5740
gene003_gene017	-8601.1290	-9835.6477	-1234.5187	9.3766	6.5410	5.3907
gene003_gene018	-8572.3414	-9849.2270	-1276.8856	9.2921	6.6569	5.0869
gene003_gene019	-8530.4793	-9742.3685	-1211.8893	9.4780	6.7127	5.1005
gene003_gene020	-8516.1890	-9803.5020	-1287.3129	9.3095	6.3280	4.8833
gene004_gene005	-9322.2167	-9336.0678	-13.8511	3.0042	1.2276	1.7842
gene004_gene006	-10667.4398	-11573.2639	-905.8241	10.7771	6.4793	10.5461
gene004_gene007	-10782.7276	-11737.7912	-955.0635	12.2087	6.5824	12.5609
gene004_gene008	-10597.6872	-11546.4082	-948.7211	10.4451	6.1057	10.7860
gene004_gene009	-10772.5951	-11663.2305	-890.6354	11.0584	6.0505	11.5173
gene004_gene010	-10672.5402	-11611.0022	-938.4620	11.2026	6.1242	12.0486
gene004_gene011	-10243.9581	-11308.8322	-1064.8741	11.5623	8.9888	9.2124
gene004_gene012	-10499.4758	-11547.1917	-1047.7159	11.9662	9.2737	8.6463
gene004_gene013	-10111.8793	-11154.0296	-1042.1504	11.4377	7.6109	8.9891
gene004_gene014	-10419.6863	-11484.6372	-1064.9509	11.8464	9.2449	9.0584
gene004_gene015	-10438.1353	-11480.0282	-1041.8930	11.9257	9.2218	8.8147
gene004_gene016	-8484.1051	-9586.2205	-1102.1154	8.4033	6.2401	4.4891
gene004_gene017	-8557.9650	-9706.6046	-1148.6397	8.5643	5.7443	5.2064
gene004_gene018	-8529.1773	-9731.2030	-1202.0257	8.4798	5.9660	4.9603
gene004_gene019	-8487.3152	-9620.6883	-1133.3731	8.6657	5.8497	4.9100
gene004_gene020	-8473.0250	-9658.9233	-1185.8983	8.4972	5.9831	4.9500
gene005_gene006	-10548.3556	-11458.8155	-910.4598	11.9435	8.4101	10.3410
gene005_gene007	-10663.6435	-11620.1781	-956.5346	13.1101	8.7196	13.0194
gene005_gene008	-10478.6030	-11440.3621	-961.7591	11.6231	8.4659	11.2929
gene005_gene009	-10653.5109	-11557.1980	-903.6870	11.9660	8.7726	12.3711
gene005_gene010	-10553.4560	-11500.5409	-947.0849	12.3153	8.9934	12.6769
gene005_gene011	-10124.8739	-11294.7414	-1169.8675	12.1032	8.1768	10.4978
gene005_gene012	-10380.3916	-11512.7222	-1132.3305	12.4729	8.4421	10.0891
gene005_gene013	-9992.7951	-11076.8017	-1084.0066	12.0997	7.5894	9.1426
gene005_gene014	-10300.6022	-11438.9802	-1138.3780	12.4301	8.3439	10.2049
gene005_gene015	-10319.0511	-11446.0912	-1127.0401	12.4789	8.3691	9.8270
gene005_gene016	-8365.0209	-9540.2684	-1175.2474	9.3506	6.6140	4.7294
gene005_gene017	-8438.8808	-9667.1010	-1228.2201	9.5116	6.2778	5.1665
gene005_gene018	-8410.0932	-9685.8125	-1275.7193	9.4271	6.6024	5.1213
gene005_gene019	-8368.2311	-9575.8045	-1207.5734	9.6130	6.6869	5.1113
gene005_gene020	-8353.9408	-9617.0268	-1263.0860	9.4445	6.5539	5.1172
gene006_gene007	-12008.8665	-12021.1831	-12.3166	2.9700	1.3934	1.5766
gene006_gene008	-11823.8261	-11830.0257	-6.1996	2.2040	1.1314	1.0726
gene006_gene009	-11998.7340	-12011.4406	-12.7066	2.3250	1.1570	1.2040
gene006_gene010	-11898.6791	-11911.6628	-12.9837	3.0114	1.4262	1.6458
gene006_gene011	-11470.0970	-12194.0577	-723.9607	12.4906	10.5894	6.6757
gene006_gene012	-11725.6147	-12410.1137	-684.4990	12.5420	9.8387	6.7605
gene006_gene013	-11338.0182	-12032.1079	-694.0897	12.0688	9.8133	6.7248
gene006_gene014	-11645.8252	-12315.2949	-669.4697	12.6528	10.0473	6.8031
gene006_gene015	-11664.2742	-12372.6378	-708.3636	12.6391	10.1586	6.9268
gene006_gene016	-9710.2440	-10640.5801	-930.3361	8.9981	8.3324	5.8478
gene006_gene017	-9784.1039	-10695.7483	-911.6444	9.0970	6.5859	5.1330
gene006_gene018	-9755.3163	-10684.0881	-928.7718	9.0344	6.6330	5.1559
gene006_gene019	-9713.4541	-10616.3661	-902.9120	9.0726	6.6704	5.2148
gene006_gene020	-9699.1639	-10643.5927	-944.4288	9.0137	6.8613	5.3289
gene007_gene008	-11939.1139	-11950.7696	-11.6557	2.6866	1.5805	1.1421
gene007_gene009	-12114.0218	-12125.4779	-11.4560	2.3469	1.2115	1.1525
gene007_gene010	-12013.9669	-12025.4946	-11.5277	2.4938	1.2635	1.2472
gene007_gene011	-11585.3849	-12399.4876	-814.1027	12.9707	10.1145	6.8435
gene007_gene012	-11840.9025	-12609.2339	-768.3313	12.6587	9.5726	7.0826
gene007_gene013	-11453.3060	-12241.0860	-787.7799	12.1727	9.5877	6.9091
gene007_gene014	-11761.1131	-12514.9233	-753.8103	12.6413	9.9542	7.0865
gene007_gene015	-11779.5620	-12576.0525	-796.4905	12.4814	9.6888	7.1062
gene007_gene016	-9825.5318	-10781.5957	-956.0639	9.5702	7.2021	5.5636
gene007_gene017	-9899.3917	-10833.6791	-934.2874	9.6079	7.0622	5.3983
gene007_gene018	-9870.6041	-10819.7442	-949.1401	9.6065	7.0929	5.4835
gene007_gene019	-9828.7420	-10750.6122	-921.8702	9.6447	7.1318	5.5015
gene007_gene020	-9814.4517	-10778.9909	-964.5392	9.6002	7.2443	5.6295
gene008_gene009	-11928.9814	-11937.6749	-8.6935	2.4025	1.1195	1.2830
gene008_gene010	-11828.9264	-11836.3823	-7.4558	2.2443	0.9804	1.3107
gene008_gene011	-11400.3444	-12133.0110	-732.6666	11.6027	9.1793	6.2569
gene008_gene012	-11655.8621	-12340.4066	-684.5445	11.7216	8.7213	6.6391
gene008_gene013	-11268.2655	-11970.2467	-701.9811	11.1448	8.5403	6.5830
gene008_gene014	-11576.0726	-12248.8153	-672.7427	11.6531	8.8508	6.7300
gene008_gene015	-11594.5215	-12308.1423	-713.6208	11.6394	8.8475	6.7364
gene008_gene016	-9640.4914	-10569.6929	-929.2015	8.4521	6.1386	5.2583
gene008_gene017	-9714.3512	-10619.9455	-905.5942	8.5658	5.9478	5.0657
gene008_gene018	-9685.5636	-10608.9407	-923.3770	8.4884	5.9885	5.1777
gene008_gene019	-9643.7015	-10541.4188	-897.7174	8.5265	6.0900	5.1589
gene008_gene020	-9629.4112	-10566.0816	-936.6704	8.4677	6.1697	5.3370
gene009_gene010	-12003.8344	-12012.3310	-8.4966	2.4931	1.2765	1.2167
gene009_gene011	-11575.2523	-12304.7185	-729.4662	12.1847	10.7776	6.2279
gene009_gene012	-11830.7700	-12520.8923	-690.1224	12.1103	9.5313	6.8469
gene009_gene013	-11443.1735	-12146.4522	-703.2787	11.6737	10.0594	6.9124
gene009_gene014	-11750.9805	-12427.1282	-676.1477	12.2578	9.8134	6.9320
gene009_gene015	-11769.4294	-12465.8357	-696.4062	12.2440	10.2818	6.9158
gene009_gene016	-9815.3993	-10670.6484	-855.2492	9.0373	8.4540	5.9204
gene009_gene017	-9889.2592	-10797.4407	-908.1815	9.0749	6.7982	5.5831
gene009_gene018	-9860.4715	-10790.3011	-929.8296	9.0735	6.8029	5.7214
gene009_gene019	-9818.6094	-10722.4721	-903.8627	9.1117	6.8171	5.6673
gene009_gene020	-9804.3192	-10679.3133	-874.9941	9.0672	8.6220	5.7912
gene010_gene011	-11475.1974	-12254.5434	-779.3461	12.5345	9.9139	6.9395
gene010_gene012	-11730.7150	-12461.1991	-730.4841	12.3098	9.7326	7.3157
gene010_gene013	-11343.1185	-12095.2403	-752.1218	11.8633	9.7008	7.2661
gene010_gene014	-11650.9256	-12366.1697	-715.2441	12.4474	9.9161	7.4145
gene010_gene015	-11669.3745	-12432.2846	-762.9100	12.4523	9.5634	7.4391
gene010_gene016	-9715.3444	-10683.7944	-968.4501	9.1956	7.0104	5.5121
gene010_gene017	-9789.2042	-10735.9431	-946.7389	9.4112	6.9756	5.3488
gene010_gene018	-9760.4166	-10723.6534	-963.2367	9.3200	6.9150	5.4208
gene010_gene019	-9718.5545	-10655.2481	-936.6936	9.2964	6.8732	5.4382
gene010_gene020	-9704.2642	-10681.4509	-977.1867	9.2890	7.0954	5.5450
gene011_gene012	-11302.1330	-11311.8205	-9.6876	1.9716	0.9526	1.0583
gene011_gene013	-10914.5365	-10922.0714	-7.5349	1.5951	0.7336	0.8615
gene011_gene014	-11222.3435	-11227.2043	-4.8608	1.2732	0.6380	0.6498
gene011_gene015	-11240.7925	-11251.3338	-10.5413	2.2535	0.8825	1.3973
gene011_gene016	-9286.7623	-10293.3084	-1006.5461	8.3785	6.1247	4.8368
gene011_gene017	-9360.6222	-10340.6440	-980.0218	8.7815	6.7060	4.7931
gene011_gene018	-9331.8346	-10369.2625	-1037.4279	8.7690	6.5635	4.7644
gene011_gene019	-9289.9724	-10295.9895	-1006.0171	8.6623	6.4771	5.1296
gene011_gene020	-9275.6822	-10319.0952	-1043.4131	8.7301	6.4370	4.8244
gene012_gene013	-11170.0542	-11180.4500	-10.3959	1.8040	0.9148	0.8892
gene012_gene014	-11477.8612	-11483.4504	-5.5892	1.2376	0.6387	0.6111
gene012_gene015	-11496.3101	-11504.8415	-8.5314	1.6242	0.6538	1.0228
gene012_gene016	-9542.2800	-10548.1510	-1005.8710	8.8342	6.7177	5.0942
gene012_gene017	-9616.1399	-10569.7685	-953.6287	9.2372	6.7224	5.0789
gene012_gene018	-9587.3522	-10604.8545	-1017.5022	9.2247	6.3292	4.8791
gene012_gene019	-9545.4901	-10535.0817	-989.5916	9.1180	6.5630	5.0671
gene012_gene020	-9531.1998	-10555.0907	-1023.8909	9.1858	7.2251	4.3891
gene013_gene014	-11090.2647	-11097.7297	-7.4650	1.4489	0.7423	0.7066
gene013_gene015	-11108.7136	-11117.3569	-8.6433	1.4525	0.6362	0.8223
gene013_gene016	-9154.6835	-10129.4626	-974.7792	7.5116	5.2811	4.1472
gene013_gene017	-9228.5433	-10166.6841	-938.1407	7.9147	5.9824	4.4431
gene013_gene018	-9199.7557	-10193.5190	-993.7633	7.9021	5.6376	4.2882
gene013_gene019	-9157.8936	-10135.4179	-977.5243	7.7954	5.6618	4.3965
gene013_gene020	-9143.6033	-10138.2515	-994.6482	7.8632	5.5317	4.3231
gene014_gene015	-11416.5207	-11420.3933	-3.8727	1.4297	0.5698	0.9145
gene014_gene016	-9462.4905	-10426.7055	-964.2150	8.5741	5.8815	4.9994
gene014_gene017	-9536.3504	-10457.8915	-921.5411	8.9772	6.6381	5.0547
gene014_gene018	-9507.5628	-10495.5942	-988.0314	8.9646	6.5553	5.0864
gene014_gene019	-9465.7006	-10428.5539	-962.8533	8.8579	6.4741	5.1349
gene014_gene020	-9451.4104	-10434.5481	-983.1377	8.9257	6.5241	5.1136
gene015_gene016	-9480.9394	-10421.3230	-940.3835	8.5693	6.7020	4.2912
gene015_gene017	-9554.7993	-10491.9448	-937.1455	8.9723	6.7258	5.0495
gene015_gene018	-9526.0117	-10496.5453	-970.5335	8.9598	7.2758	4.4048
gene015_gene019	-9484.1496	-10446.8701	-962.7205	8.8531	6.8933	4.4415
gene015_gene020	-9469.8593	-10439.4192	-969.5599	8.9209	7.0250	4.4152
gene016_gene017	-7600.7692	-7613.4633	-12.6942	0.7788	0.3880	0.3908
gene016_gene018	-7571.9815	-7582.2213	-10.2398	0.6939	0.3409	0.3556
gene016_gene019	-7530.1194	-7535.1336	-5.0142	0.4831	0.2318	0.2514
gene016_gene020	-7515.8292	-7521.8590	-6.0299	0.5252	0.2673	0.2588
gene017_gene018	-7645.8414	-7650.8887	-5.0472	0.4375	0.2442	0.1974
gene017_gene019	-7603.9793	-7612.5476	-8.5683	0.6559	0.3359	0.3274
gene017_gene020	-7589.6890	-7596.7720	-7.0830	0.6242	0.3190	0.3053
gene018_gene019	-7575.1917	-7582.6542	-7.4625	0.4807	0.2298	0.2516
gene018_gene020	-7560.9014	-7565.8514	-4.9500	0.4521	0.2085	0.2441
gene019_gene020	-7519.0393	-7523.8281	-4.7888	0.4412	0.2216	0.2283
