22
8 8 1
0 9.2459092 13.434454 17.877598 19.954266 30.296802 35.335726 46
0.74152063 0 13.142401 16.372986 17.877598 30.296802 35.335726 45
1.102133 1.0725118 0 17.877598 19.954266 30.296802 36.120964 46
1.5317866 1.4020949 1.5309528 0 17.877598 33.816089 38.582937 49
1.7764966 1.5612274 1.7400826 1.5866186 0 33.816089 37.744178 51
2.7090194 2.7051273 2.7253601 3.1624188 3.2096721 0 38.582937 41.212717
3.3364649 3.3175888 3.3878793 3.7562304 3.7361252 3.6635024 0 41.212717
4.4736099 4.3356888 4.5106295 4.9709681 5.2775116 3.9282285 3.9174387 0
8 8 2
0 10.095571 14.350135 16.73683 19.954266 34.567558 38.582937 50
1.2513235 0 13.142401 15.668855 18.680986 35.335726 36.120964 51
1.8253257 1.6827655 0 15.328227 19.954266 33.816089 37.744178 50
2.1959488 2.0251422 1.957533 0 16.372986 34.567558 37.744178 49
2.6822997 2.4673747 2.6440778 2.1492415 0 33.080957 38.582937 53
5.0429642 5.0657629 4.8626644 5.0050305 4.7310793 0 36.120964 45
5.8204849 5.3543846 5.5718847 5.6579894 5.7852141 5.2936 0 47
7.6732687 7.962254 7.7681915 7.4700819 8.485584 6.6018693 7.2114589 0
8 8 3
0 7.7550943 11.518682 13.732998 13.142401 37.744178 35.335726 44.021739
1.2267043 0 11.023314 14.038175 11.774653 37.744178 35.335726 45
1.8469564 1.7803131 0 14.038175 12.036312 36.923652 32.361806 41.212717
2.2480258 2.3307058 2.281934 0 10.095571 37.744178 35.335726 45
2.1254699 1.9175976 1.9569416 1.609058 0 36.923652 31.658288 43.064745
7.280857 7.1814913 7.011845 7.1344187 6.9897188 0 43.064745 49
6.8106039 6.8829046 6.1335517 6.7218631 5.9498363 8.6713045 0 46
8.7144798 8.9431268 7.9832158 8.8652074 8.4218726 9.9877374 9.3354685 0
8 8 4
0 9.4513739 13.732998 20.397694 18.274878 33.816089 40.316788 47
1.2993546 0 12.303786 17.877598 15.668855 34.567558 40.316788 47
1.974184 1.7296955 0 16.73683 16.73683 35.335726 40.316788 45
3.0371557 2.6454713 2.4684075 0 16.372986 36.120964 40.316788 49
2.6933032 2.2958052 2.4833248 2.433063 0 33.080957 38.582937 44.021739
5.4720847 5.6374057 5.7634313 6.0980428 5.3290135 0 40.316788 46
6.7906981 6.8129757 6.8203958 6.9302827 6.4942166 6.8925267 0 49
8.2087452 8.1611241 7.751184 8.6902807 7.5086821 8.0649942 8.6457859 0
8 8 5
0 8.4677563 12.577203 14.995005 16.73683 35.335726 31.658288 60
1.8127476 0 10.549249 12.577203 14.350135 36.120964 31.658288 59
2.7829737 2.2934884 0 13.732998 14.995005 36.923652 35.335726 62
3.3814892 2.7697506 3.0402439 0 12.856697 36.120964 33.816089 62
3.7291398 3.1525295 3.3883722 2.8143966 0 34.567558 31.658288 60
8.9155411 9.1145773 9.490578 9.1936584 8.8326966 0 36.120964 58
7.877044 7.9041781 8.9870543 8.7372151 7.9583961 9.4141401 0 62
17.840537 17.485242 18.583778 18.642455 17.975544 16.989426 18.737524 0
8 8 6
0 9.6614044 14.350135 17.488954 20.850976 33.080957 47 45
0.58692094 0 11.774653 15.668855 17.10876 31.658288 46 45
0.88973545 0.72452139 0 16.73683 18.680986 31.658288 45 47
1.120703 0.98496198 1.0656912 0 15.668855 32.361806 45 46
1.3774537 1.1071882 1.2116492 1.0054032 0 31.658288 45 47
2.2933844 2.2010098 2.2372818 2.2776762 2.1910905 0 49 43.064745
3.7924943 3.7050843 3.6090558 3.6476865 3.6620801 4.0124622 0 63
3.3945017 3.3205471 3.6071473 3.45101 3.5421395 3.2108727 5.5467176 0
8 8 7
0 8.1035948 12.577203 16.372986 16.372986 31.658288 34.567558 45
0.82317798 0 13.142401 16.372986 17.10876 33.080957 36.120964 47
1.2899698 1.3678235 0 16.017052 16.017052 30.970064 36.120964 46
1.7404486 1.7539893 1.6875578 0 15.668855 30.296802 37.744178 46
1.7384296 1.8473743 1.69991 1.6791795 0 31.658288 36.120964 45
3.7535217 3.8667208 3.6319579 3.5713746 3.674604 0 42.128555 46
4.1967778 4.4289067 4.3755086 4.7131962 4.3790606 5.2866811 0 48
5.7622211 6.0505352 5.9216166 5.8268552 5.7971915 5.865294 6.2777471 0
8 8 8
0 7.5865053 14.669027 20.397694 17.10876 35.335726 50 46
1.0972128 0 13.434454 18.680986 17.10876 34.567558 49 45
2.1831383 2.0120334 0 18.274878 19.954266 34.567558 49 47
3.209492 2.8999764 2.8144141 0 18.680986 36.120964 51 50
2.6292809 2.6235104 3.1032769 2.8864316 0 35.335726 48 48
6.0905658 5.8794086 5.815635 6.2125657 6.1273348 0 46 42.128555
9.850985 9.5732877 9.6726671 10.14282 9.4813537 8.7250736 0 64
8.3211005 7.998709 8.4429561 9.1891162 8.7839018 7.2889599 13.236317 0
8 8 9
0 9.6614044 13.142401 17.10876 21.787983 35.335726 33.816089 51
2.9542504 0 10.549249 15.668855 17.10876 33.080957 34.567558 47
4.131235 3.1924309 0 17.10876 20.850976 35.335726 33.816089 47
5.4201541 4.9419925 5.4401649 0 18.274878 36.120964 37.744178 51
7.2350523 5.4650488 6.8270086 5.9226775 0 37.744178 36.120964 59
12.565014 11.266148 12.362561 12.569082 13.626272 0 30.970064 47
11.933317 12.320712 12.034098 13.496127 12.956925 10.398332 0 47
19.757916 17.741914 17.379557 19.986356 23.992062 17.116076 17.664548 0
8 8 10
0 11.023314 15.668855 20.397694 21.787983 29.638176 41.212717 44.021739
0.93120515 0 12.303786 17.877598 20.850976 30.296802 38.582937 43.064745
1.3596685 1.0454053 0 18.274878 21.787983 28.993868 38.582937 44.021739
1.8216692 1.5845149 1.643374 0 19.954266 28.993868 39.440336 48
2.0249366 1.9144894 2.0172257 1.822613 0 32.361806 38.582937 51
2.7985434 2.8330291 2.7475839 2.759046 3.1523674 0 41.212717 40.316788
4.1960313 3.8753553 3.8828337 4.096277 3.9411235 4.1693914 0 49
4.5007226 4.3973646 4.5637239 5.0252767 5.4956963 3.9787463 5.2505152 0
8 8 11
0 9.0449112 17.488954 18.680986 20.397694 38.582937 44.021739 45
0.87204588 0 14.995005 16.372986 19.954266 41.212717 44.021739 47
1.7712467 1.4755862 0 15.328227 21.314331 39.440336 41.212717 46
1.8939804 1.6640846 1.5443375 0 19.096119 42.128555 43.064745 47
2.1152838 2.0901063 2.2519579 2.0027751 0 40.316788 44.021739 46
4.4477941 4.7416439 4.5327472 4.9457085 4.6888121 0 38.582937 38.582937
5.3027747 5.3120282 4.7875864 5.0886591 5.2804181 4.3970804 0 43.064745
5.2647542 5.6599913 5.3582382 5.6309237 5.5389926 4.2910053 5.0508885 0
8 8 12
0 9.2459092 14.669027 15.668855 17.10876 36.120964 38.582937 47
1.0603902 0 12.577203 16.017052 15.328227 35.335726 38.582937 45
1.7567116 1.4862994 0 16.73683 17.488954 36.120964 36.923652 47
1.9094714 1.949389 2.0382138 0 16.017052 37.744178 39.440336 49
2.0831703 1.8795067 2.1357132 1.9605074 0 36.120964 39.440336 51
4.962943 4.8946954 5.0080243 5.3106441 5.0750303 0 38.582937 47
5.427794 5.5516163 5.1445242 5.6319869 5.6098035 5.5039653 0 48
6.7569446 6.4446844 6.8176499 7.3128792 7.5655711 6.7686323 7.1485383 0
8 8 13
0 8.8482827 13.434454 16.017052 16.372986 24.859302 35.335726 62
1.3829473 0 11.268276 12.577203 14.350135 25.976436 33.816089 62
2.210514 1.8040802 0 11.023314 12.856697 27.143772 35.335726 62
2.6693354 2.0505054 1.7765494 0 12.856697 24.859302 33.816089 64
2.7382033 2.3674448 2.0722871 2.0773646 0 24.318882 35.335726 61
4.2906895 4.5027783 4.7533789 4.3373798 4.1898093 0 33.816089 60
6.6849721 6.3513357 6.6054019 6.2967714 6.6484684 6.3094322 0 61
13.706329 13.704771 13.639804 14.481074 13.28156 13.196166 13.654643 0
8 8 14
0 8.8482827 13.142401 14.669027 16.017052 26.55369 33.080957 56
0.88520925 0 11.518682 14.995005 14.038175 25.976436 33.080957 59
1.3534741 1.1661846 0 15.328227 14.995005 26.55369 33.816089 57
1.5336425 1.5437279 1.6071583 0 14.038175 28.993868 33.816089 57
1.6665066 1.4675717 1.5629132 1.4520059 0 26.55369 33.080957 59
2.9350024 2.867831 2.9810475 3.2940782 2.9697751 0 29.638176 52
3.8125156 3.8412478 3.8838664 3.9166492 3.9016104 3.3563933 0 56
7.3067392 7.765264 7.4034755 7.4842342 7.8328839 6.6192547 7.2473756 0
8 8 15
0 7.4215812 14.038175 15.668855 19.520477 28.993868 30.970064 39.440336
0.70077843 0 13.434454 14.995005 19.520477 28.993868 29.638176 39.440336
1.3967191 1.3225625 0 19.096119 22.27216 28.993868 32.361806 39.440336
1.6051003 1.5154791 1.994514 0 19.520477 31.658288 33.080957 42.128555
2.0721817 2.0616427 2.4086057 2.0692116 0 33.080957 34.567558 46
3.1123865 3.1595864 3.1574358 3.563302 3.8049172 0 33.080957 36.923652
3.4329282 3.2606652 3.6835215 3.7988864 3.9746834 3.7179706 0 38.582937
4.5638441 4.4905428 4.52573 4.9558383 5.6648533 4.1506424 4.4416758 0
8 8 16
0 7.7550943 14.038175 16.372986 21.314331 36.923652 38.582937 44.021739
0.89968919 0 11.774653 14.669027 18.274878 36.120964 37.744178 46
1.7023957 1.3837292 0 16.017052 20.397694 34.567558 37.744178 45
2.0463572 1.8203891 1.9560583 0 16.372986 37.744178 41.212717 48
2.7569093 2.3401889 2.5797671 2.0395488 0 35.335726 41.212717 51
4.9884843 4.8407238 4.5624218 5.2339728 4.9397905 0 31.658288 39.440336
5.3034358 5.1963445 5.1215865 5.7558544 5.9282208 4.1329484 0 41.212717
6.0446425 6.4332046 6.1866627 6.8480722 7.524925 5.2373213 5.5082929 0
8 8 17
0 6.7969672 11.518682 13.142401 17.877598 33.816089 40.316788 55
0.93821564 0 10.319917 11.774653 14.995005 35.335726 40.316788 55
1.6678063 1.4519655 0 13.434454 15.668855 33.816089 38.582937 52
1.9210692 1.7077709 1.9287799 0 13.732998 33.816089 38.582937 53
2.6761712 2.2374334 2.3126378 1.9744328 0 32.361806 36.923652 54
5.6106668 5.9092308 5.6884391 5.5891984 5.3963826 0 36.923652 52
7.1456676 7.2012568 6.7858783 6.870602 6.4823386 6.4371343 0 58
10.607707 10.644426 9.7424247 9.9933433 10.22798 9.7725448 11.439908 0
8 8 18
0 9.6614044 14.350135 19.520477 17.877598 36.120964 34.567558 46
1.5583592 0 14.669027 17.877598 17.488954 35.335726 35.335726 47
2.4050782 2.4779092 0 16.017052 16.73683 36.923652 33.080957 44.021739
3.40464 3.1373617 2.754074 0 14.669027 36.923652 34.567558 47
3.0938016 3.0104776 2.8905216 2.5103662 0 36.923652 33.080957 46
6.9273877 6.6874435 7.0848481 7.1118666 7.3089284 0 35.335726 45
6.6533017 6.8511017 6.2744621 6.759119 6.435265 6.7336207 0 42.128555
9.2566223 9.4785535 8.7472412 9.5644479 9.3294298 9.1564538 8.3306163 0
8 8 19
0 6.649207 11.774653 15.328227 15.668855 37.744178 42.128555 51
0.91723943 0 9.0449112 13.434454 14.350135 36.923652 38.582937 49
1.6976644 1.260872 0 14.038175 16.372986 36.120964 40.316788 50
2.2466413 1.9672912 2.0802803 0 14.995005 36.120964 39.440336 53
2.3320893 2.0909847 2.4392424 2.2393474 0 36.120964 39.440336 49
6.290708 6.198523 5.9338305 6.0706217 6.0516398 0 37.744178 47
7.3745159 6.6246673 6.9869087 6.9372773 6.8506163 6.4581205 0 45
9.1785361 8.8317422 9.0870623 9.8080748 8.8382743 8.2255327 7.9405242 0
8 8 20
0 8.6559287 14.038175 17.488954 20.397694 30.296802 30.970064 44.021739
0.66449493 0 13.434454 17.10876 20.397694 28.993868 31.658288 47
1.10644 1.0532932 0 16.017052 19.954266 31.658288 32.361806 46
1.4300025 1.4025983 1.3135065 0 16.73683 33.080957 33.816089 49
1.7125287 1.7338066 1.6896179 1.4011349 0 33.080957 33.816089 49
2.6366845 2.5586367 2.7827957 3.0244605 2.9749874 0 32.361806 45
2.7294408 2.8681237 2.9304632 3.0897202 3.1190095 2.87932 0 43.064745
4.2149241 4.4925355 4.4290112 4.8048776 4.8095888 4.2238535 4.1177348 0
8 8 21
0 9.8761023 13.142401 17.877598 16.372986 33.816089 36.923652 44.021739
1.3615749 0 10.783676 15.668855 15.668855 34.567558 39.440336 45
1.8773489 1.5060475 0 16.372986 15.328227 33.080957 36.120964 46
2.652882 2.3345908 2.452522 0 15.668855 37.744178 40.316788 49
2.4230933 2.2974045 2.250149 2.3297148 0 35.335726 39.440336 46
5.5433612 5.6071266 5.3965124 6.379239 5.8546315 0 36.923652 42.128555
6.2003229 6.6981533 6.017252 6.9304396 6.8127837 6.1553002 0 46
7.400586 7.5891043 7.9697046 8.6493341 8.0397511 6.9150501 7.9265135 0
8 8 22
0 9.0449112 13.732998 16.73683 19.954266 33.080957 33.080957 55
0.96584598 0 12.856697 15.668855 19.096119 33.080957 32.361806 53
1.5296675 1.4142598 0 14.669027 19.520477 33.080957 32.361806 55
1.8924348 1.7667578 1.636369 0 16.017052 33.816089 32.361806 54
2.3767348 2.2610272 2.3171303 1.8546903 0 38.582937 36.120964 58
4.0752894 4.1409626 4.0574533 4.2002475 5.0565846 0 33.816089 54
4.1088768 4.0605701 4.0444781 4.0546462 4.7820385 4.1849844 0 55
7.7763763 7.3971373 7.8273667 7.5787691 8.5849439 7.498981 7.6670285 0
