1
8 8 1
0 9.0449112 17.488954 18.680986 20.397694 38.582937 44.021739 45
0.87204588 0 14.995005 16.372986 19.954266 41.212717 44.021739 47
1.7712467 1.4755862 0 15.328227 21.314331 39.440336 41.212717 46
1.8939804 1.6640846 1.5443375 0 19.096119 42.128555 43.064745 47
2.1152838 2.0901063 2.2519579 2.0027751 0 40.316788 44.021739 46
4.4477941 4.7416439 4.5327472 4.9457085 4.6888121 0 38.582937 38.582937
5.3027747 5.3120282 4.7875864 5.0886591 5.2804181 4.3970804 0 43.064745
5.2647542 5.6599913 5.3582382 5.6309237 5.5389926 4.2910053 5.0508885 0
