20
8 8 1
0 7.7550943 11.518682 13.732998 13.142401 37.744178 35.335726 44.021739
1.2267043 0 11.023314 14.038175 11.774653 37.744178 35.335726 45
1.8469564 1.7803131 0 14.038175 12.036312 36.923652 32.361806 41.212717
2.2480258 2.3307058 2.281934 0 10.095571 37.744178 35.335726 45
2.1254699 1.9175976 1.9569416 1.609058 0 36.923652 31.658288 43.064745
7.280857 7.1814913 7.011845 7.1344187 6.9897188 0 43.064745 49
6.8106039 6.8829046 6.1335517 6.7218631 5.9498363 8.6713045 0 46
8.7144798 8.9431268 7.9832158 8.8652074 8.4218726 9.9877374 9.3354685 0
8 8 2
0 7.9274297 12.577203 14.038175 14.350135 25.976436 38.582937 38.582937
0.42187383 0 11.023314 13.142401 13.434454 25.976436 37.744178 39.440336
0.68485814 0.59990644 0 14.038175 14.350135 27.746967 36.923652 41.212717
0.786738 0.71556835 0.78186905 0 13.142401 26.55369 37.744178 40.316788
0.79667543 0.73908988 0.7993535 0.72749778 0 25.411731 38.582937 39.440336
1.5501704 1.5337248 1.6643043 1.6029578 1.5178093 0 39.440336 37.744178
2.5969911 2.572328 2.5204709 2.5513303 2.6205132 2.670828 0 54
2.4629379 2.4844049 2.625311 2.5872959 2.4869775 2.3497432 3.9673156 0
8 8 3
0 9.6614044 14.350135 17.488954 20.850976 33.080957 47 45
0.58692094 0 11.774653 15.668855 17.10876 31.658288 46 45
0.88973545 0.72452139 0 16.73683 18.680986 31.658288 45 47
1.120703 0.98496198 1.0656912 0 15.668855 32.361806 45 46
1.3774537 1.1071882 1.2116492 1.0054032 0 31.658288 45 47
2.2933844 2.2010098 2.2372818 2.2776762 2.1910905 0 49 43.064745
3.7924943 3.7050843 3.6090558 3.6476865 3.6620801 4.0124622 0 63
3.3945017 3.3205471 3.6071473 3.45101 3.5421395 3.2108727 5.5467176 0
8 8 4
0 10.095571 19.096119 22.767097 24.859302 57 55 67
1.8033244 0 14.350135 19.520477 22.27216 53 52 67
3.6720559 2.6535754 0 20.850976 24.859302 54 55 66
4.5149323 3.7252752 4.0562378 0 21.314331 57 56 67
5.0195095 4.2944523 4.980675 4.162922 0 57 56 70
13.467521 12.302541 12.545909 13.691611 13.663698 0 55 56
13.087667 12.255335 12.887322 13.364927 13.430022 12.76662 0 61
16.600135 16.503419 16.28339 16.669345 17.570158 12.541978 14.341576 0
8 8 5
0 5.1077078 10.549249 14.350135 17.877598 27.143772 30.296802 45
0.96406459 0 9.4513739 14.669027 17.10876 28.993868 31.658288 44.021739
2.0515587 1.8345322 0 12.303786 17.10876 25.411731 31.658288 46
2.9548543 2.9879632 2.471874 0 14.350135 29.638176 31.658288 50
3.7537629 3.5582339 3.6024331 3.0356837 0 29.638176 33.080957 49
5.9009538 6.3931374 5.4932597 6.5284556 6.6238616 0 30.296802 42.128555
6.8776275 7.2191111 7.0437712 7.2597255 7.6328118 6.6519637 0 47
10.878997 10.73232 11.276412 12.549015 12.474937 9.9233411 11.457738 0
8 8 6
0 7.5865053 14.669027 20.397694 17.10876 35.335726 50 46
1.0972128 0 13.434454 18.680986 17.10876 34.567558 49 45
2.1831383 2.0120334 0 18.274878 19.954266 34.567558 49 47
3.209492 2.8999764 2.8144141 0 18.680986 36.120964 51 50
2.6292809 2.6235104 3.1032769 2.8864316 0 35.335726 48 48
6.0905658 5.8794086 5.815635 6.2125657 6.1273348 0 46 42.128555
9.850985 9.5732877 9.6726671 10.14282 9.4813537 8.7250736 0 64
8.3211005 7.998709 8.4429561 9.1891162 8.7839018 7.2889599 13.236317 0
8 8 7
0 8.4677563 15.328227 21.787983 23.273033 57 45 60
1.7928921 0 14.669027 19.954266 21.314331 54 44.021739 60
3.4140754 3.2229039 0 21.787983 23.790211 50 45 58
5.1522938 4.5918478 5.0122197 0 19.096119 50 51 63
5.5166944 4.9782027 5.6207368 4.4631748 0 50 50 61
16.242116 15.20855 13.509163 13.499972 13.641678 0 49 50
12.167851 11.964143 12.109164 14.370671 14.075854 13.500461 0 55
17.478419 17.371517 16.540745 18.545205 17.823824 13.368005 15.537939 0
8 8 8
0 9.6614044 20.397694 24.318882 28.993868 49 61 70
1.0811735 0 17.877598 23.790211 27.746967 48 61 70
2.5099679 2.1560324 0 24.859302 28.993868 51 62 76
3.0714876 3.0073631 3.243701 0 26.55369 55 66 77
3.8592787 3.5820329 3.8767587 3.5234048 0 56 61 84
6.8026535 6.7611877 7.2999328 8.2395387 8.3507664 0 58 62
9.4590052 9.5946876 9.8443879 10.797802 9.8358977 8.7612785 0 73
11.278622 11.372923 12.926761 13.175421 15.240415 9.2993562 12.097465 0
8 8 9
0 9.2459092 14.350135 17.10876 17.877598 58 45 63
0.58872486 0 14.350135 16.017052 17.488954 57 44.021739 63
0.93823769 0.92811987 0 16.372986 15.328227 58 45 63
1.1448151 1.0671178 1.0822111 0 14.995005 59 45 66
1.1989079 1.1713916 1.01719 0.99301515 0 58 44.021739 65
4.8631004 4.8022897 4.9546701 5.0314781 4.8973192 0 58 67
3.5824792 3.5247667 3.619211 3.6227641 3.4831008 4.94048 0 59
5.4912212 5.52324 5.5854065 5.9606184 5.7694889 5.949526 5.1125748 0
8 8 10
0 9.4513739 14.669027 19.096119 19.096119 37.744178 42.128555 63
1.0605281 0 14.995005 17.488954 17.877598 38.582937 42.128555 64
1.7026214 1.7480852 0 19.954266 20.850976 40.316788 41.212717 62
2.2801144 2.0676231 2.43601 0 16.372986 40.316788 41.212717 63
2.2814065 2.1566973 2.5239554 1.9665971 0 43.064745 39.440336 65
5.017093 5.1669435 5.4576558 5.5262779 5.943986 0 40.316788 62
5.7668789 5.7797031 5.6872108 5.7092893 5.3791792 5.5204721 0 64
9.6757608 9.9493859 9.6315716 9.8757695 10.290805 9.4009245 10.02457 0
8 8 11
0 9.8761023 16.372986 19.520477 21.787983 50 49 54
3.1072239 0 14.669027 21.314331 20.397694 50 49 56
5.2422662 4.6820737 0 21.787983 19.520477 51 47 51
6.5422344 7.204366 7.4604536 0 21.787983 51 53 54
7.4210782 7.0943456 6.6315784 7.7307994 0 52 51 62
19.861331 19.763415 20.489393 20.451935 21.134141 0 50 54
19.849476 19.696972 18.526806 21.739706 20.954384 20.018469 0 55
21.684437 22.364352 19.766286 21.505735 25.998917 21.358199 21.744642 0
8 8 12
0 13.142401 17.10876 20.397694 21.314331 37.744178 50 58
2.4541337 0 14.038175 17.10876 20.397694 35.335726 52 60
3.1795801 2.6230492 0 17.488954 23.790211 36.923652 46 58
3.9584998 3.2364788 3.2643688 0 20.397694 39.440336 48 62
4.2129124 3.9722299 4.7101746 3.9861937 0 41.212717 49 64
8.1234063 7.6013061 7.8804998 8.6908757 9.2092665 0 47 57
11.879933 12.455894 10.675546 11.413209 11.849101 11.017699 0 69
13.843677 14.74096 13.737979 15.328407 16.110738 13.361473 17.997925 0
8 8 13
0 9.8761023 14.995005 18.680986 19.096119 40.316788 44.021739 60
0.81993842 0 14.669027 18.680986 19.520477 40.316788 46 61
1.2804115 1.2394418 0 18.680986 20.397694 42.128555 43.064745 61
1.6352511 1.6209976 1.6317227 0 19.954266 43.064745 43.064745 66
1.6629133 1.7373391 1.7921956 1.7827847 0 42.128555 45 63
4.0067126 4.0058009 4.23448 4.2980177 4.2222503 0 46 57
4.4440521 4.7721345 4.3885364 4.3905609 4.6344965 4.7040478 0 63
6.7361108 6.8481668 6.8055729 7.6641477 7.1384849 6.2158772 7.2443501 0
8 8 14
0 10.319917 16.73683 17.488954 23.273033 50 47 68
0.78465741 0 14.350135 17.10876 22.767097 50 49 68
1.3086264 1.110269 0 17.10876 22.767097 52 50 67
1.4067038 1.3518108 1.3626336 0 21.787983 55 50 69
1.92762 1.8864443 1.9117837 1.8478601 0 56 52 73
4.77705 4.710474 4.999171 5.3740868 5.5765376 0 51 65
4.4756246 4.6651722 4.8658351 4.8714623 5.1767902 4.869986 0 64
7.2986992 7.3151212 7.0625339 7.4121571 8.0918997 6.633169 6.5871205 0
8 8 15
0 11.774653 25.411731 27.746967 28.993868 57 58 65
1.8880345 0 21.314331 24.318882 29.638176 56 59 64
4.3563515 3.5763884 0 25.976436 31.658288 53 55 66
4.9722878 4.2775637 4.4989503 0 24.859302 62 56 68
5.175708 5.3061989 5.7287481 4.4017761 0 61 56 64
11.722546 11.447644 10.683761 13.34744 13.199916 0 63 67
12.465854 12.591393 11.330549 11.978732 11.828416 13.586449 0 69
14.266488 14.030049 14.610071 15.362364 14.067828 14.624712 15.64325 0
8 8 16
0 9.8761023 13.142401 17.877598 16.372986 33.816089 36.923652 44.021739
1.3615749 0 10.783676 15.668855 15.668855 34.567558 39.440336 45
1.8773489 1.5060475 0 16.372986 15.328227 33.080957 36.120964 46
2.652882 2.3345908 2.452522 0 15.668855 37.744178 40.316788 49
2.4230933 2.2974045 2.250149 2.3297148 0 35.335726 39.440336 46
5.5433612 5.6071266 5.3965124 6.379239 5.8546315 0 36.923652 42.128555
6.2003229 6.6981533 6.017252 6.9304396 6.8127837 6.1553002 0 46
7.400586 7.5891043 7.9697046 8.6493341 8.0397511 6.9150501 7.9265135 0
8 8 17
0 11.268276 19.520477 23.790211 24.859302 48 49 64
0.88214146 0 17.877598 22.27216 24.318882 49 50 64
1.5705661 1.4530355 0 24.859302 23.790211 48 48 61
1.9931408 1.8587767 2.0955688 0 23.273033 50 51 64
2.105233 2.0620719 2.01003 1.9688782 0 48 51 62
4.677297 4.7679265 4.6411848 4.9307643 4.6549467 0 53 58
4.88206 4.9465388 4.7256302 5.1411328 5.0967071 5.3581116 0 65
6.9154243 6.8765677 6.3688058 6.9685118 6.6588565 6.0156408 6.9683886 0
8 8 18
0 9.2459092 13.732998 18.274878 21.314331 36.923652 44.021739 69
1.3806843 0 12.303786 17.10876 19.520477 36.923652 42.128555 71
2.1359204 1.8895325 0 16.017052 20.397694 36.120964 42.128555 71
2.9638045 2.7338735 2.5655553 0 19.954266 38.582937 43.064745 76
3.5227057 3.2038133 3.3770097 3.3268592 0 42.128555 46 77
6.594322 6.5325484 6.4138343 6.9372203 7.9149928 0 40.316788 64
8.1900623 7.7200082 7.820931 8.1313945 8.8990502 7.3276608 0 71
15.009415 15.516994 15.436632 17.362615 17.819344 13.240695 15.685189 0
8 8 19
0 7.7550943 12.856697 13.732998 13.732998 27.746967 31.658288 42.128555
0.53731783 0 10.549249 13.142401 12.303786 27.143772 29.638176 41.212717
0.91489538 0.74499725 0 15.668855 14.350135 28.363566 31.658288 42.128555
0.98578874 0.95633783 1.1382093 0 12.036312 28.363566 31.658288 45
0.99915972 0.898883 1.0560717 0.8808649 0 27.746967 28.993868 43.064745
2.1658591 2.1092056 2.2279035 2.2496834 2.207683 0 33.080957 41.212717
2.5810682 2.3992432 2.5695765 2.578914 2.3546619 2.7229126 0 44.021739
3.6210368 3.5218856 3.6023527 3.8705515 3.6966419 3.4610153 3.8438438 0
8 8 20
0 9.0449112 13.732998 16.73683 19.954266 33.080957 33.080957 55
0.96584598 0 12.856697 15.668855 19.096119 33.080957 32.361806 53
1.5296675 1.4142598 0 14.669027 19.520477 33.080957 32.361806 55
1.8924348 1.7667578 1.636369 0 16.017052 33.816089 32.361806 54
2.3767348 2.2610272 2.3171303 1.8546903 0 38.582937 36.120964 58
4.0752894 4.1409626 4.0574533 4.2002475 5.0565846 0 33.816089 54
4.1088768 4.0605701 4.0444781 4.0546462 4.7820385 4.1849844 0 55
7.7763763 7.3971373 7.8273667 7.5787691 8.5849439 7.498981 7.6670285 0
