3
8 8 1
0 9.8761023 17.877598 18.274878 19.096119 55 54 69
1.3090629 0 19.520477 17.10876 19.096119 57 56 67
2.5457216 2.812894 0 19.954266 23.790211 54 56 69
2.6035784 2.4572862 2.8664206 0 19.520477 60 59 72
2.7216657 2.7985844 3.5450416 2.8323581 0 56 56 70
9.7629077 10.318847 9.5135673 11.040238 10.066678 0 58 69
9.7246104 10.194979 10.323957 11.051836 10.220997 10.692766 0 73
13.482503 13.011166 13.402818 14.360051 13.887839 13.387248 14.902865 0
8 8 2
0 12.303786 18.680986 19.954266 21.787983 43.064745 50 55
1.4595751 0 16.017052 16.73683 20.397694 42.128555 50 55
2.2830678 1.9626778 0 19.954266 23.273033 43.064745 49 53
2.5123258 2.0525521 2.5347278 0 22.27216 44.021739 51 60
2.8589342 2.6149365 3.0132819 2.9057124 0 47 54 64
6.1244877 6.0986106 6.0934743 6.399699 7.0995268 0 53 53
7.596751 7.7315504 7.5399703 7.9499461 8.5706315 8.2182062 0 64
8.3074524 8.423619 7.9586742 9.4996378 10.597957 7.8407104 10.343892 0
8 8 3
0 10.549249 17.10876 19.954266 30.296802 46 51 66
1.4157182 0 16.017052 19.096119 30.970064 45 49 66
2.4443004 2.2376778 0 19.954266 31.658288 44.021739 51 62
2.9592905 2.757734 2.9083742 0 26.55369 50 50 66
4.9805645 5.0691838 5.1544172 4.2422627 0 61 60 82
7.6330492 7.485902 7.2741152 8.5048522 11.589106 0 47 59
8.8150343 8.3871207 8.8513521 8.7283529 11.646398 7.7069617 0 66
12.44296 12.224729 11.314746 12.445894 17.576015 10.323072 12.294445 0
