32
8 8 1
0 9.2459092 13.434454 17.877598 19.954266 30.296802 35.335726 46
0.74152063 0 13.142401 16.372986 17.877598 30.296802 35.335726 45
1.102133 1.0725118 0 17.877598 19.954266 30.296802 36.120964 46
1.5317866 1.4020949 1.5309528 0 17.877598 33.816089 38.582937 49
1.7764966 1.5612274 1.7400826 1.5866186 0 33.816089 37.744178 51
2.7090194 2.7051273 2.7253601 3.1624188 3.2096721 0 38.582937 41.212717
3.3364649 3.3175888 3.3878793 3.7562304 3.7361252 3.6635024 0 41.212717
4.4736099 4.3356888 4.5106295 4.9709681 5.2775116 3.9282285 3.9174387 0
8 8 2
0 11.774653 16.73683 19.520477 22.767097 43.064745 49 66
1.1807536 0 16.73683 18.680986 22.767097 42.128555 49 64
1.7151662 1.7449955 0 19.520477 21.314331 43.064745 51 64
2.0745221 1.9610953 2.0896216 0 19.520477 43.064745 51 69
2.491251 2.4799191 2.3128942 2.0948693 0 43.064745 51 67
5.3373221 5.0887224 5.2093798 5.3455211 5.2439048 0 52 68
6.3330458 6.326016 6.5414789 6.6731601 6.608891 6.7128196 0 68
9.3004246 9.0030544 8.9398961 10.038075 9.5321288 9.8452919 9.8341032 0
8 8 3
0 9.4513739 14.995005 16.73683 18.274878 31.658288 30.970064 43.064745
1.2902029 0 12.303786 16.372986 18.274878 31.658288 30.296802 43.064745
2.1316147 1.7254676 0 16.372986 18.680986 32.361806 31.658288 44.021739
2.4243742 2.3399765 2.3777857 0 16.372986 35.335726 33.080957 47
2.7332009 2.7236079 2.7934445 2.4457341 0 32.361806 34.567558 51
5.0583889 4.9759317 5.1485904 5.8198477 5.2874654 0 35.335726 48
4.7641319 4.7112748 4.9664564 5.234679 5.6762502 5.6967906 0 36.923652
7.1493101 7.1087706 7.3307449 8.022191 9.1389931 8.2355835 5.8301807 0
8 8 4
0 9.4513739 13.732998 20.397694 18.274878 33.816089 40.316788 47
1.2993546 0 12.303786 17.877598 15.668855 34.567558 40.316788 47
1.974184 1.7296955 0 16.73683 16.73683 35.335726 40.316788 45
3.0371557 2.6454713 2.4684075 0 16.372986 36.120964 40.316788 49
2.6933032 2.2958052 2.4833248 2.433063 0 33.080957 38.582937 44.021739
5.4720847 5.6374057 5.7634313 6.0980428 5.3290135 0 40.316788 46
6.7906981 6.8129757 6.8203958 6.9302827 6.4942166 6.8925267 0 49
8.2087452 8.1611241 7.751184 8.6902807 7.5086821 8.0649942 8.6457859 0
8 8 5
0 11.518682 17.10876 19.096119 20.850976 49 55 72
0.73687058 0 16.017052 17.10876 19.096119 49 54 71
1.1471468 1.0712882 0 19.096119 20.850976 52 55 76
1.2845356 1.1598215 1.3170791 0 19.520477 50 55 73
1.4406494 1.3144595 1.4396848 1.3374723 0 51 55 76
3.952219 4.0493704 4.3321381 4.1681623 4.2790135 0 58 69
4.7351473 4.6049847 4.8364874 4.8173501 4.8359461 5.0523638 0 72
6.7756171 6.6888864 7.3301038 6.9606935 7.4354146 6.4109588 6.9098658 0
8 8 6
0 9.0449112 14.995005 16.73683 19.520477 33.080957 36.923652 54
0.67971568 0 13.732998 15.668855 17.488954 33.816089 37.744178 56
1.1718382 1.0658779 0 17.488954 19.954266 33.080957 37.744178 56
1.333842 1.245348 1.4036604 0 15.668855 33.080957 36.923652 56
1.5855592 1.4256414 1.6238162 1.2495205 0 34.567558 39.440336 56
2.9162477 2.9309872 2.8571231 2.9260718 3.1098601 0 39.440336 53
3.3847597 3.4578803 3.5082539 3.4077683 3.7491196 3.6690723 0 56
5.3898116 5.5628491 5.5713569 5.6020369 5.7528282 5.2042595 5.6412014 0
8 8 7
0 8.8482827 13.142401 17.10876 16.372986 30.296802 36.120964 43.064745
0.95983514 0 12.036312 16.372986 14.995005 30.296802 33.080957 43.064745
1.4389794 1.3149635 0 15.328227 17.488954 28.993868 33.816089 39.440336
1.9661861 1.8688618 1.7155609 0 15.328227 33.080957 35.335726 42.128555
1.8774183 1.7041521 1.9677136 1.7502975 0 30.970064 35.335726 41.212717
3.7354776 3.7229599 3.5462067 4.2386353 3.8806052 0 36.120964 40.316788
4.6977885 4.2193502 4.308413 4.5906192 4.5229763 4.6203488 0 36.923652
5.6808221 5.6445602 5.1136961 5.6307415 5.3729396 5.3050476 4.7564962 0
8 8 8
0 9.4513739 12.303786 15.328227 14.669027 22.767097 24.859302 28.363566
0.52610411 0 10.783676 12.856697 14.350135 23.273033 23.790211 28.363566
0.69714289 0.60479108 0 13.732998 15.328227 23.273033 25.411731 27.143772
0.87962628 0.73560456 0.78112131 0 12.577203 22.767097 24.318882 27.746967
0.84456768 0.8342388 0.89327732 0.71228151 0 21.314331 24.318882 28.363566
1.370192 1.4065351 1.4054211 1.38235 1.2768434 0 25.411731 26.55369
1.5323622 1.4745561 1.5550661 1.5200463 1.4859009 1.544964 0 28.363566
1.7638584 1.768419 1.691938 1.7219642 1.7725465 1.6303379 1.7542198 0
8 8 9
0 9.4513739 14.350135 18.274878 19.520477 46 42.128555 76
0.90416429 0 13.732998 19.096119 19.954266 46 43.064745 74
1.4053412 1.3429469 0 19.096119 18.680986 48 44.021739 76
1.8312362 1.9504144 1.9066085 0 16.73683 48 47 78
1.9781291 2.0392014 1.8712919 1.6892505 0 46 45 79
5.3541921 5.432299 5.7052966 5.7159014 5.5154675 0 52 77
4.9275767 5.0072635 5.1488933 5.6454992 5.2847334 6.4332408 0 73
10.774088 10.531261 10.77975 11.396951 11.505721 11.135721 10.236641 0
8 8 10
0 10.095571 16.372986 17.877598 19.520477 33.816089 41.212717 55
0.48163164 0 13.434454 15.328227 17.10876 32.361806 39.440336 56
0.82419292 0.65044185 0 16.73683 19.520477 32.361806 39.440336 57
0.89452295 0.76214816 0.84326772 0 16.73683 33.080957 40.316788 55
0.98210561 0.84632211 1.004895 0.83247628 0 33.080957 40.316788 56
1.8442727 1.7321032 1.7783233 1.8106328 1.7829463 0 40.316788 53
2.4247961 2.346559 2.322295 2.360996 2.3862501 2.3359758 0 56
3.5208881 3.5690968 3.6869489 3.5141703 3.5511218 3.2663862 3.6226183 0
8 8 11
0 8.1035948 12.577203 16.372986 16.372986 31.658288 34.567558 45
0.82317798 0 13.142401 16.372986 17.10876 33.080957 36.120964 47
1.2899698 1.3678235 0 16.017052 16.017052 30.970064 36.120964 46
1.7404486 1.7539893 1.6875578 0 15.668855 30.296802 37.744178 46
1.7384296 1.8473743 1.69991 1.6791795 0 31.658288 36.120964 45
3.7535217 3.8667208 3.6319579 3.5713746 3.674604 0 42.128555 46
4.1967778 4.4289067 4.3755086 4.7131962 4.3790606 5.2866811 0 48
5.7622211 6.0505352 5.9216166 5.8268552 5.7971915 5.865294 6.2777471 0
8 8 12
0 11.023314 17.877598 19.520477 24.318882 45 55 84
0.73061436 0 15.328227 17.10876 21.314331 45 56 84
1.2284706 1.0303697 0 18.274878 22.27216 45 57 84
1.3628872 1.1649876 1.258015 0 18.680986 44.021739 56 87
1.7293886 1.5043023 1.58803 1.2956651 0 46 57 88
3.6598169 3.6492417 3.6625941 3.5466047 3.7698066 0 50 82
4.7084726 4.8450907 4.9968043 4.8316196 5.0074773 4.0917223 0 83
8.6299373 8.711821 8.5748055 9.167799 9.4222597 8.1953926 8.469954 0
8 8 13
0 9.4513739 15.668855 19.520477 19.954266 40.316788 58 83
0.95294954 0 14.350135 18.274878 19.520477 39.440336 59 82
1.6311089 1.4894541 0 18.680986 19.096119 40.316788 60 82
2.1255186 1.9838129 2.0212193 0 17.10876 44.021739 55 87
2.1725051 2.1083219 2.0588182 1.8347418 0 43.064745 54 83
4.9074383 4.7451365 4.9584775 5.5845036 5.3716247 0 60 86
8.3695365 8.5789512 8.7055518 7.9943352 7.6428565 8.8221354 0 94
13.664376 13.367412 13.345622 14.855148 13.785522 14.427331 17.518587 0
8 8 14
0 11.023314 15.668855 20.397694 21.787983 29.638176 41.212717 44.021739
0.93120515 0 12.303786 17.877598 20.850976 30.296802 38.582937 43.064745
1.3596685 1.0454053 0 18.274878 21.787983 28.993868 38.582937 44.021739
1.8216692 1.5845149 1.643374 0 19.954266 28.993868 39.440336 48
2.0249366 1.9144894 2.0172257 1.822613 0 32.361806 38.582937 51
2.7985434 2.8330291 2.7475839 2.759046 3.1523674 0 41.212717 40.316788
4.1960313 3.8753553 3.8828337 4.096277 3.9411235 4.1693914 0 49
4.5007226 4.3973646 4.5637239 5.0252767 5.4956963 3.9787463 5.2505152 0
8 8 15
0 9.2459092 14.669027 15.668855 17.10876 36.120964 38.582937 47
1.0603902 0 12.577203 16.017052 15.328227 35.335726 38.582937 45
1.7567116 1.4862994 0 16.73683 17.488954 36.120964 36.923652 47
1.9094714 1.949389 2.0382138 0 16.017052 37.744178 39.440336 49
2.0831703 1.8795067 2.1357132 1.9605074 0 36.120964 39.440336 51
4.962943 4.8946954 5.0080243 5.3106441 5.0750303 0 38.582937 47
5.427794 5.5516163 5.1445242 5.6319869 5.6098035 5.5039653 0 48
6.7569446 6.4446844 6.8176499 7.3128792 7.5655711 6.7686323 7.1485383 0
8 8 16
0 8.8482827 13.142401 14.669027 16.017052 26.55369 33.080957 56
0.88520925 0 11.518682 14.995005 14.038175 25.976436 33.080957 59
1.3534741 1.1661846 0 15.328227 14.995005 26.55369 33.816089 57
1.5336425 1.5437279 1.6071583 0 14.038175 28.993868 33.816089 57
1.6665066 1.4675717 1.5629132 1.4520059 0 26.55369 33.080957 59
2.9350024 2.867831 2.9810475 3.2940782 2.9697751 0 29.638176 52
3.8125156 3.8412478 3.8838664 3.9166492 3.9016104 3.3563933 0 56
7.3067392 7.765264 7.4034755 7.4842342 7.8328839 6.6192547 7.2473756 0
8 8 17
0 7.4215812 14.038175 15.668855 19.520477 28.993868 30.970064 39.440336
0.70077843 0 13.434454 14.995005 19.520477 28.993868 29.638176 39.440336
1.3967191 1.3225625 0 19.096119 22.27216 28.993868 32.361806 39.440336
1.6051003 1.5154791 1.994514 0 19.520477 31.658288 33.080957 42.128555
2.0721817 2.0616427 2.4086057 2.0692116 0 33.080957 34.567558 46
3.1123865 3.1595864 3.1574358 3.563302 3.8049172 0 33.080957 36.923652
3.4329282 3.2606652 3.6835215 3.7988864 3.9746834 3.7179706 0 38.582937
4.5638441 4.4905428 4.52573 4.9558383 5.6648533 4.1506424 4.4416758 0
8 8 18
0 12.303786 19.954266 22.27216 22.767097 51 53 68
1.4727903 0 15.668855 19.096119 19.520477 51 52 66
2.5562446 1.918945 0 19.096119 23.273033 50 54 66
2.8645558 2.4129206 2.3867291 0 18.680986 49 56 69
2.9761931 2.4448144 3.0038666 2.3451231 0 48 56 63
7.8705506 7.9700169 7.7095265 7.4880209 7.2550875 0 52 66
8.4892721 8.1827565 8.6993228 9.1446575 9.1479979 8.2203505 0 64
11.541313 11.04475 11.061452 11.930761 10.557441 11.200773 10.913269 0
8 8 19
0 7.7550943 14.038175 16.372986 21.314331 36.923652 38.582937 44.021739
0.89968919 0 11.774653 14.669027 18.274878 36.120964 37.744178 46
1.7023957 1.3837292 0 16.017052 20.397694 34.567558 37.744178 45
2.0463572 1.8203891 1.9560583 0 16.372986 37.744178 41.212717 48
2.7569093 2.3401889 2.5797671 2.0395488 0 35.335726 41.212717 51
4.9884843 4.8407238 4.5624218 5.2339728 4.9397905 0 31.658288 39.440336
5.3034358 5.1963445 5.1215865 5.7558544 5.9282208 4.1329484 0 41.212717
6.0446425 6.4332046 6.1866627 6.8480722 7.524925 5.2373213 5.5082929 0
8 8 20
0 7.7550943 13.732998 15.668855 17.10876 43.064745 44.021739 62
0.73542607 0 11.774653 14.350135 16.017052 41.212717 43.064745 61
1.3674551 1.1469474 0 17.10876 18.680986 41.212717 42.128555 60
1.56839 1.4479456 1.745312 0 16.017052 41.212717 45 60
1.7385656 1.6254756 1.9250265 1.610192 0 41.212717 45 61
5.0615076 4.8553242 4.8285366 4.8659258 4.8431321 0 43.064745 58
5.3520297 5.1546465 4.933763 5.4400265 5.5062601 5.0573751 0 60
8.2599633 8.0480933 7.7910843 7.8860508 8.086162 7.3674057 7.9493466 0
8 8 21
0 8.2836747 14.995005 17.877598 17.488954 35.335726 46 69
1.5728985 0 13.434454 18.274878 16.73683 37.744178 49 70
2.9560052 2.6500355 0 17.877598 17.877598 38.582937 48 68
3.6454394 3.7306905 3.6206454 0 17.488954 40.316788 51 66
3.4996709 3.3588716 3.6282499 3.5290974 0 38.582937 47 67
7.6866665 8.3382248 8.6240542 9.145966 8.7650978 0 44.021739 63
10.937463 11.827261 11.540593 12.504082 11.326843 10.20857 0 62
19.100945 19.401118 18.613075 17.998808 18.453737 16.667206 16.384841 0
8 8 22
0 10.783676 17.10876 20.850976 23.273033 45 54 53
1.0273153 0 14.995005 20.397694 21.787983 45 54 56
1.686982 1.4489041 0 19.520477 21.787983 44.021739 52 56
2.0856626 2.0357611 1.9730108 0 18.680986 47 51 58
2.4284943 2.2120952 2.2375906 1.8702477 0 45 52 59
5.1325429 5.2571899 5.0080832 5.5139258 5.2816668 0 49 52
6.6275853 6.7619308 6.3156508 6.3264464 6.4946583 5.7659831 0 54
6.350221 6.8213086 6.7667642 7.1520876 7.4052312 6.0727695 6.5992454 0
8 8 23
0 9.6614044 14.350135 19.520477 17.877598 36.120964 34.567558 46
1.5583592 0 14.669027 17.877598 17.488954 35.335726 35.335726 47
2.4050782 2.4779092 0 16.017052 16.73683 36.923652 33.080957 44.021739
3.40464 3.1373617 2.754074 0 14.669027 36.923652 34.567558 47
3.0938016 3.0104776 2.8905216 2.5103662 0 36.923652 33.080957 46
6.9273877 6.6874435 7.0848481 7.1118666 7.3089284 0 35.335726 45
6.6533017 6.8511017 6.2744621 6.759119 6.435265 6.7336207 0 42.128555
9.2566223 9.4785535 8.7472412 9.5644479 9.3294298 9.1564538 8.3306163 0
8 8 24
0 15.328227 20.397694 21.787983 25.411731 56 50 71
2.2354377 0 18.680986 19.520477 24.859302 53 52 71
3.0298598 2.7578549 0 19.954266 22.27216 53 50 70
3.3573023 2.9294622 3.00418 0 20.397694 56 51 71
3.9512518 3.8685237 3.397269 3.0814002 0 55 51 69
10.690901 9.7236704 9.8489492 10.714058 10.406101 0 55 74
9.2260344 9.64136 9.1664479 9.3786288 9.2460182 10.329562 0 70
14.356561 14.46689 13.946395 14.426203 13.899405 15.274053 14.032377 0
8 8 25
0 8.6559287 14.038175 17.488954 20.397694 30.296802 30.970064 44.021739
0.66449493 0 13.434454 17.10876 20.397694 28.993868 31.658288 47
1.10644 1.0532932 0 16.017052 19.954266 31.658288 32.361806 46
1.4300025 1.4025983 1.3135065 0 16.73683 33.080957 33.816089 49
1.7125287 1.7338066 1.6896179 1.4011349 0 33.080957 33.816089 49
2.6366845 2.5586367 2.7827957 3.0244605 2.9749874 0 32.361806 45
2.7294408 2.8681237 2.9304632 3.0897202 3.1190095 2.87932 0 43.064745
4.2149241 4.4925355 4.4290112 4.8048776 4.8095888 4.2238535 4.1177348 0
8 8 26
0 9.2459092 15.668855 19.520477 19.954266 35.335726 39.440336 60
0.48936485 0 14.350135 19.096119 18.274878 36.923652 40.316788 61
0.87354342 0.79019837 0 18.680986 19.520477 36.120964 40.316788 63
1.1065422 1.0843743 1.0702541 0 18.274878 36.923652 41.212717 62
1.1292967 1.0248837 1.1126953 1.0401465 0 36.120964 41.212717 64
2.2032779 2.3155656 2.2925091 2.3716568 2.2653516 0 38.582937 63
2.5350918 2.653919 2.5935355 2.7311673 2.6928805 2.497489 0 61
4.3727261 4.4691431 4.6412949 4.6124184 4.7563609 4.6538442 4.5346507 0
8 8 27
0 13.434454 18.680986 23.790211 25.976436 49 58 65
3.2440098 0 20.397694 25.411731 24.318882 53 60 66
4.6598448 5.1665954 0 21.787983 23.790211 51 55 61
6.2028694 6.7219244 5.6526237 0 22.27216 53 62 68
6.8155742 6.5053543 6.1593337 5.8831548 0 54 60 68
15.000421 16.610743 15.634914 16.651012 17.093315 0 58 65
18.859166 19.784604 17.629729 20.735403 19.942955 18.703683 0 65
21.182237 21.769228 19.287535 22.765918 22.674668 20.86162 21.343043 0
8 8 28
0 7.9274297 14.995005 16.372986 18.274878 41.212717 46 67
0.55436623 0 13.434454 17.488954 18.274878 41.212717 46 69
1.1038174 0.99345645 0 19.096119 18.680986 42.128555 46 71
1.2001383 1.3054823 1.4368994 0 17.488954 40.316788 47 69
1.3743902 1.3908313 1.4244584 1.3194572 0 42.128555 46 70
3.5626937 3.6091592 3.7023688 3.4905249 3.669624 0 42.128555 65
4.1980684 4.1912697 4.2173948 4.3034538 4.1454529 3.6786217 0 69
6.7465362 6.9756684 7.2804094 7.0281121 7.1882303 6.376886 7.0125502 0
8 8 29
0 7.1024112 11.268276 13.434454 14.995005 24.859302 29.638176 36.923652
0.65146617 0 10.549249 13.142401 13.434454 25.411731 28.993868 36.120964
1.0777353 1.007166 0 13.732998 14.350135 24.318882 31.658288 36.120964
1.3063765 1.2533536 1.3160425 0 11.518682 25.976436 29.638176 35.335726
1.4542184 1.3111909 1.3988388 1.1025857 0 24.859302 28.993868 35.335726
2.6359865 2.6919336 2.5148669 2.7281144 2.6005813 0 33.080957 36.120964
3.2951053 3.1912271 3.550188 3.2782089 3.1920789 3.7633582 0 40.316788
4.1754462 4.0064938 3.9877126 3.9757789 3.9695199 4.0303504 4.7418407 0
8 8 30
0 9.8761023 14.038175 17.877598 23.790211 42.128555 46 54
0.99987782 0 13.434454 17.488954 24.859302 42.128555 49 57
1.476873 1.4282682 0 16.017052 21.787983 40.316788 48 54
1.9308734 1.9195101 1.7111041 0 18.680986 42.128555 49 57
2.7285989 2.8646812 2.4784884 2.0732006 0 46 48 59
5.2620013 5.3440232 4.9998187 5.3808598 5.9841741 0 43.064745 52
6.0380133 6.5039297 6.3504061 6.6219428 6.3653369 5.4802321 0 55
7.1693398 7.7239881 7.08866 7.8128346 8.0866202 6.8218393 7.3055065 0
8 8 31
0 9.8761023 16.017052 19.954266 19.520477 41.212717 45 61
0.70847184 0 14.038175 17.488954 17.488954 41.212717 47 60
1.1937536 1.0157138 0 17.877598 18.274878 39.440336 45 60
1.527439 1.3020721 1.3438531 0 18.274878 42.128555 49 62
1.4829529 1.3112826 1.3770385 1.3859467 0 40.316788 46 61
3.5803667 3.6105294 3.3945017 3.6803436 3.4827176 0 47 61
4.0649887 4.3045687 4.0915558 4.5967899 4.2174981 4.2685855 0 66
5.9356966 5.8347697 5.7877117 6.1094763 6.0208936 5.8629825 6.7066516 0
8 8 32
0 12.036312 19.954266 22.27216 24.859302 52 59 79
1.1242265 0 15.328227 19.954266 20.850976 51 58 79
1.9441835 1.4632307 0 21.314331 22.27216 52 58 77
2.2217729 1.9478828 2.1377356 0 19.954266 52 60 79
2.5100032 2.0400347 2.2072579 1.9612992 0 51 59 77
6.1708779 6.0502354 6.2065679 6.1818151 6.1235175 0 56 76
7.4514246 7.2086143 7.356348 7.6509345 7.517726 6.9030434 0 82
11.522003 11.36391 11.027988 11.585618 11.141023 10.705976 12.273058 0
