16
8 8 1
0 9.4513739 14.995005 16.73683 18.274878 31.658288 30.970064 43.064745
1.2902029 0 12.303786 16.372986 18.274878 31.658288 30.296802 43.064745
2.1316147 1.7254676 0 16.372986 18.680986 32.361806 31.658288 44.021739
2.4243742 2.3399765 2.3777857 0 16.372986 35.335726 33.080957 47
2.7332009 2.7236079 2.7934445 2.4457341 0 32.361806 34.567558 51
5.0583889 4.9759317 5.1485904 5.8198477 5.2874654 0 35.335726 48
4.7641319 4.7112748 4.9664564 5.234679 5.6762502 5.6967906 0 36.923652
7.1493101 7.1087706 7.3307449 8.022191 9.1389931 8.2355835 5.8301807 0
8 8 2
0 7.9274297 12.577203 14.038175 14.350135 25.976436 38.582937 38.582937
0.42187383 0 11.023314 13.142401 13.434454 25.976436 37.744178 39.440336
0.68485814 0.59990644 0 14.038175 14.350135 27.746967 36.923652 41.212717
0.786738 0.71556835 0.78186905 0 13.142401 26.55369 37.744178 40.316788
0.79667543 0.73908988 0.7993535 0.72749778 0 25.411731 38.582937 39.440336
1.5501704 1.5337248 1.6643043 1.6029578 1.5178093 0 39.440336 37.744178
2.5969911 2.572328 2.5204709 2.5513303 2.6205132 2.670828 0 54
2.4629379 2.4844049 2.625311 2.5872959 2.4869775 2.3497432 3.9673156 0
8 8 3
0 8.8482827 13.142401 17.10876 16.372986 30.296802 36.120964 43.064745
0.95983514 0 12.036312 16.372986 14.995005 30.296802 33.080957 43.064745
1.4389794 1.3149635 0 15.328227 17.488954 28.993868 33.816089 39.440336
1.9661861 1.8688618 1.7155609 0 15.328227 33.080957 35.335726 42.128555
1.8774183 1.7041521 1.9677136 1.7502975 0 30.970064 35.335726 41.212717
3.7354776 3.7229599 3.5462067 4.2386353 3.8806052 0 36.120964 40.316788
4.6977885 4.2193502 4.308413 4.5906192 4.5229763 4.6203488 0 36.923652
5.6808221 5.6445602 5.1136961 5.6307415 5.3729396 5.3050476 4.7564962 0
8 8 4
0 9.4513739 12.303786 15.328227 14.669027 22.767097 24.859302 28.363566
0.52610411 0 10.783676 12.856697 14.350135 23.273033 23.790211 28.363566
0.69714289 0.60479108 0 13.732998 15.328227 23.273033 25.411731 27.143772
0.87962628 0.73560456 0.78112131 0 12.577203 22.767097 24.318882 27.746967
0.84456768 0.8342388 0.89327732 0.71228151 0 21.314331 24.318882 28.363566
1.370192 1.4065351 1.4054211 1.38235 1.2768434 0 25.411731 26.55369
1.5323622 1.4745561 1.5550661 1.5200463 1.4859009 1.544964 0 28.363566
1.7638584 1.768419 1.691938 1.7219642 1.7725465 1.6303379 1.7542198 0
8 8 5
0 5.1077078 10.549249 14.350135 17.877598 27.143772 30.296802 45
0.96406459 0 9.4513739 14.669027 17.10876 28.993868 31.658288 44.021739
2.0515587 1.8345322 0 12.303786 17.10876 25.411731 31.658288 46
2.9548543 2.9879632 2.471874 0 14.350135 29.638176 31.658288 50
3.7537629 3.5582339 3.6024331 3.0356837 0 29.638176 33.080957 49
5.9009538 6.3931374 5.4932597 6.5284556 6.6238616 0 30.296802 42.128555
6.8776275 7.2191111 7.0437712 7.2597255 7.6328118 6.6519637 0 47
10.878997 10.73232 11.276412 12.549015 12.474937 9.9233411 11.457738 0
8 8 6
0 8.4677563 14.995005 16.73683 16.73683 23.273033 29.638176 45
1.2009292 0 13.732998 14.038175 14.350135 22.27216 27.143772 44.021739
2.2528188 2.0476184 0 17.877598 19.954266 22.27216 27.746967 42.128555
2.538282 2.0796165 2.740966 0 17.10876 22.27216 28.993868 48
2.5692148 2.1679774 3.1436609 2.6359772 0 21.314331 26.55369 48
3.6451022 3.4854519 3.4397973 3.4981821 3.3446732 0 24.318882 43.064745
5.0207574 4.5524937 4.6122241 4.835969 4.4428634 3.9788922 0 48
8.0505479 7.8355109 7.2510318 8.62987 8.8381945 7.5020996 8.7747087 0
8 8 7
0 5.7010209 9.2459092 12.036312 12.577203 28.363566 27.746967 35.335726
0.64791275 0 7.9274297 10.549249 11.518682 28.363566 27.746967 34.567558
1.0778866 0.91541778 0 11.518682 11.518682 26.55369 27.143772 36.923652
1.4312446 1.2493471 1.3854407 0 11.774653 28.363566 28.363566 37.744178
1.5091314 1.3629197 1.3685873 1.411234 0 27.746967 25.976436 38.582937
3.7917238 3.7865537 3.4780768 3.7972549 3.6655607 0 28.993868 39.440336
3.6913173 3.7197764 3.605056 3.7904423 3.4633 3.8690074 0 35.335726
4.9271873 4.7330371 5.0858237 5.4010072 5.3995106 5.6614384 5.0043708 0
8 8 8
0 8.2836747 13.142401 17.488954 16.73683 27.143772 27.746967 36.923652
0.32684139 0 12.303786 15.668855 16.73683 27.143772 27.143772 36.923652
0.5348561 0.4966046 0 16.017052 17.488954 26.55369 28.363566 36.120964
0.73104416 0.65717488 0.66715838 0 16.017052 27.746967 28.993868 36.923652
0.70309719 0.69902893 0.72388267 0.66680945 0 25.411731 27.746967 36.923652
1.2096766 1.2181097 1.1853084 1.2431558 1.120074 0 28.363566 35.335726
1.2548497 1.2369111 1.2773224 1.3278984 1.258889 1.2873844 0 40.316788
1.70236 1.7212803 1.6472818 1.7170187 1.7230492 1.6119238 1.8948802 0
8 8 9
0 10.549249 14.995005 17.10876 18.274878 29.638176 33.080957 42.128555
0.4535511 0 13.732998 16.372986 16.73683 27.746967 31.658288 42.128555
0.66761047 0.59358304 0 16.73683 17.10876 29.638176 32.361806 42.128555
0.75374966 0.72924375 0.73886394 0 16.73683 28.993868 33.816089 42.128555
0.82851011 0.75360463 0.77205579 0.7429446 0 28.363566 32.361806 39.440336
1.408222 1.3254358 1.4377265 1.3817491 1.3644713 0 32.361806 39.440336
1.6527124 1.5779047 1.610785 1.6871601 1.623942 1.6028146 0 36.120964
2.2252483 2.2319015 2.1800141 2.2137203 2.0451853 2.0047893 1.8586815 0
8 8 10
0 7.2602425 12.036312 16.017052 17.877598 25.411731 33.816089 42.128555
0.84839766 0 10.095571 14.038175 17.10876 27.143772 34.567558 42.128555
1.4379288 1.2047383 0 15.328227 16.017052 26.55369 33.816089 42.128555
1.9811716 1.7328817 1.93164 0 15.668855 26.55369 33.080957 43.064745
2.2675924 2.1246777 2.0055134 1.9540385 0 24.318882 34.567558 42.128555
3.334708 3.5695189 3.5311423 3.5466032 3.1719986 0 34.567558 37.744178
4.8267028 4.896015 4.7616337 4.7790027 4.9596237 4.8561821 0 54
6.0379619 6.1713563 6.1277142 6.2667068 6.1576054 5.18735 8.50925 0
8 8 11
0 6.9480109 11.268276 13.142401 13.732998 25.976436 28.363566 41.212717
0.5641371 0 9.4513739 11.518682 12.577203 25.976436 28.363566 42.128555
0.93483217 0.78391864 0 11.518682 13.142401 26.55369 28.363566 41.212717
1.1217039 0.97414359 0.96907307 0 13.434454 25.976436 27.746967 42.128555
1.1827715 1.0755625 1.1093857 1.1562072 0 25.976436 28.993868 41.212717
2.4119237 2.4102211 2.4394773 2.376879 2.3842455 0 28.993868 43.064745
2.726156 2.7238221 2.717739 2.6381738 2.7495533 2.7566956 0 39.440336
4.136328 4.3110182 4.2113289 4.2530659 4.1589213 4.382645 3.9986022 0
8 8 12
0 7.4215812 10.319917 13.732998 12.577203 15.668855 19.096119 23.273033
0.42047041 0 8.4677563 11.518682 11.774653 15.668855 19.096119 24.318882
0.59917113 0.48300939 0 10.549249 12.303786 15.328227 18.274878 23.790211
0.80619339 0.67153827 0.60944689 0 12.303786 17.488954 19.520477 24.859302
0.74531421 0.70576956 0.72210527 0.72408099 0 16.017052 18.680986 23.273033
0.94280168 0.9274738 0.9165334 1.0450992 0.95584449 0 19.096119 24.859302
1.1885973 1.185208 1.1352263 1.2201249 1.155406 1.1694506 0 24.318882
1.4611379 1.5754266 1.5304309 1.6053848 1.4616412 1.5642351 1.5661559 0
8 8 13
0 7.1024112 11.268276 13.434454 14.995005 24.859302 29.638176 36.923652
0.65146617 0 10.549249 13.142401 13.434454 25.411731 28.993868 36.120964
1.0777353 1.007166 0 13.732998 14.350135 24.318882 31.658288 36.120964
1.3063765 1.2533536 1.3160425 0 11.518682 25.976436 29.638176 35.335726
1.4542184 1.3111909 1.3988388 1.1025857 0 24.859302 28.993868 35.335726
2.6359865 2.6919336 2.5148669 2.7281144 2.6005813 0 33.080957 36.120964
3.2951053 3.1912271 3.550188 3.2782089 3.1920789 3.7633582 0 40.316788
4.1754462 4.0064938 3.9877126 3.9757789 3.9695199 4.0303504 4.7418407 0
8 8 14
0 7.5865053 12.856697 14.669027 17.488954 27.746967 39.440336 38.582937
0.96503586 0 10.783676 13.142401 17.10876 28.993868 40.316788 39.440336
1.7047496 1.4059529 0 15.328227 17.10876 28.993868 43.064745 36.923652
1.9596218 1.7512986 2.0658472 0 14.995005 30.970064 38.582937 38.582937
2.3937349 2.3482889 2.3431122 2.0316681 0 29.638176 38.582937 39.440336
4.0899405 4.2471365 4.1899034 4.5965669 4.4085868 0 38.582937 39.440336
6.3695741 6.7156175 7.2090765 6.3438892 6.26779 6.3285099 0 56
5.8421372 5.9341853 5.5684011 5.8441276 6.0035474 5.9658755 9.7801587 0
8 8 15
0 8.1035948 12.577203 12.856697 15.328227 25.976436 27.143772 46
0.48329279 0 11.023314 12.303786 14.995005 25.411731 27.746967 45
0.78001939 0.67434734 0 12.577203 14.669027 25.411731 27.746967 44.021739
0.79160665 0.76032162 0.76781918 0 14.038175 25.411731 27.746967 44.021739
0.96576656 0.94056519 0.91460709 0.88478654 0 23.790211 26.55369 45
1.7587806 1.7060539 1.7182802 1.7234786 1.5740903 0 25.976436 46
1.8551198 1.8957209 1.9086462 1.9146427 1.8217559 1.7433154 0 46
3.4033835 3.3351804 3.176057 3.2168821 3.3400604 3.3654677 3.4372872 0
8 8 16
0 7.7550943 12.856697 13.732998 13.732998 27.746967 31.658288 42.128555
0.53731783 0 10.549249 13.142401 12.303786 27.143772 29.638176 41.212717
0.91489538 0.74499725 0 15.668855 14.350135 28.363566 31.658288 42.128555
0.98578874 0.95633783 1.1382093 0 12.036312 28.363566 31.658288 45
0.99915972 0.898883 1.0560717 0.8808649 0 27.746967 28.993868 43.064745
2.1658591 2.1092056 2.2279035 2.2496834 2.207683 0 33.080957 41.212717
2.5810682 2.3992432 2.5695765 2.578914 2.3546619 2.7229126 0 44.021739
3.6210368 3.5218856 3.6023527 3.8705515 3.6966419 3.4610153 3.8438438 0
