0.0
0.0
0.0
8.89196000004
0.0
0.0
10.74856
0.0
0.0
0.0
0.0
16.2817800001
4.65326999989
7.44166999997
0.0
0.0
0.0
12.25087
6.48436999996
11.70418
7.60996999999
0.0
0.0
17.96135
0.0
9.7463900001
0.0
9.91102999984
0.0
0.0
10.97038
0.0
9.34900999989
0.0
0.0
0.0
6.23262000002
0.0
12.86008
0.0
0.0
11.7423
0.0
0.0
0.0
0.0
6.98193000001
0.0
0.0
0.0
0.0
9.67004999996
0.0
0.0
0.0
0.0
0.0
0.0
8.35980000009
0.0
19.78761
0.0
9.35419999994
0.0
0.0
0.0
0.0
0.0
12.6846500001
0.0
0.0
0.0
13.66249
0.0
0.0
0.0
0.0
0.0
11.99678
11.81288
0.0
0.0
0.0
0.0
0.0
0.0
0.0
0.0
0.0
0.0
0.0
0.0
0.0
0.0
11.86425
0.0
0.0
0.0
0.0
0.0
10.51968
0.0
0.0
6.72999999998
7.10696999996
0.0
0.0
0.0
0.0
0.0
0.0
18.16186
0.0
19.49752
0.0
0.0
0.0
0.0
0.0
0.0
0.0
5.96678999998
0.0
11.6641899999
8.71127999993
0.0
0.0
8.13361999998
0.0
0.0
0.0
4.95482999994
0.0
0.0
8.29307999997
10.8100500001
0.0
0.0
0.0
0.0
0.0
0.0
0.0
9.10818999994
0.0
13.72927
0.0
10.07356
8.29917000001
0.0
0.0
0.0
0.0
0.0
6.16546000005
0.0
0.0
0.0
0.0
0.0
0.0
0.0
0.0
6.29202000005
0.0
0.0
0.0
0.0
10.11586
19.3535499999
0.0
7.64147999999
0.0
0.0
0.0
16.90445
0.0
0.0
4.91259000008
0.0
0.0
0.0
0.0
0.0
9.28050999995
0.0
0.0
0.0
0.0
12.5554900001
0.0
0.0
9.92234000005
0.0
0.0
8.64203999995
0.0
0.0
0.0
4.35866000003
0.0
0.0
0.0
4.20088999998
0.0
13.1969600001
0.0
0.0
0.0
0.0
0.0
11.44796
0.0
0.0
0.0
0.0
0.0
0.0
0.0
0.0
0.0
0.0
0.0
0.0
11.2414500001
19.0297399999
0.0
0.0
0.0
0.0
0.0
0.0
0.0
12.41205
0.0
0.0
0.0
0.0
0.0
0.0
11.38329
9.59927000001
10.84341
0.0
0.0
6.85509999993
0.0
7.17408000003
9.17104000004
5.74541000009
9.12031000003
0.0
0.0
8.36679999996
12.7778500001
0.0
0.0
0.0
0.0
0.0
0.0
0.0
0.0
0.0
0.0
0.0
12.3205299999
0.0
14.0619799999
7.60025999998
0.0
0.0
0.0
0.0
0.0
0.0
0.0
0.0
0.0
0.0
0.0
0.0
0.0
0.0
17.2943500001
7.54091999994
0.0
0.0
14.65174
0.0
0.0
0.0
0.0
0.0
12.73516
4.77830000001
0.0
15.78273
0.0
6.15741999994
0.0
8.33042999997
13.2587099998
0.0
0.0
8.38505000004
0.0
0.0
0.0
0.0
0.0
7.59714999993
0.0
0.0
0.0
0.0
0.0
0.0
0.0
9.32718999998
9.99302000005
0.0
11.5051200001
13.20111
6.31591999996
7.30918999994
0.0
0.0
0.0
0.0
12.833
14.9869499999
0.0
7.89093999995
0.0
0.0
0.0
0.0
0.0
0.0
0.0
0.0
13.96261
0.0
6.69253999996
0.0
0.0
0.0
0.0
11.23283
0.0
0.0
0.0
0.0
6.41869000008
0.0
0.0
0.0
6.89979000005
14.3827600001
0.0
0.0
20.3914199999
12.0033300001
0.0
0.0
0.0
0.0
6.37598999997
0.0
0.0
6.99398999999
8.60516000004
12.4134
10.7230499999
0.0
0.0
0.0
4.51829000004
0.0
0.0
0.0
0.0
0.0
0.0
0.0
0.0
0.0
0.0
0.0
0.0
14.07909
0.0
5.68298000004
14.18141
0.0
0.0
0.0
16.39234
0.0
0.0
4.83182999992
6.49141000002
13.1897399999
0.0
0.0
0.0
7.41446999996
0.0
7.25365000009
12.2726799999
0.0
0.0
7.19884000008
0.0
0.0
0.0
11.4350699999
9.38670999999
0.0
14.02342
0.0
0.0
0.0
0.0
0.0
0.0
10.30649
5.78101000004
6.36266999994
16.46768
0.0
0.0
0.0
12.70842
0.0
0.0
0.0
0.0
0.0
0.0
12.35742
0.0
0.0
0.0
0.0
12.2536800001
7.53648999997
0.0
0.0
9.21397999988
11.6953600001
0.0
0.0
0.0
7.64047999994
0.0
8.93789000006
8.95733999996
0.0
6.55309000006
13.3464700001
0.0
0.0
0.0
0.0
12.5354999999
0.0
0.0
0.0
8.33728999994
0.0
0.0
0.0
0.0
0.0
10.4841
0.0
0.0
8.13704000006
0.0
0.0
6.63332999998
0.0
9.1394799999
0.0
0.0
0.0
0.0
0.0
10.0158599999
0.0
0.0
0.0
8.40188999998
19.1519200001
0.0
0.0
0.0
0.0
11.09402
0.0
5.43282999995
0.0
15.54166
6.35696999996
0.0
0.0
0.0
8.97411000007
0.0
0.0
0.0
0.0
0.0
6.61301999993
15.10252
11.15919
12.4924700001
0.0
0.0
0.0
12.8200200001
9.88939000003
0.0
10.4422299999
10.9355599999
0.0
0.0
0.0
0.0
0.0
0.0
0.0
0.0
0.0
0.0
0.0
0.0
0.0
0.0
0.0
0.0
0.0
13.2712500001
0.0
0.0
0.0
10.53425
0.0
0.0
0.0
12.57073
0.0
0.0
3.12280999997
0.0
0.0
0.0
0.0
8.99685
0.0
0.0
0.0
7.54600000009
0.0
0.0
0.0
0.0
7.80432999996
0.0
0.0
14.7452
0.0
0.0
0.0
12.21977
0.0
0.0
0.0
0.0
0.0
0.0
0.0
0.0
0.0
9.33296000003
0.0
6.40375000006
7.84721000004
6.98853999993
12.91383
0.0
9.4283599999
0.0
0.0
0.0
0.0
0.0
15.94436
0.0
0.0
0.0
4.81390999991
0.0
0.0
0.0
0.0
8.32874000003
0.0
7.37951999996
7.14626000007
0.0
8.50611999992
0.0
8.62126000004
0.0
0.0
0.0
10.93963
0.0
0.0
0.0
7.53375000006
0.0
0.0
0.0
0.0
0.0
0.0
0.0
0.0
0.0
0.0
6.41437999997
0.0
7.84877000004
0.0
0.0
0.0
0.0
0.0
0.0
0.0
0.0
0.0
14.73515
0.0
0.0
0.0
0.0
14.6637599999
0.0
12.88789
9.05535000004
0.0
0.0
0.0
0.0
0.0
0.0
10.49605
8.01228999998
0.0
0.0
5.87066999997
9.17651999998
0.0
13.0469399999
0.0
0.0
15.0876
0.0
0.0
0.0
0.0
0.0
0.0
0.0
0.0
6.06686999998
0.0
0.0
0.0
12.06216
0.0
9.59528999997
6.32592999993
9.44597
7.91680000001
0.0
0.0
0.0
0.0
10.1571199999
0.0
8.41038999998
8.93028999993
0.0
0.0
0.0
0.0
0.0
0.0
0.0
8.50777999999
0.0
0.0
5.16480000003
0.0
0.0
0.0
0.0
0.0
0.0
0.0
6.15000999998
12.71364
0.0
0.0
0.0
0.0
0.0
0.0
11.7999399999
0.0
9.87286
0.0
0.0
0.0
10.1599900001
0.0
0.0
0.0
0.0
0.0
0.0
0.0
0.0
10.6020099999
0.0
0.0
0.0
0.0
0.0
10.44562
0.0
0.0
4.86491999996
8.54805999994
0.0
0.0
0.0
0.0
0.0
0.0
0.0
0.0
12.72797
0.0
0.0
3.42269000004
10.13639
0.0
0.0
0.0
0.0
0.0
0.0
0.0
0.0
0.0
0.0
0.0
0.0
0.0
0.0
0.0
11.2593100001
0.0
0.0
0.0
0.0
13.4733299999
0.0
0.0
11.88163
0.0
0.0
0.0
15.26361
0.0
8.68322000001
0.0
0.0
0.0
0.0
9.15307999996
11.4138199999
0.0
0.0
7.03784
0.0
8.15703999996
0.0
0.0
0.0
7.57208999991
0.0
9.72901000001
0.0
0.0
0.0
0.0
0.0
0.0
12.5984100001
0.0
0.0
0.0
0.0
6.66240000003
0.0
0.0
0.0
0.0
9.50615000003
0.0
0.0
0.0
0.0
0.0
9.63306999998
0.0
0.0
18.1848399999
0.0
6.33999000001
9.56682999991
11.73908
0.0
16.78269
16.9553400001
10.14615
15.24855
11.5447099999
0.0
0.0
0.0
0.0
0.0
0.0
0.0
0.0
0.0
11.6870200001
0.0
0.0
15.5451
0.0
0.0
0.0
0.0
0.0
0.0
0.0
0.0
7.45654000004
9.20295999991
0.0
6.38945000002
0.0
0.0
0.0
0.0
0.0
0.0
0.0
0.0
0.0
9.06024999998
0.0
0.0
0.0
0.0
7.99535999994
0.0
9.88102999993
0.0
0.0
0.0
0.0
0.0
0.0
11.1921300001
0.0
0.0
0.0
19.46418
0.0
0.0
0.0
0.0
8.17389000009
0.0
0.0
0.0
0.0
0.0
0.0
6.97571999999
0.0
0.0
10.8430399999
0.0
0.0
0.0
10.2333700001
0.0
0.0
0.0
0.0
0.0
0.0
8.57363999996
11.4854599999
17.4918
0.0
0.0
0.0
0.0
12.6875999999
13.6217
0.0
9.04174000002
0.0
11.58757
0.0
8.3534299999
9.40049999999
0.0
0.0
0.0
0.0
0.0
8.07392
0.0
0.0
0.0
0.0
0.0
0.0
0.0
0.0
0.0
0.0
7.76440999995
0.0
10.7484500001
0.0
10.4756
0.0
0.0
13.08991
0.0
0.0
0.0
10.7747099999
11.21623
0.0
0.0
0.0
0.0
8.44228000008
0.0
0.0
0.0
0.0
10.39474
0.0
11.9535500001
0.0
8.64875000005
0.0
0.0
12.5073099999
0.0
13.95137
11.82929
15.4415899999
0.0
0.0
0.0
7.78914000001
0.0
0.0
0.0
0.0
0.0
0.0
