-733910.35207	-733793.31037	-733643.82784	-733589.9554	-733557.04637	-733466.14648	-733423.7656	-733405.40831	-733386.40852	-733368.59059	-733341.40427	-733324.62964	-733306.85901	-733295.37645	-733283.11127	-733274.02654	-733248.8619	-733236.1405	-733226.4007	-733198.52449	
-733910.35207	-733764.36139	-733631.47987	-733548.32595	-733479.52197	-733467.66689	-733457.85055	-733435.19609	-733399.02176	-733388.90809	-733374.88307	-733360.8777	-733352.18376	-733344.57749	-733331.58319	-733319.50294	-733313.28462	-733303.50394	-733273.63975	-733255.46069	
-733910.35207	-733769.41376	-733570.45646	-733520.09898	-733497.17511	-733483.60206	-733415.72757	-733376.27763	-733360.42234	-733335.74529	-733316.11597	-733273.22113	-733266.96456	-733238.5266	-733204.69882	-733195.35493	-733188.6133	-733182.01132	-733176.74757	-733160.00516	
-733910.35207	-733771.29021	-733597.60009	-733554.00265	-733466.56695	-733440.3769	-733423.17238	-733414.92377	-733403.311	-733389.88838	-733375.20097	-733359.86395	-733346.7536	-733330.53449	-733306.96616	-733288.54542	-733251.69309	-733240.48013	-733231.94145	-733224.30121	
-733910.35207	-733776.11126	-733699.32076	-733654.77716	-733561.09678	-733508.50556	-733495.42385	-733481.29229	-733478.20696	-733463.67857	-733448.53305	-733437.68268	-733406.13769	-733375.31391	-733365.20711	-733357.08536	-733339.5786	-733326.27196	-733319.98771	-733310.97789	
-733910.35207	-733740.17415	-733624.55792	-733561.67487	-733525.21361	-733472.3758	-733448.44053	-733431.12874	-733368.6948	-733341.71806	-733329.38475	-733322.98783	-733315.45078	-733308.92464	-733283.65826	-733270.47194	-733258.0141	-733248.15649	-733242.36382	-733232.98252	
-733910.35207	-733797.64779	-733575.83463	-733525.64425	-733485.55527	-733409.26247	-733392.30344	-733383.20325	-733370.17516	-733353.79607	-733345.623	-733335.94923	-733310.06645	-733300.38929	-733290.03936	-733245.4289	-733238.07976	-733225.38928	-733220.98802	-733203.97202	
-733910.35207	-733719.97236	-733607.70965	-733589.53886	-733509.02545	-733475.38548	-733422.89299	-733367.69163	-733339.07528	-733323.81301	-733274.07652	-733262.85225	-733253.06752	-733227.33331	-733218.49851	-733190.72124	-733173.7329	-733155.83631	-733142.7455	-733136.37866	
-733910.35207	-733801.52034	-733567.83349	-733505.94596	-733419.62013	-733354.51281	-733339.11214	-733331.25683	-733310.9079	-733288.02156	-733269.81369	-733257.06467	-733244.66719	-733238.33523	-733226.48545	-733219.85124	-733212.40472	-733177.54147	-733155.0824	-733146.83795	
-733910.35207	-733793.98259	-733678.17029	-733601.98186	-733589.03498	-733573.02051	-733516.6731	-733474.64495	-733446.47586	-733394.591	-733370.95592	-733357.17992	-733336.13765	-733316.96608	-733290.90917	-733275.26357	-733259.7787	-733254.603	-733239.5199	-733231.87352	
