28.0846200001
13.1797100002
9.89277000003
24.8781399999
14.6945999999
20.52386
6.98947000003
4.72234999994
9.01501999993
15.0476399999
22.93542
16.26267
28.51162
25.02414
15.63302
6.75128999993
11.65393
20.0848699999
7.66569000005
13.0116300001
8.27807
15.4609000001
13.1114500001
13.1538
13.1566799999
23.1697300001
12.6584200001
8.56661999994
9.52235999994
6.63405999984
21.9753200001
10.99814
15.27804
4.24121000001
12.29423
11.9668999999
6.74538999994
15.97551
17.44536
8.90379999997
10.1915300001
14.2019799999
21.8834500001
9.84051999997
10.71179
13.4429499999
19.82541
13.8209800001
14.8376600001
26.55112
