14.4846499999
9.29556999996
13.6524199999
9.13477
10.53993
7.5925700001
16.4884
17.5897
11.96216
7.86280999985
14.56551
11.78785
12.5372599999
18.7387600001
10.7248
26.81765
16.2055500001
14.32872
10.27546
19.8371100001
8.44721000001
7.81686999998
11.8851699999
11.82962
22.0413500001
7.77684000006
5.00890999998
5.41661999992
5.99181999988
11.8206200001
9.47116999992
16.0753200001
10.84659
6.48491000012
17.42386
19.09071
9.99598999997
24.50381
23.64844
9.49272999994
13.30373
7.73323000001
17.5250300001
11.9062599998
12.45999
8.24533000006
27.24957
7.05612000008
11.14977
10.1110799999
