18.6979800001
8.43772000005
16.40328
6.32688000007
7.40119999996
16.8588299999
12.95297
7.83208000008
7.10109999997
15.28163
13.81889
12.53426
9.04836000002
29.6015900001
12.9328900001
5.70656999992
16.3296599999
11.62723
7.63497999997
18.7142899999
11.91152
11.6647000001
14.87382
9.89552999986
15.38089
17.8875900001
8.48606999998
13.59528
9.33110999991
10.09846
13.34679
13.74395
10.27847
15.9503500001
6.00595999998
9.16949
10.4254000001
9.23756000004
15.3385899999
20.85051
14.7837199999
15.54682
8.62213000003
8.61504999979
14.5871700001
14.1591799998
13.0901599998
5.33571000001
9.84800999996
12.55396
