15.3227199998
6.53362999996
8.86699000001
25.0218400001
7.51218000008
10.24989
12.93066
9.79842999997
17.07416
28.1993099998
7.79160000011
16.0411900001
6.52199000004
10.62999
12.80301
13.85328
9.59623999998
11.7486
9.26609000005
10.9571
16.8973200001
16.49598
12.5632199999
15.9771200001
8.50427000003
27.7014500001
10.0515699999
10.7211099998
13.1167400001
17.08739
5.82791000011
26.21305
8.42483999999
14.39411
20.5055099999
12.1388999999
13.8121399999
21.63625
13.17185
8.32415
6.05891999998
11.34803
16.2375599999
8.32412999985
3.82082999998
18.9092600001
8.82932999998
11.88636
7.08024000004
10.67878
