20.24135
16.69701
21.1132299999
13.95847
24.7307699999
17.3936299998
26.0216
24.93694
26.94383
9.43394999998
16.6849199999
15.61865
11.2375700001
13.2160600001
9.67789000005
10.12177
16.2461400001
12.12034
15.29825
6.29283999989
21.12337
17.4672600001
10.20424
16.5773799999
9.95227000001
3.9132800001
6.19316999998
7.03269000002
17.5355900002
11.0118699999
8.71400000004
14.76624
12.02469
12.9053999999
15.2071600001
6.5718700001
16.3584500001
7.16376000002
7.91501
9.26373999997
6.38514000003
15.96936
20.5121800001
9.73983000009
15.3399499999
17.3404499999
14.82111
18.9495099999
14.11352
12.12765
