15.3227199998
6.53362999996
8.86699000001
25.0218400001
7.51218000008
10.24989
12.93066
9.79842999997
17.07416
28.1993099998
7.79160000011
16.0411900001
6.52199000004
10.62999
12.80301
13.85328
9.59623999998
11.7486
9.26609000005
10.9571
16.8973200001
16.49598
12.5632199999
15.9771200001
8.50427000003
27.7014500001
10.0515699999
10.7211099998
13.1167400001
17.08739
5.82791000011
26.21305
8.42483999999
14.39411
20.5055099999
12.1388999999
13.8121399999
21.63625
13.17185
8.32415
6.05891999998
11.34803
16.2375599999
8.32412999985
3.82082999998
18.9092600001
8.82932999998
11.88636
7.08024000004
10.67878
18.6979800001
8.43772000005
16.40328
6.32688000007
7.40119999996
16.8588299999
12.95297
7.83208000008
7.10109999997
15.28163
13.81889
12.53426
9.04836000002
29.6015900001
12.9328900001
5.70656999992
16.3296599999
11.62723
7.63497999997
18.7142899999
11.91152
11.6647000001
14.87382
9.89552999986
15.38089
17.8875900001
8.48606999998
13.59528
9.33110999991
10.09846
13.34679
13.74395
10.27847
15.9503500001
6.00595999998
9.16949
10.4254000001
9.23756000004
15.3385899999
20.85051
14.7837199999
15.54682
8.62213000003
8.61504999979
14.5871700001
14.1591799998
13.0901599998
5.33571000001
9.84800999996
12.55396
9.18562999996
7.56027999998
9.25531000004
7.34564999992
10.29215
10.1812399999
15.20422
7.64547999995
12.4175400001
9.86079999991
17.4383699999
10.12356
13.2051599999
14.20296
12.2123000001
19.1664999999
19.8767699999
11.1113300001
27.46458
6.88245000003
19.90226
10.2750899999
20.8061800001
14.90449
15.09753
15.3350899999
15.5451099999
26.40668
13.64784
15.78564
27.01394
15.1113199999
11.6673
10.3595400001
18.2620699999
26.23725
6.83232999977
12.7856799999
7.58230999997
15.1232999999
15.28364
11.66182
19.54567
8.26854000008
11.1564900001
12.7800700001
17.90647
7.25021000009
7.08795000007
13.47688
8.63664000004
12.1861100001
8.71952000004
10.6343099999
14.6635800001
14.8727299999
8.03839999996
18.67114
5.70009000006
21.0963999999
11.94687
16.5698100001
13.2922700001
17.41202
20.5006199999
11.76446
12.0758700001
14.0975
19.06952
8.99202000001
13.01027
23.63663
9.05524999998
4.97799999989
10.4209899999
11.16908
10.9463500001
10.0286699999
18.5904400001
19.44096
18.21316
7.68045999995
10.66653
15.0953500001
20.31759
13.4656
11.0191400001
12.5809600001
6.87045999989
10.12067
6.63636999996
6.14278000011
10.94815
10.9545099998
16.25119
14.0507000001
13.66564
17.43736
24.40496
7.07285
9.15834000008
8.83742999996
15.0296399998
16.6559199999
16.2780800001
11.6166999999
9.70507999999
17.49431
31.75751
8.39931999985
7.21848000004
13.53617
4.56770999997
11.8692399999
21.0820899999
9.57761000004
10.4341499999
12.53142
11.98372
14.27617
5.67290999996
10.7188500001
10.4580699999
9.56721000001
20.94757
10.7834300001
14.9118899999
8.81859999988
27.03024
24.50485
13.75352
8.48230999999
21.32157
16.5471200002
12.08791
17.7034299999
22.4996199999
23.0516400001
18.1624599999
7.28094999993
7.84373999992
4.50789999997
5.69035000005
17.11557
11.0192100001
11.7834600001
13.3609099998
9.68129999994
8.0825299999
12.5514400001
14.84954
16.14401
8.26994999999
10.68929
9.57418
10.5242399999
23.55031
14.50529
8.66529999999
13.55673
4.02818999998
6.95010000013
10.6161100001
15.47561
14.43751
14.32878
9.57591000001
15.09877
9.04714000004
6.20502000011
21.86003
8.67057000007
15.0410299998
24.5186900001
10.8660299999
20.83681
11.5148600001
18.7912
14.9389599999
6.29908999987
10.6554899999
13.66059
10.47945
4.17295000004
31.05015
8.07866999996
11.3572099999
13.80537
9.70674000005
20.2552200001
11.46985
21.9656899997
17.5461899999
12.82547
13.8116199999
15.4524900001
13.60144
13.33951
6.55228000006
9.9135599999
23.69936
11.86996
23.74126
14.1282699999
13.8134399999
5.67090000003
20.23994
9.29027999996
14.7024500001
16.5255500001
6.75981999992
8.94803999993
14.74742
17.00536
17.3547200001
15.5202500001
6.27584999998
11.44392
11.16565
6.1017900001
5.01488000003
12.26484
16.62884
9.02980999998
10.43874
20.6375
17.19213
11.1686
30.33444
9.62977
16.07534
17.5004700001
20.4338799999
10.7662900001
8.79157
7.19229000004
10.28632
8.20229000004
28.5259299999
18.7974699999
12.0252999999
21.69359
10.2403300001
10.1202700001
9.11693000002
12.08809
13.3406900001
8.88261000009
13.5324100001
10.4752599999
18.0488
13.21034
4.78470000008
21.52033
7.20709000004
16.0297599999
19.0923
31.2325200001
12.79302
12.49391
15.26344
7.26506000001
12.6195700001
22.0403100001
15.2032799999
19.81746
10.2028600001
10.5496000001
5.41411000001
10.55383
9.49040000001
9.26511999988
24.9784499999
13.9550699999
9.65000000002
10.48101
15.3200699999
9.53978999995
16.1339200001
8.36560000002
19.09403
10.62063
10.04857
8.14901000005
11.6766800001
22.07089
9.21716000012
6.95110000006
14.3977499999
16.32352
6.74184999999
13.72057
15.9558400001
27.14294
19.7629600001
16.76696
4.64694999997
5.82474000007
18.98709
12.29969
19.4373699999
12.7172599999
18.6370799999
6.99760999996
13.0799899999
10.97402
6.60516000004
12.8674400001
21.8198899999
10.2418000001
2.31293000001
10.0337499998
13.23294
9.50403999991
12.0512400001
9.70823999995
9.57937000005
13.1390399999
11.78525
36.2978899999
10.56499
15.33352
17.4924700001
10.5465399999
8.56985999993
11.2188799999
17.2828599999
14.7598700002
8.48138999997
12.0260800001
17.8271100001
12.5554300001
10.4580399999
15.2405200001
26.8325199999
9.21143999998
10.7808999999
4.00177999993
20.53682
10.17799
5.56370000006
9.29232999997
13.44073
19.3714800001
12.7061599999
17.70137
14.65783
6.99659999995
16.1436
17.66409
28.0846200001
13.1797100002
9.89277000003
24.8781399999
14.6945999999
20.52386
6.98947000003
4.72234999994
9.01501999993
15.0476399999
22.93542
16.26267
28.51162
25.02414
15.63302
6.75128999993
11.65393
20.0848699999
7.66569000005
13.0116300001
8.27807
15.4609000001
13.1114500001
13.1538
13.1566799999
23.1697300001
12.6584200001
8.56661999994
9.52235999994
6.63405999984
21.9753200001
10.99814
15.27804
4.24121000001
12.29423
11.9668999999
6.74538999994
15.97551
17.44536
8.90379999997
10.1915300001
14.2019799999
21.8834500001
9.84051999997
10.71179
13.4429499999
19.82541
13.8209800001
14.8376600001
26.55112
5.04556
5.35162999993
17.8344599998
8.70828999986
11.3153299999
12.8921399999
10.4306399999
18.27274
8.05829999992
15.61977
10.4829099999
19.45761
6.16023000004
10.2023000001
13.67419
17.82407
26.3628400001
10.59471
7.77795000002
12.7058599999
16.6248700001
14.4552100002
21.5833200001
12.88163
8.44860999996
8.06293999986
16.01893
26.1821300001
18.95089
11.57273
8.85262000002
5.72267000016
15.1076399999
12.4123099999
15.3682
15.32363
12.4023800001
19.2021600001
17.79041
6.51412000007
22.6944800001
22.3818099999
9.64357000007
13.1832600001
9.89176000003
14.83179
13.8328099999
21.12519
22.7099100001
12.3574
22.79819
11.6253899999
15.1348500001
12.22888
16.2848199999
12.7974
18.63003
13.90697
10.75049
10.27725
15.57078
8.67445000005
12.98309
11.3059099999
22.1729100001
14.88602
12.61391
11.8856500001
20.48303
8.59450999997
11.08004
22.1598800001
10.69362
35.39139
13.5045400001
15.7879599999
14.74332
6.30944999983
11.63658
10.34256
10.44297
19.08033
20.2052500001
13.3480500001
10.25923
8.40752000001
7.47297
15.32125
23.5871799999
12.6420699999
8.02312999999
8.39062999992
13.3154000001
7.96132
6.30054999993
10.1717299999
28.91236
15.2357300001
14.33714
3.59571000002
11.7668100001
9.54392999993
14.3714199999
12.4661299998
10.1087900001
11.2282599999
10.94701
13.90789
14.01349
30.03684
13.5787799999
13.53166
22.4314
8.31964999996
11.82172
6.57122999988
10.46736
11.0726899999
10.92002
22.1684799998
25.6451300001
11.43024
18.19513
12.2843300001
12.41708
10.9901699999
20.25789
7.07012000005
20.69944
23.65486
13.2694
16.7076900001
14.87023
11.81186
15.17038
6.65272999997
8.54515000002
19.9807599999
18.0693600002
11.83548
9.97887000011
19.5971700001
7.50806999998
18.9574800002
20.9646000001
12.6028399999
9.6883299998
15.1231999999
11.2551500001
21.5281900001
20.24135
16.69701
21.1132299999
13.95847
24.7307699999
17.3936299998
26.0216
24.93694
26.94383
9.43394999998
16.6849199999
15.61865
11.2375700001
13.2160600001
9.67789000005
10.12177
16.2461400001
12.12034
15.29825
6.29283999989
21.12337
17.4672600001
10.20424
16.5773799999
9.95227000001
3.9132800001
6.19316999998
7.03269000002
17.5355900002
11.0118699999
8.71400000004
14.76624
12.02469
12.9053999999
15.2071600001
6.5718700001
16.3584500001
7.16376000002
7.91501
9.26373999997
6.38514000003
15.96936
20.5121800001
9.73983000009
15.3399499999
17.3404499999
14.82111
18.9495099999
14.11352
12.12765
5.93435999996
13.31679
14.7371800001
23.6838700001
18.71305
10.7035599999
26.72219
7.8213200001
18.0169800001
6.62709999993
9.35389999999
27.5857899999
6.53953000007
5.30425000004
6.42207999981
5.58669999999
14.52198
32.32563
9.95123000001
12.7729099999
8.99398000003
20.37239
7.95752000005
11.0550500001
17.48652
13.57118
9.57373999991
7.73622999992
9.39939999999
16.9168400001
20.4773800001
13.25348
13.7267799999
18.38527
12.8181799999
10.7771900001
9.50895000005
7.04424000008
9.63699000003
12.11705
6.76066000003
12.4461899999
10.1669800001
7.87848000007
18.05487
8.04669999995
11.95522
15.6961899999
21.9463300001
17.35439
14.4846499999
9.29556999996
13.6524199999
9.13477
10.53993
7.5925700001
16.4884
17.5897
11.96216
7.86280999985
14.56551
11.78785
12.5372599999
18.7387600001
10.7248
26.81765
16.2055500001
14.32872
10.27546
19.8371100001
8.44721000001
7.81686999998
11.8851699999
11.82962
22.0413500001
7.77684000006
5.00890999998
5.41661999992
5.99181999988
11.8206200001
9.47116999992
16.0753200001
10.84659
6.48491000012
17.42386
19.09071
9.99598999997
24.50381
23.64844
9.49272999994
13.30373
7.73323000001
17.5250300001
11.9062599998
12.45999
8.24533000006
27.24957
7.05612000008
11.14977
10.1110799999
7.89656000014
16.93492
8.42824999988
19.07886
8.29229999997
11.50281
6.41217999998
9.09368999989
7.62916999997
11.10662
13.4454699999
6.59400000004
6.32247000001
6.83774999995
11.2198699999
13.5452100001
13.7705100001
9.4556799999
5.86634999991
21.13642
24.3269900001
5.97219999996
8.74171999993
22.2606799999
21.1365500001
5.86096000008
11.24847
23.64919
16.52423
21.72892
6.78989000013
7.33397000004
12.3577099999
13.0149000001
14.37415
4.0830499999
8.38254000002
15.2567199999
11.0442
17.33993
15.6127499999
16.44041
12.51174
8.40474000014
13.6535700001
6.40553999995
21.30983
15.41928
15.77731
23.3819699999
19.35441
8.01460999995
8.94997999992
12.13755
19.77007
11.73269
7.30368000013
5.83107000007
27.18485
18.86545
7.78891
13.90389
11.19014
8.61195000005
11.04923
13.8690000001
10.2705400001
13.26928
12.83129
22.23731
15.20791
15.3646599998
10.5441300002
35.9852699999
12.7469199999
17.32299
12.0203900001
27.9934299999
7.03301000001
12.03091
9.68364000018
21.60222
10.45788
14.71308
5.21675000014
15.55606
13.46539
14.6607799999
16.61995
15.3588
14.2126399999
7.49158999999
10.27445
17.87887
15.44774
13.3415399999
12.33198
10.191
18.30055
11.8234399999
10.7310500001
9.80992000003
10.6804399999
11.87141
18.86991
13.1380799999
9.35092
13.20673
17.37784
21.2238899999
18.7557999999
13.1477900001
15.50925
7.21217000007
7.40068999992
10.5963200001
22.8572699999
17.3422900002
4.93527000002
18.1345299999
16.5296800002
9.61048999999
7.47443000006
9.49512999994
4.32236000011
12.0322
15.11251
12.64553
5.43721999996
10.67762
7.74685
12.4847
7.78001999995
6.45648999989
9.3163200001
16.4172399999
11.2339499999
19.45575
14.55187
15.6118900001
13.87112
8.93630000006
12.3166500001
26.2977100001
7.48103999998
6.53203
10.5313
13.41995
12.9922099999
26.7524
19.15121
13.9253
8.99019000004
25.5067
24.8880100001
20.46635
20.7067400001
10.5322799999
11.85982
9.04765000008
7.30696000007
5.39571000007
13.24597
15.7558
11.96289
19.94565
8.21574999997
24.47964
14.65071
7.04289000004
23.16788
11.7182799999
13.7416099999
7.72938999999
7.09334999998
12.3657200001
19.8392699999
5.58069999993
18.0429199999
14.2027299999
27.66635
9.65671999997
26.8663
16.63854
17.00858
13.1475499999
10.1263299999
18.77023
7.59500000009
16.8005399999
14.98555
8.64523000002
5.37120000005
14.2431300001
6.18183999998
21.3746300001
31.4579500001
17.06116
6.37988000002
11.6837400001
