9.15834000008
8.83742999996
15.0296399998
16.6559199999
16.2780800001
11.6166999999
9.70507999999
17.49431
31.75751
8.39931999985
7.21848000004
13.53617
4.56770999997
11.8692399999
21.0820899999
9.57761000004
10.4341499999
12.53142
11.98372
14.27617
5.67290999996
10.7188500001
10.4580699999
9.56721000001
20.94757
10.7834300001
14.9118899999
8.81859999988
27.03024
24.50485
13.75352
8.48230999999
21.32157
16.5471200002
12.08791
17.7034299999
22.4996199999
23.0516400001
18.1624599999
7.28094999993
7.84373999992
4.50789999997
5.69035000005
17.11557
11.0192100001
11.7834600001
13.3609099998
9.68129999994
8.0825299999
12.5514400001
