9.18562999996
7.56027999998
9.25531000004
7.34564999992
10.29215
10.1812399999
15.20422
7.64547999995
12.4175400001
9.86079999991
17.4383699999
10.12356
13.2051599999
14.20296
12.2123000001
19.1664999999
19.8767699999
11.1113300001
27.46458
6.88245000003
19.90226
10.2750899999
20.8061800001
14.90449
15.09753
15.3350899999
15.5451099999
26.40668
13.64784
15.78564
27.01394
15.1113199999
11.6673
10.3595400001
18.2620699999
26.23725
6.83232999977
12.7856799999
7.58230999997
15.1232999999
15.28364
11.66182
19.54567
8.26854000008
11.1564900001
12.7800700001
17.90647
7.25021000009
7.08795000007
13.47688
