23.69936
11.86996
23.74126
14.1282699999
13.8134399999
5.67090000003
20.23994
9.29027999996
14.7024500001
16.5255500001
6.75981999992
8.94803999993
14.74742
17.00536
17.3547200001
15.5202500001
6.27584999998
11.44392
11.16565
6.1017900001
5.01488000003
12.26484
16.62884
9.02980999998
10.43874
20.6375
17.19213
11.1686
30.33444
9.62977
16.07534
17.5004700001
20.4338799999
10.7662900001
8.79157
7.19229000004
10.28632
8.20229000004
28.5259299999
18.7974699999
12.0252999999
21.69359
10.2403300001
10.1202700001
9.11693000002
12.08809
13.3406900001
8.88261000009
13.5324100001
10.4752599999
