8.63664000004
12.1861100001
8.71952000004
10.6343099999
14.6635800001
14.8727299999
8.03839999996
18.67114
5.70009000006
21.0963999999
11.94687
16.5698100001
13.2922700001
17.41202
20.5006199999
11.76446
12.0758700001
14.0975
19.06952
8.99202000001
13.01027
23.63663
9.05524999998
4.97799999989
10.4209899999
11.16908
10.9463500001
10.0286699999
18.5904400001
19.44096
18.21316
7.68045999995
10.66653
15.0953500001
20.31759
13.4656
11.0191400001
12.5809600001
6.87045999989
10.12067
6.63636999996
6.14278000011
10.94815
10.9545099998
16.25119
14.0507000001
13.66564
17.43736
24.40496
7.07285
