7.89656000014
16.93492
8.42824999988
19.07886
8.29229999997
11.50281
6.41217999998
9.09368999989
7.62916999997
11.10662
13.4454699999
6.59400000004
6.32247000001
6.83774999995
11.2198699999
13.5452100001
13.7705100001
9.4556799999
5.86634999991
21.13642
24.3269900001
5.97219999996
8.74171999993
22.2606799999
21.1365500001
5.86096000008
11.24847
23.64919
16.52423
21.72892
6.78989000013
7.33397000004
12.3577099999
13.0149000001
14.37415
4.0830499999
8.38254000002
15.2567199999
11.0442
17.33993
15.6127499999
16.44041
12.51174
8.40474000014
13.6535700001
6.40553999995
21.30983
15.41928
15.77731
23.3819699999
