22.79819
11.6253899999
15.1348500001
12.22888
16.2848199999
12.7974
18.63003
13.90697
10.75049
10.27725
15.57078
8.67445000005
12.98309
11.3059099999
22.1729100001
14.88602
12.61391
11.8856500001
20.48303
8.59450999997
11.08004
22.1598800001
10.69362
35.39139
13.5045400001
15.7879599999
14.74332
6.30944999983
11.63658
10.34256
10.44297
19.08033
20.2052500001
13.3480500001
10.25923
8.40752000001
7.47297
15.32125
23.5871799999
12.6420699999
8.02312999999
8.39062999992
13.3154000001
7.96132
6.30054999993
10.1717299999
28.91236
15.2357300001
14.33714
3.59571000002
