10.7310500001
9.80992000003
10.6804399999
11.87141
18.86991
13.1380799999
9.35092
13.20673
17.37784
21.2238899999
18.7557999999
13.1477900001
15.50925
7.21217000007
7.40068999992
10.5963200001
22.8572699999
17.3422900002
4.93527000002
18.1345299999
16.5296800002
9.61048999999
7.47443000006
9.49512999994
4.32236000011
12.0322
15.11251
12.64553
5.43721999996
10.67762
7.74685
12.4847
7.78001999995
6.45648999989
9.3163200001
16.4172399999
11.2339499999
19.45575
14.55187
15.6118900001
13.87112
8.93630000006
12.3166500001
26.2977100001
7.48103999998
6.53203
10.5313
13.41995
12.9922099999
26.7524
