14.84954
16.14401
8.26994999999
10.68929
9.57418
10.5242399999
23.55031
14.50529
8.66529999999
13.55673
4.02818999998
6.95010000013
10.6161100001
15.47561
14.43751
14.32878
9.57591000001
15.09877
9.04714000004
6.20502000011
21.86003
8.67057000007
15.0410299998
24.5186900001
10.8660299999
20.83681
11.5148600001
18.7912
14.9389599999
6.29908999987
10.6554899999
13.66059
10.47945
4.17295000004
31.05015
8.07866999996
11.3572099999
13.80537
9.70674000005
20.2552200001
11.46985
21.9656899997
17.5461899999
12.82547
13.8116199999
15.4524900001
13.60144
13.33951
6.55228000006
9.9135599999
