19.4373699999
12.7172599999
18.6370799999
6.99760999996
13.0799899999
10.97402
6.60516000004
12.8674400001
21.8198899999
10.2418000001
2.31293000001
10.0337499998
13.23294
9.50403999991
12.0512400001
9.70823999995
9.57937000005
13.1390399999
11.78525
36.2978899999
10.56499
15.33352
17.4924700001
10.5465399999
8.56985999993
11.2188799999
17.2828599999
14.7598700002
8.48138999997
12.0260800001
17.8271100001
12.5554300001
10.4580399999
15.2405200001
26.8325199999
9.21143999998
10.7808999999
4.00177999993
20.53682
10.17799
5.56370000006
9.29232999997
13.44073
19.3714800001
12.7061599999
17.70137
14.65783
6.99659999995
16.1436
17.66409
