5.93435999996
13.31679
14.7371800001
23.6838700001
18.71305
10.7035599999
26.72219
7.8213200001
18.0169800001
6.62709999993
9.35389999999
27.5857899999
6.53953000007
5.30425000004
6.42207999981
5.58669999999
14.52198
32.32563
9.95123000001
12.7729099999
8.99398000003
20.37239
7.95752000005
11.0550500001
17.48652
13.57118
9.57373999991
7.73622999992
9.39939999999
16.9168400001
20.4773800001
13.25348
13.7267799999
18.38527
12.8181799999
10.7771900001
9.50895000005
7.04424000008
9.63699000003
12.11705
6.76066000003
12.4461899999
10.1669800001
7.87848000007
18.05487
8.04669999995
11.95522
15.6961899999
21.9463300001
17.35439
