19.15121
13.9253
8.99019000004
25.5067
24.8880100001
20.46635
20.7067400001
10.5322799999
11.85982
9.04765000008
7.30696000007
5.39571000007
13.24597
15.7558
11.96289
19.94565
8.21574999997
24.47964
14.65071
7.04289000004
23.16788
11.7182799999
13.7416099999
7.72938999999
7.09334999998
12.3657200001
19.8392699999
5.58069999993
18.0429199999
14.2027299999
27.66635
9.65671999997
26.8663
16.63854
17.00858
13.1475499999
10.1263299999
18.77023
7.59500000009
16.8005399999
14.98555
8.64523000002
5.37120000005
14.2431300001
6.18183999998
21.3746300001
31.4579500001
17.06116
6.37988000002
11.6837400001
