18.0488
13.21034
4.78470000008
21.52033
7.20709000004
16.0297599999
19.0923
31.2325200001
12.79302
12.49391
15.26344
7.26506000001
12.6195700001
22.0403100001
15.2032799999
19.81746
10.2028600001
10.5496000001
5.41411000001
10.55383
9.49040000001
9.26511999988
24.9784499999
13.9550699999
9.65000000002
10.48101
15.3200699999
9.53978999995
16.1339200001
8.36560000002
19.09403
10.62063
10.04857
8.14901000005
11.6766800001
22.07089
9.21716000012
6.95110000006
14.3977499999
16.32352
6.74184999999
13.72057
15.9558400001
27.14294
19.7629600001
16.76696
4.64694999997
5.82474000007
18.98709
12.29969
