5.04556
5.35162999993
17.8344599998
8.70828999986
11.3153299999
12.8921399999
10.4306399999
18.27274
8.05829999992
15.61977
10.4829099999
19.45761
6.16023000004
10.2023000001
13.67419
17.82407
26.3628400001
10.59471
7.77795000002
12.7058599999
16.6248700001
14.4552100002
21.5833200001
12.88163
8.44860999996
8.06293999986
16.01893
26.1821300001
18.95089
11.57273
8.85262000002
5.72267000016
15.1076399999
12.4123099999
15.3682
15.32363
12.4023800001
19.2021600001
17.79041
6.51412000007
22.6944800001
22.3818099999
9.64357000007
13.1832600001
9.89176000003
14.83179
13.8328099999
21.12519
22.7099100001
12.3574
