11.7668100001
9.54392999993
14.3714199999
12.4661299998
10.1087900001
11.2282599999
10.94701
13.90789
14.01349
30.03684
13.5787799999
13.53166
22.4314
8.31964999996
11.82172
6.57122999988
10.46736
11.0726899999
10.92002
22.1684799998
25.6451300001
11.43024
18.19513
12.2843300001
12.41708
10.9901699999
20.25789
7.07012000005
20.69944
23.65486
13.2694
16.7076900001
14.87023
11.81186
15.17038
6.65272999997
8.54515000002
19.9807599999
18.0693600002
11.83548
9.97887000011
19.5971700001
7.50806999998
18.9574800002
20.9646000001
12.6028399999
9.6883299998
15.1231999999
11.2551500001
21.5281900001
