19.35441
8.01460999995
8.94997999992
12.13755
19.77007
11.73269
7.30368000013
5.83107000007
27.18485
18.86545
7.78891
13.90389
11.19014
8.61195000005
11.04923
13.8690000001
10.2705400001
13.26928
12.83129
22.23731
15.20791
15.3646599998
10.5441300002
35.9852699999
12.7469199999
17.32299
12.0203900001
27.9934299999
7.03301000001
12.03091
9.68364000018
21.60222
10.45788
14.71308
5.21675000014
15.55606
13.46539
14.6607799999
16.61995
15.3588
14.2126399999
7.49158999999
10.27445
17.87887
15.44774
13.3415399999
12.33198
10.191
18.30055
11.8234399999
