17.57877
33.5411499999
6.52906000009
47.2205800001
28.6177300001
19.58288
29.72402
13.0700400001
13.4169
33.19791
14.24171
49.43203
18.5729499999
38.04267
11.45543
29.66226
12.00014
9.19727999996
26.80944
8.03799999994
9.97528000001
47.72627
12.12991
15.99702
8.59912999999
25.09522
7.62369000004
6.72570000007
38.59384
25.7170299999
9.53917999996
11.4177600001
8.35505000001
17.19598
28.94759
8.78882000002
6.99123000004
13.9791
23.7373700001
13.01955
4.97216000012
20.7157099999
17.62274
17.8891199999
15.7391799999
31.54642
18.39008
10.8275700001
31.98005
16.79995
