7.17148999998
16.0721000001
6.57647999993
22.65803
11.9095699999
15.2359300001
31.72666
22.14001
29.9403499999
15.0768799999
30.0045399999
9.61018999992
17.95735
8.70435999997
13.68929
10.9971200001
20.84843
7.06351000001
18.23798
32.72081
13.25916
24.94837
37.97363
9.17866999994
44.2514
7.70968999993
17.4904599999
18.9044
8.70466000005
13.3426100001
16.15449
5.98092
18.16038
30.97675
15.80534
33.0427
17.83987
6.37894999993
17.4931099999
14.8551500001
12.3635
33.19404
15.85383
10.5748500001
14.3920700001
6.29431000003
5.65339000011
7.41943000001
21.1733
6.25705000001
