38.72953
11.57803
31.6451600001
11.4494800001
28.1034
18.42743
6.12388000009
4.30660000001
38.50799
8.24516000005
13.1096600001
38.0382399999
5.37809000001
29.8843
7.86730000004
6.26726999995
21.9347099999
28.2860500001
13.60589
21.43677
30.23149
7.35953000002
6.94986000005
13.4649
31.06646
12.40311
5.83701999998
21.81606
6.41510999994
12.99558
37.59405
9.61107999994
5.46167000011
8.12735999993
15.9727499998
27.9758200001
35.4605800001
18.72347
16.5678500001
25.4712499999
15.1372999999
13.90658
48.6944799999
16.58363
14.7130400001
6.62115999998
17.61638
36.61671
7.42189999996
10.9096199999
