16.55052
33.38367
6.08088000002
25.5561800001
16.35223
26.6563
21.3987
15.8426399999
12.3915799999
35.1679
9.73002999998
31.8364200001
33.7681699999
8.59956
10.59571
15.75956
32.8408
5.59738000005
24.0937999999
34.2065300001
37.38567
12.2839500001
55.2233400001
2.00508999999
37.82199
34.92938
8.99012000009
41.8124300002
10.56487
4.58221999998
12.6142399999
9.36556999991
9.43300000008
18.89811
5.12639999995
10.80397
24.6843999999
25.42529
14.88637
9.37135999999
17.11113
26.95201
8.68984000001
19.7604199999
14.33782
8.60580000002
7.62372999999
12.47006
16.5011399999
18.36277
25.00421
19.44858
28.2445399999
20.2942799999
13.66596
29.58662
17.94543
28.03462
29.99022
6.96152000001
29.22755
20.5854900001
35.44417
37.8641
19.73917
22.5761800001
28.63223
8.08672999998
28.00506
38.50381
18.1031300001
34.25543
17.91002
9.26919000002
13.06375
13.79026
32.7234200001
8.16452999995
6.36466999992
6.92240000004
13.76474
7.42131999996
8.96577000001
14.56914
13.18223
14.1076600001
40.45784
7.27396000002
20.4161700001
27.5933000001
54.08847
4.36381000001
32.7031700001
15.46736
8.99230000004
10.9188600001
17.52537
27.3618
15.84248
25.93814
38.72953
11.57803
31.6451600001
11.4494800001
28.1034
18.42743
6.12388000009
4.30660000001
38.50799
8.24516000005
13.1096600001
38.0382399999
5.37809000001
29.8843
7.86730000004
6.26726999995
21.9347099999
28.2860500001
13.60589
21.43677
30.23149
7.35953000002
6.94986000005
13.4649
31.06646
12.40311
5.83701999998
21.81606
6.41510999994
12.99558
37.59405
9.61107999994
5.46167000011
8.12735999993
15.9727499998
27.9758200001
35.4605800001
18.72347
16.5678500001
25.4712499999
15.1372999999
13.90658
48.6944799999
16.58363
14.7130400001
6.62115999998
17.61638
36.61671
7.42189999996
10.9096199999
9.42172999994
13.22623
7.42605000001
11.7908699999
7.00642999995
32.26675
4.38491000002
22.95835
15.9644299999
12.31887
10.25216
12.36781
10.0108400001
27.29564
9.14971999999
10.79915
16.2744100001
39.8226500001
31.1340300001
6.71785999998
3.98201000004
16.2401400001
15.68207
15.00593
20.44099
12.79719
31.14563
17.17322
5.17720999999
23.25657
7.05650999991
13.87399
7.79555000004
22.17869
18.09445
37.9574899999
13.6088800001
15.06808
5.53032999986
22.2886600001
15.13477
10.144
23.0318
5.73897000006
35.23025
11.34968
15.88064
18.53227
14.22569
10.8796699999
19.81715
12.54556
16.08531
11.1665800001
15.49073
34.77217
16.1540000001
5.05947999994
26.7039
15.30785
22.3226599999
44.78097
42.73818
4.98895999999
10.0347600001
15.3390000002
20.6594
4.92894999997
41.06596
27.25587
5.62361999997
26.8537800001
23.0474
30.36271
25.12207
35.29317
9.97031999996
27.86286
11.2252999999
7.00945000001
12.67614
8.78901000007
28.8751599999
8.5668899999
17.5419299999
11.9957600001
21.60525
19.1767699999
6.45146999997
34.80003
37.7489700001
34.09672
31.01331
20.46808
4.96588999999
20.58446
22.89961
3.94759999996
6.71424999996
10.9950999999
37.50638
24.2786600001
14.6146599998
29.1484000001
5.32444999996
28.52336
21.01891
32.71872
13.03784
10.2684599999
6.78451000003
11.32183
10.1371899999
33.35097
13.28042
19.91578
3.67454999988
15.3359000001
11.2996400001
16.44043
8.52954000002
25.45076
11.20603
27.9195999999
24.72551
25.7925
6.70335999993
18.87525
16.33559
20.01102
27.88267
11.52223
8.05691000004
10.36311
21.01746
8.76361000002
43.2864100001
27.91657
5.56680000003
8.41955999995
25.887
48.0828000001
25.89544
17.17048
13.66668
16.99725
16.17406
26.4700399999
36.6423700001
15.2861400001
7.17148999998
16.0721000001
6.57647999993
22.65803
11.9095699999
15.2359300001
31.72666
22.14001
29.9403499999
15.0768799999
30.0045399999
9.61018999992
17.95735
8.70435999997
13.68929
10.9971200001
20.84843
7.06351000001
18.23798
32.72081
13.25916
24.94837
37.97363
9.17866999994
44.2514
7.70968999993
17.4904599999
18.9044
8.70466000005
13.3426100001
16.15449
5.98092
18.16038
30.97675
15.80534
33.0427
17.83987
6.37894999993
17.4931099999
14.8551500001
12.3635
33.19404
15.85383
10.5748500001
14.3920700001
6.29431000003
5.65339000011
7.41943000001
21.1733
6.25705000001
8.89065999992
10.2305300001
10.9091400001
17.73213
15.1058
16.41533
3.35722000001
13.1393700001
26.7977799999
34.07615
28.54843
13.66608
11.59172
23.6277699999
8.73736000003
15.36167
14.64594
26.92941
6.40248000005
10.2900299999
17.9981999999
39.1577400001
6.23356000008
17.8831
15.7349299999
24.7786899999
14.73569
10.19108
11.90966
4.14638000005
8.94511000009
22.7801
10.97141
10.4839999999
13.17278
12.5941300001
10.9651200001
7.47142000007
9.15789999999
42.2946700001
10.4049099999
16.6269400001
15.1484600001
47.96126
8.00556999992
30.12109
9.10566999996
50.1859899999
10.0939199999
12.2407600001
12.37976
15.6044199999
14.0401000001
10.90436
11.8536799999
4.64027000009
7.70429999998
28.09159
13.6916700001
23.6308500001
17.00783
23.15685
38.0710499999
10.9880899999
7.8767599999
6.15395000007
25.8443600001
26.1730500001
17.25795
9.88504999992
8.36358999996
21.6512600001
11.84562
13.1886399999
10.1627999999
16.55936
14.20974
27.0852699999
9.94025999994
9.20917000005
18.8017799999
20.06793
6.59232000005
16.45825
13.2263100001
12.63324
18.74123
29.85372
5.5404099999
3.87063999986
8.51673000003
28.6584300001
16.03042
13.2201800001
23.05378
23.72106
15.7919199999
28.48916
36.3088700001
17.82768
17.79344
8.15274000005
12.571
9.65122
16.88162
9.46299999999
11.07591
27.5039699998
16.79356
18.2058699999
13.53385
10.58925
3.32238999999
34.7187900001
21.0042800001
6.83566999994
30.56651
9.46635
12.9416400001
7.26468999998
30.68426
9.12693000003
14.09747
14.81233
14.9580799999
17.3230999999
32.15377
25.5403499999
11.2456299999
9.09909999999
11.14182
22.5606099999
17.90298
12.3432199999
9.87249999994
21.06933
35.59211
9.52523000003
8.78408999997
10.55831
26.93527
14.12728
26.9151399999
32.35644
7.52755999996
16.48808
37.85331
13.67015
6.79396000004
14.7008
42.15921
50.8933
11.8457900001
8.80779999995
12.5030200001
45.38196
28.6735
23.3997600001
13.08956
12.23858
9.24227000005
21.12963
14.92606
5.86511999997
6.68134999997
6.57163999998
5.79833000002
14.50742
15.13338
6.04378000007
3.62314000004
8.00216000015
5.23898999998
17.55983
13.92987
28.6312600001
10.9257499999
20.5571699999
18.5080500001
33.87622
29.73867
46.95847
7.58167999994
11.9453799999
6.33716
33.2442300001
24.2705399999
5.24632000003
28.67324
8.60027000005
16.08325
9.79755000002
15.7903
14.7775
20.58935
10.36532
27.7684299999
20.8295700001
40.61918
15.78575
12.2141700001
17.6501700002
15.1053200001
39.6157300001
46.8644000001
12.44752
10.43507
4.08111999999
13.26398
17.45984
13.03723
45.77571
21.5200200001
31.12447
11.3717799999
14.10976
11.6982900001
7.77679999999
14.07719
10.7496900001
7.51295
16.3002400001
20.84366
36.47453
6.87869000004
8.64456000004
6.50126000005
14.7989000001
20.3597599999
7.81377000001
12.78038
23.47396
14.4495399999
5.71546000009
4.88654999994
37.6759700001
12.8977500001
12.15866
17.0909
19.1596799999
2.20684999996
11.13676
20.4871599999
8.21975000005
17.5081699999
25.6684300001
21.46975
12.63346
7.29488000006
24.4834299999
20.72954
6.60324000008
13.8960599999
15.0241599999
34.59245
16.5332200001
14.32971
25.2873100002
18.3186699999
44.93749
8.99210000003
27.48677
14.13957
10.61191
5.49193000002
8.14425000001
8.05466000002
11.33198
19.6580299999
13.9857
22.1019
24.73286
17.07456
17.1471599999
27.34978
14.93134
25.19524
9.79053000011
10.2879199999
23.7891000001
8.79913000006
16.37966
31.46553
32.4196899999
14.66738
14.0985400002
33.36222
3.17909999995
16.88584
22.3279
14.86199
21.62619
15.0380099999
12.2801100001
15.6854099999
13.54159
12.01223
16.7147900001
9.91650000005
23.4802499999
16.8107
13.63058
19.1555400001
17.65115
22.4784199999
19.35366
18.26937
9.69102999987
24.59165
35.51242
5.11124000011
14.4198300001
10.61288
15.2758899999
8.7342399999
38.50023
17.49947
7.48138999997
9.62469999993
8.01300000004
6.80296
45.19955
8.81750999996
7.98092
6.98407000001
28.4320800001
9.12165999995
12.00744
8.23355999996
18.31218
11.80086
18.58555
30.1935000001
18.1057899999
12.0155499999
27.83242
22.00896
13.25934
12.99603
9.27090000012
17.85815
16.3463399999
21.45414
5.51310999994
5.80639000004
19.1328499999
28.66425
15.41367
13.11003
10.9289999999
13.20106
17.3785800001
12.2480199999
18.3593499999
16.76485
31.25497
17.97448
21.70286
17.3920399999
16.77013
26.6785800001
26.70816
24.0559299999
36.7337400001
10.51931
16.5672500001
21.67663
40.0896899999
39.18608
23.4095599999
29.86289
24.03921
8.16314999992
5.90700999997
17.9671899999
6.85550999991
12.1549300001
16.07408
28.26423
3.59781999991
6.02852000005
11.7439899999
12.0354899999
22.64699
13.3336
14.15229
23.4336399999
11.58646
21.06071
8.05165000004
7.48737999995
30.6799300001
14.55518
11.5554000001
5.63366000005
12.8066400001
24.38129
23.2876200001
7.38584999996
11.00069
36.0852999999
35.30795
13.6652099999
7.4055600001
22.9908800001
7.25582999992
13.47961
17.78169
29.0871
11.13157
9.00157999992
10.1809799999
35.7640900001
32.9399700001
12.54001
15.2960900001
36.0737600001
10.05108
5.17310000001
20.54429
10.95207
17.86963
26.50215
46.05612
7.5623799999
14.5426
13.26809
10.87918
17.73778
15.34136
11.5345
42.4401499999
21.2363600001
17.38388
13.7740599999
32.5904700001
48.0700899999
28.34064
9.59983000008
8.46854000003
17.8177299999
9.74651000008
11.0970900001
21.64937
12.5450500001
16.7262400001
10.22401
21.2893299999
22.87527
11.75419
17.57877
33.5411499999
6.52906000009
47.2205800001
28.6177300001
19.58288
29.72402
13.0700400001
13.4169
33.19791
14.24171
49.43203
18.5729499999
38.04267
11.45543
29.66226
12.00014
9.19727999996
26.80944
8.03799999994
9.97528000001
47.72627
12.12991
15.99702
8.59912999999
25.09522
7.62369000004
6.72570000007
38.59384
25.7170299999
9.53917999996
11.4177600001
8.35505000001
17.19598
28.94759
8.78882000002
6.99123000004
13.9791
23.7373700001
13.01955
4.97216000012
20.7157099999
17.62274
17.8891199999
15.7391799999
31.54642
18.39008
10.8275700001
31.98005
16.79995
25.54612
16.17475
18.40339
16.9746
31.0786799999
15.7868999999
11.95785
10.2384499999
12.22453
12.92167
20.21017
7.19669999997
25.3803
19.65039
29.4654400001
13.66072
24.1829199999
7.79885999998
26.00454
9.47777999996
16.51776
6.97958000004
10.1153600001
12.04608
9.56714000006
6.57757000008
16.24055
29.99538
27.23815
14.72935
22.28003
12.08458
8.46238000004
30.4108299999
25.08295
20.9096700001
14.66687
11.4847799999
11.88479
19.34986
19.8768999999
11.3049100001
13.1993499999
6.43165999989
26.43968
13.4485099999
11.1711
17.34438
6.51108000008
6.47321000008
29.51109
9.00225999998
17.2721399999
11.74012
13.2099
13.69238
5.29408000002
39.54778
17.6736
11.90396
6.76529000001
17.03736
43.1206199999
10.51498
18.53759
8.70762999996
8.51835000003
23.15053
10.45583
27.39897
13.7652500001
18.37037
46.4884500001
17.30195
45.8759999999
14.86789
5.48176999995
22.4147300001
10.2865700001
23.3020599999
10.12136
10.5581299999
19.3079200001
16.82169
18.5568499999
15.37576
20.2609299999
34.58741
16.1146
23.27477
38.22612
4.71414000005
9.53905000002
39.0435599999
11.76098
2.69102999999
23.30963
7.49774999998
15.94533
19.6374799999
16.9223499999
8.35643000004
19.92083
5.37915999989
7.83701999998
11.36578
4.66087000002
38.7824
33.7365199999
28.91424
32.8781000001
8.22371000005
16.13518
17.06097
5.83378999995
12.93975
22.8470099999
22.3189
18.7470300001
23.5635700001
7.80548999994
23.9174600001
28.7951000001
21.70493
14.8597499999
4.72925999993
9.07794999995
9.8947699999
6.76540000003
13.4570700001
31.17261
28.6681199999
7.29061000003
8.03934000002
33.9580999999
16.47045
8.78302000009
28.25355
13.6981799999
26.8396900001
10.5722899999
18.77085
12.81119
5.36727999989
28.63137
16.5893100001
19.0634700001
10.52597
7.83632999996
28.6341099999
