16.55052
33.38367
6.08088000002
25.5561800001
16.35223
26.6563
21.3987
15.8426399999
12.3915799999
35.1679
9.73002999998
31.8364200001
33.7681699999
8.59956
10.59571
15.75956
32.8408
5.59738000005
24.0937999999
34.2065300001
37.38567
12.2839500001
55.2233400001
2.00508999999
37.82199
34.92938
8.99012000009
41.8124300002
10.56487
4.58221999998
12.6142399999
9.36556999991
9.43300000008
18.89811
5.12639999995
10.80397
24.6843999999
25.42529
14.88637
9.37135999999
17.11113
26.95201
8.68984000001
19.7604199999
14.33782
8.60580000002
7.62372999999
12.47006
16.5011399999
18.36277
