25.00421
19.44858
28.2445399999
20.2942799999
13.66596
29.58662
17.94543
28.03462
29.99022
6.96152000001
29.22755
20.5854900001
35.44417
37.8641
19.73917
22.5761800001
28.63223
8.08672999998
28.00506
38.50381
18.1031300001
34.25543
17.91002
9.26919000002
13.06375
13.79026
32.7234200001
8.16452999995
6.36466999992
6.92240000004
13.76474
7.42131999996
8.96577000001
14.56914
13.18223
14.1076600001
40.45784
7.27396000002
20.4161700001
27.5933000001
54.08847
4.36381000001
32.7031700001
15.46736
8.99230000004
10.9188600001
17.52537
27.3618
15.84248
25.93814
