42.15921
50.8933
11.8457900001
8.80779999995
12.5030200001
45.38196
28.6735
23.3997600001
13.08956
12.23858
9.24227000005
21.12963
14.92606
5.86511999997
6.68134999997
6.57163999998
5.79833000002
14.50742
15.13338
6.04378000007
3.62314000004
8.00216000015
5.23898999998
17.55983
13.92987
28.6312600001
10.9257499999
20.5571699999
18.5080500001
33.87622
29.73867
46.95847
7.58167999994
11.9453799999
6.33716
33.2442300001
24.2705399999
5.24632000003
28.67324
8.60027000005
16.08325
9.79755000002
15.7903
14.7775
20.58935
10.36532
27.7684299999
20.8295700001
40.61918
15.78575
