16.9223499999
8.35643000004
19.92083
5.37915999989
7.83701999998
11.36578
4.66087000002
38.7824
33.7365199999
28.91424
32.8781000001
8.22371000005
16.13518
17.06097
5.83378999995
12.93975
22.8470099999
22.3189
18.7470300001
23.5635700001
7.80548999994
23.9174600001
28.7951000001
21.70493
14.8597499999
4.72925999993
9.07794999995
9.8947699999
6.76540000003
13.4570700001
31.17261
28.6681199999
7.29061000003
8.03934000002
33.9580999999
16.47045
8.78302000009
28.25355
13.6981799999
26.8396900001
10.5722899999
18.77085
12.81119
5.36727999989
28.63137
16.5893100001
19.0634700001
10.52597
7.83632999996
28.6341099999
