29.51109
9.00225999998
17.2721399999
11.74012
13.2099
13.69238
5.29408000002
39.54778
17.6736
11.90396
6.76529000001
17.03736
43.1206199999
10.51498
18.53759
8.70762999996
8.51835000003
23.15053
10.45583
27.39897
13.7652500001
18.37037
46.4884500001
17.30195
45.8759999999
14.86789
5.48176999995
22.4147300001
10.2865700001
23.3020599999
10.12136
10.5581299999
19.3079200001
16.82169
18.5568499999
15.37576
20.2609299999
34.58741
16.1146
23.27477
38.22612
4.71414000005
9.53905000002
39.0435599999
11.76098
2.69102999999
23.30963
7.49774999998
15.94533
19.6374799999
