9.42172999994
13.22623
7.42605000001
11.7908699999
7.00642999995
32.26675
4.38491000002
22.95835
15.9644299999
12.31887
10.25216
12.36781
10.0108400001
27.29564
9.14971999999
10.79915
16.2744100001
39.8226500001
31.1340300001
6.71785999998
3.98201000004
16.2401400001
15.68207
15.00593
20.44099
12.79719
31.14563
17.17322
5.17720999999
23.25657
7.05650999991
13.87399
7.79555000004
22.17869
18.09445
37.9574899999
13.6088800001
15.06808
5.53032999986
22.2886600001
15.13477
10.144
23.0318
5.73897000006
35.23025
11.34968
15.88064
18.53227
14.22569
10.8796699999
