17.79344
8.15274000005
12.571
9.65122
16.88162
9.46299999999
11.07591
27.5039699998
16.79356
18.2058699999
13.53385
10.58925
3.32238999999
34.7187900001
21.0042800001
6.83566999994
30.56651
9.46635
12.9416400001
7.26468999998
30.68426
9.12693000003
14.09747
14.81233
14.9580799999
17.3230999999
32.15377
25.5403499999
11.2456299999
9.09909999999
11.14182
22.5606099999
17.90298
12.3432199999
9.87249999994
21.06933
35.59211
9.52523000003
8.78408999997
10.55831
26.93527
14.12728
26.9151399999
32.35644
7.52755999996
16.48808
37.85331
13.67015
6.79396000004
14.7008
