36.0852999999
35.30795
13.6652099999
7.4055600001
22.9908800001
7.25582999992
13.47961
17.78169
29.0871
11.13157
9.00157999992
10.1809799999
35.7640900001
32.9399700001
12.54001
15.2960900001
36.0737600001
10.05108
5.17310000001
20.54429
10.95207
17.86963
26.50215
46.05612
7.5623799999
14.5426
13.26809
10.87918
17.73778
15.34136
11.5345
42.4401499999
21.2363600001
17.38388
13.7740599999
32.5904700001
48.0700899999
28.34064
9.59983000008
8.46854000003
17.8177299999
9.74651000008
11.0970900001
21.64937
12.5450500001
16.7262400001
10.22401
21.2893299999
22.87527
11.75419
