13.20106
17.3785800001
12.2480199999
18.3593499999
16.76485
31.25497
17.97448
21.70286
17.3920399999
16.77013
26.6785800001
26.70816
24.0559299999
36.7337400001
10.51931
16.5672500001
21.67663
40.0896899999
39.18608
23.4095599999
29.86289
24.03921
8.16314999992
5.90700999997
17.9671899999
6.85550999991
12.1549300001
16.07408
28.26423
3.59781999991
6.02852000005
11.7439899999
12.0354899999
22.64699
13.3336
14.15229
23.4336399999
11.58646
21.06071
8.05165000004
7.48737999995
30.6799300001
14.55518
11.5554000001
5.63366000005
12.8066400001
24.38129
23.2876200001
7.38584999996
11.00069
