12.2141700001
17.6501700002
15.1053200001
39.6157300001
46.8644000001
12.44752
10.43507
4.08111999999
13.26398
17.45984
13.03723
45.77571
21.5200200001
31.12447
11.3717799999
14.10976
11.6982900001
7.77679999999
14.07719
10.7496900001
7.51295
16.3002400001
20.84366
36.47453
6.87869000004
8.64456000004
6.50126000005
14.7989000001
20.3597599999
7.81377000001
12.78038
23.47396
14.4495399999
5.71546000009
4.88654999994
37.6759700001
12.8977500001
12.15866
17.0909
19.1596799999
2.20684999996
11.13676
20.4871599999
8.21975000005
17.5081699999
25.6684300001
21.46975
12.63346
7.29488000006
24.4834299999
