25.54612
16.17475
18.40339
16.9746
31.0786799999
15.7868999999
11.95785
10.2384499999
12.22453
12.92167
20.21017
7.19669999997
25.3803
19.65039
29.4654400001
13.66072
24.1829199999
7.79885999998
26.00454
9.47777999996
16.51776
6.97958000004
10.1153600001
12.04608
9.56714000006
6.57757000008
16.24055
29.99538
27.23815
14.72935
22.28003
12.08458
8.46238000004
30.4108299999
25.08295
20.9096700001
14.66687
11.4847799999
11.88479
19.34986
19.8768999999
11.3049100001
13.1993499999
6.43165999989
26.43968
13.4485099999
11.1711
17.34438
6.51108000008
6.47321000008
