12.37976
15.6044199999
14.0401000001
10.90436
11.8536799999
4.64027000009
7.70429999998
28.09159
13.6916700001
23.6308500001
17.00783
23.15685
38.0710499999
10.9880899999
7.8767599999
6.15395000007
25.8443600001
26.1730500001
17.25795
9.88504999992
8.36358999996
21.6512600001
11.84562
13.1886399999
10.1627999999
16.55936
14.20974
27.0852699999
9.94025999994
9.20917000005
18.8017799999
20.06793
6.59232000005
16.45825
13.2263100001
12.63324
18.74123
29.85372
5.5404099999
3.87063999986
8.51673000003
28.6584300001
16.03042
13.2201800001
23.05378
23.72106
15.7919199999
28.48916
36.3088700001
17.82768
