8.89065999992
10.2305300001
10.9091400001
17.73213
15.1058
16.41533
3.35722000001
13.1393700001
26.7977799999
34.07615
28.54843
13.66608
11.59172
23.6277699999
8.73736000003
15.36167
14.64594
26.92941
6.40248000005
10.2900299999
17.9981999999
39.1577400001
6.23356000008
17.8831
15.7349299999
24.7786899999
14.73569
10.19108
11.90966
4.14638000005
8.94511000009
22.7801
10.97141
10.4839999999
13.17278
12.5941300001
10.9651200001
7.47142000007
9.15789999999
42.2946700001
10.4049099999
16.6269400001
15.1484600001
47.96126
8.00556999992
30.12109
9.10566999996
50.1859899999
10.0939199999
12.2407600001
