20.72954
6.60324000008
13.8960599999
15.0241599999
34.59245
16.5332200001
14.32971
25.2873100002
18.3186699999
44.93749
8.99210000003
27.48677
14.13957
10.61191
5.49193000002
8.14425000001
8.05466000002
11.33198
19.6580299999
13.9857
22.1019
24.73286
17.07456
17.1471599999
27.34978
14.93134
25.19524
9.79053000011
10.2879199999
23.7891000001
8.79913000006
16.37966
31.46553
32.4196899999
14.66738
14.0985400002
33.36222
3.17909999995
16.88584
22.3279
14.86199
21.62619
15.0380099999
12.2801100001
15.6854099999
13.54159
12.01223
16.7147900001
9.91650000005
23.4802499999
