19.81715
12.54556
16.08531
11.1665800001
15.49073
34.77217
16.1540000001
5.05947999994
26.7039
15.30785
22.3226599999
44.78097
42.73818
4.98895999999
10.0347600001
15.3390000002
20.6594
4.92894999997
41.06596
27.25587
5.62361999997
26.8537800001
23.0474
30.36271
25.12207
35.29317
9.97031999996
27.86286
11.2252999999
7.00945000001
12.67614
8.78901000007
28.8751599999
8.5668899999
17.5419299999
11.9957600001
21.60525
19.1767699999
6.45146999997
34.80003
37.7489700001
34.09672
31.01331
20.46808
4.96588999999
20.58446
22.89961
3.94759999996
6.71424999996
10.9950999999
