37.50638
24.2786600001
14.6146599998
29.1484000001
5.32444999996
28.52336
21.01891
32.71872
13.03784
10.2684599999
6.78451000003
11.32183
10.1371899999
33.35097
13.28042
19.91578
3.67454999988
15.3359000001
11.2996400001
16.44043
8.52954000002
25.45076
11.20603
27.9195999999
24.72551
25.7925
6.70335999993
18.87525
16.33559
20.01102
27.88267
11.52223
8.05691000004
10.36311
21.01746
8.76361000002
43.2864100001
27.91657
5.56680000003
8.41955999995
25.887
48.0828000001
25.89544
17.17048
13.66668
16.99725
16.17406
26.4700399999
36.6423700001
15.2861400001
