16.8107
13.63058
19.1555400001
17.65115
22.4784199999
19.35366
18.26937
9.69102999987
24.59165
35.51242
5.11124000011
14.4198300001
10.61288
15.2758899999
8.7342399999
38.50023
17.49947
7.48138999997
9.62469999993
8.01300000004
6.80296
45.19955
8.81750999996
7.98092
6.98407000001
28.4320800001
9.12165999995
12.00744
8.23355999996
18.31218
11.80086
18.58555
30.1935000001
18.1057899999
12.0155499999
27.83242
22.00896
13.25934
12.99603
9.27090000012
17.85815
16.3463399999
21.45414
5.51310999994
5.80639000004
19.1328499999
28.66425
15.41367
13.11003
10.9289999999
