34.53316
30.69323
34.86684
23.2183599999
17.2008399999
21.4172200001
15.56453
25.1375599999
22.0846600001
32.60907
21.77009
33.12693
36.1885200001
26.74113
14.8137300001
26.1850899999
18.76237
24.5850099999
33.80825
23.5476199999
24.23772
8.48876000009
24.07378
25.2769599999
17.7320099999
24.63155
22.3494599999
20.1565
13.97224
31.94779
32.8463399999
33.07276
30.81559
11.6224600001
33.9071300001
31.09332
29.51443
26.2979100001
25.5440799999
25.1793300001
13.68134
16.34669
20.3768200001
28.57122
32.29182
24.31583
24.0838200001
28.69002
28.6652
27.66345
