34.9421799999
27.4233200001
22.3609500001
17.5694599999
18.67161
26.81561
23.5933300001
34.15597
32.3901899999
14.07669
26.94886
26.9256
22.1024399999
26.02559
13.1906000001
31.1791099999
24.72058
22.3388
28.1798399999
35.5470500001
29.15347
24.5645499999
27.2318099999
28.5279
9.39563000004
24.1098399999
20.90544
26.14379
33.0652400001
26.0434999999
33.09314
27.36898
22.4878700001
13.4937500001
21.5104200001
22.3896700001
13.8827099999
18.00656
23.00393
18.4
6.00601999986
32.47727
15.3200099999
24.46028
34.30536
29.5438399999
22.62132
26.24194
25.01631
26.4090799999
