26.36287
21.01416
26.27386
15.28058
33.6131500001
19.0969499999
26.25002
29.0126200001
32.4240100001
15.13965
25.15943
27.0998499999
29.03406
19.15205
34.04103
21.9147800001
24.6621600001
20.5890599999
26.6635899999
20.1571599999
10.84835
22.8143
19.96889
29.2575800001
32.12493
24.6835299999
22.68993
31.0786700001
28.97144
29.9280500001
13.5854699999
13.70073
21.90365
32.23693
29.4095099999
24.0905
23.66493
34.39949
26.70946
28.51907
25.4390699998
35.89128
12.8318200001
34.0407499999
13.8210400001
13.96274
30.3099500001
19.83479
24.34144
17.53422
