29.92911
21.84986
21.7172399999
28.3195100001
20.09158
22.27029
7.65315000003
18.18354
12.9742299999
25.5807999999
29.8382
16.86242
26.84447
17.81268
30.15177
23.0935900002
22.6262899999
16.5915299999
26.28883
32.6205900001
14.41547
27.38257
28.84997
15.1025399999
30.54452
20.1717399999
14.25654
17.4074500001
17.45471
27.27047
22.8490299999
27.16259
38.4886299999
34.9555400001
34.76146
33.1199099999
12.20796
17.3766899999
28.9376599999
26.1251599999
25.0694899999
28.4906299999
26.6915999999
32.82569
28.4214000001
21.2904099999
19.01136
21.59743
30.5181400001
23.0751
