31.1852599999
36.29495
26.1656599999
19.76423
17.3610200001
30.5355499999
25.4291300001
28.4001199999
25.6805199999
26.8709499999
16.37946
13.88619
26.1771000001
26.5260899999
21.75064
23.6627699999
24.3467400001
42.81238
22.84812
26.2591799999
18.1466099999
25.0632800001
25.56938
30.22239
32.16149
27.83947
24.34155
35.5602600001
29.06031
35.8410700001
17.7282499999
27.33724
23.6571
36.75048
12.83834
20.6457499999
23.47537
32.25153
12.63956
34.28244
16.6531500001
24.1157900001
24.3819400001
32.02498
27.5954799999
21.5209
30.2966700001
16.3894599999
36.4896500001
20.4397100001
