31.8194500001
25.34986
26.97705
12.4192400001
30.35511
21.0193
31.5769700001
26.5185299999
31.0954999999
31.21017
32.1135199999
22.04362
28.88356
23.3342399999
16.11347
24.1418500001
21.4056000001
32.3598999999
37.6079799999
25.5013700002
15.04246
32.0051899999
21.44475
32.03918
25.4741499999
26.81181
19.13145
28.61035
20.85218
20.88589
31.80108
23.2990600001
28.50129
20.8095600001
22.8345
19.05567
30.6211999999
32.69496
26.94964
24.63565
23.67943
24.41938
18.3957
28.15594
19.8707000001
29.79746
20.48795
27.60372
20.1549200001
37.44135
