24.83933
22.6230500001
34.8899299999
31.1817699999
25.85196
15.3401
28.63351
24.86271
12.43333
18.69617
17.29544
29.45874
19.44293
23.1576299999
25.0130799999
30.33363
25.9367899999
40.23445
15.42604
26.1046399999
7.99789000012
36.4381700001
26.32065
21.88776
34.58813
37.22407
21.45725
21.6137100001
13.2611499999
31.4259800001
21.08766
24.70241
12.56253
36.1936
33.74907
30.63673
26.6679400001
19.55451
27.38211
34.60193
25.63795
23.76588
17.9086
33.14704
22.6134500001
19.5696399999
19.3223100001
23.43236
26.72924
32.95048
