16.6586
20.56018
21.18071
19.5364
19.96292
22.74704
23.2317400001
33.0074999999
10.4229199999
20.23757
19.06817
25.7314700001
22.4369999999
13.2673500001
21.1775900001
26.52625
30.22042
24.35802
21.3067400001
33.33653
34.51752
24.2615500001
29.7689800001
31.14174
37.3299400001
26.22037
23.91817
34.8199799999
30.7200300001
17.81262
39.18395
26.1384599999
26.7754700001
29.66776
24.4106600001
25.9858099999
35.9608400001
29.71582
29.6403099999
20.77708
24.20903
16.9943200001
31.19747
19.54296
31.25718
29.26625
22.8538
27.8110400001
18.11117
15.39315
