33.61337
27.9507700001
26.9032500001
27.4939700001
17.83641
20.6848899999
29.93092
34.2128099999
31.2522499999
26.3365899998
14.23427
23.23123
21.7427400001
29.9993999999
26.19702
26.1959500001
22.78284
28.5662599999
32.41036
15.63936
32.4940900001
17.3327800001
23.0774
29.81004
19.1594199999
33.05828
15.1665200001
31.1646
28.82098
21.59609
33.8849399999
32.6024100001
15.73854
26.7899300001
27.9170599999
24.54719
30.6403099999
25.84064
16.54189
23.34907
26.9508400001
22.1725799999
32.4522500001
20.9389100001
24.5472000001
24.0968300001
19.9073
46.15087
20.3650399998
28.06745
