40.9098
18.9690800001
32.3855199999
22.02313
29.06605
27.78978
14.77204
23.8315399999
18.7900500001
25.80827
25.4624099999
24.62929
21.3798700001
39.6700700001
30.7517899999
27.5547400001
39.17611
11.56385
26.24126
14.5172
23.69008
25.18665
14.1283800001
23.98242
16.90118
33.10242
22.19606
24.6412600001
31.3888399999
26.06337
17.1009999999
23.0480400001
22.88289
26.28812
31.8545199999
37.49803
36.3173499999
34.5101999999
23.3870099999
30.7252099999
29.3439399999
23.4923
28.81779
32.72936
39.6363299999
29.1855400001
25.8759399999
27.03327
32.79382
12.91119
