32.14987
28.08922
28.23754
32.15971
11.58916
21.1412800001
37.06539
34.8567900001
14.33162
34.99829
18.65578
22.03443
30.04896
25.5508600001
22.5287200001
23.1598799999
13.93039
27.9774900001
30.8252099999
27.4577900001
27.1390200001
26.97543
22.3318599999
34.1086200001
25.15477
29.7829800001
32.16458
25.94805
29.17524
27.5573200001
30.3704
22.3524
30.2078099999
31.6528
31.36038
38.83407
27.9124799999
26.74052
17.3143099999
16.38301
24.43674
19.0392199999
31.26608
26.2871
34.4596500001
13.14625
29.2192100001
27.01945
21.8866699999
27.52367
