30.13356
23.0873700001
17.14063
24.94432
18.66582
23.89784
30.32744
24.72321
24.6666200001
12.86048
34.69963
30.14588
29.34553
11.47674
31.9250099999
19.2916300001
19.0870200001
22.69312
26.1434000001
22.76879
18.9839400001
24.01065
28.34695
37.36086
22.38997
22.6504500001
28.1111
19.84751
25.5248099999
28.37775
13.8035200001
30.0606500001
20.5508699999
28.50604
34.7234199999
24.3031100001
27.71516
22.6681
20.1985899999
24.4669000001
22.88882
25.87847
25.8349399999
33.11523
25.05194
25.17004
28.0953700001
27.84953
25.7812
37.5258599999
