30.51747
17.4386699999
22.23635
22.71864
16.3726599999
20.07263
25.9751200001
16.86794
38.75642
24.3880999999
31.5451400001
15.18465
15.1802600001
23.2912399999
33.3987199999
25.2122299999
25.13106
27.9251999999
21.41897
15.4562499999
31.9666899999
22.4746800001
22.3839799998
31.57652
26.67914
17.7626199999
33.1548300001
26.6224399999
25.6781199999
30.1299599999
21.33524
23.09029
22.05372
19.0179600001
26.6558099999
25.6776500001
23.4611900001
26.77786
30.4086399999
29.44022
16.4735900001
16.52038
20.38378
39.0988200001
21.1792000001
25.95474
36.9683199999
38.75222
23.1609899999
16.94233
