21.0159400001
24.97413
27.39378
29.50679
28.40565
16.18998
26.43303
27.7240800001
24.79027
28.0559799999
17.4249000001
23.3205200001
31.9461699999
21.36768
23.95309
20.7443199999
27.2557999999
14.9178000001
16.7856600001
31.7124800001
23.0299099999
27.3122600002
31.4916000001
20.93537
21.9180900002
24.8848800001
30.3585699999
19.4321100001
17.0719
22.7394899999
22.45969
31.7710399999
35.2953600001
18.7791800001
27.83946
26.4688699999
25.0843099999
31.63713
31.9712199999
25.39247
16.67385
28.00624
36.90751
18.9367899999
15.48393
28.6361299999
28.68129
30.2695000001
30.6198699999
30.7983800001
