31.92481
18.58454
21.7254900001
18.8329500001
17.12148
31.96471
29.34426
31.7680699999
32.7871899999
29.7589299999
28.86704
35.9352300001
26.08742
13.2672199999
20.6148699999
14.0747199999
32.3080899999
25.1969900001
33.8230600001
25.2936099999
20.1295799999
19.71843
27.85167
22.7716
16.63151
26.302
21.66908
25.02877
20.3257100001
25.66755
29.16703
26.9288199999
25.9674
27.7263499999
32.08201
19.18565
38.32837
26.16051
11.83287
25.99107
15.40961
38.0725100001
23.90858
27.7881300001
27.4302299999
29.2357000001
39.11538
25.2880200001
22.3489699999
28.4043399999
20.7564000001
30.3346399999
22.2943599999
31.54213
16.4981500001
29.73087
28.84526
28.5946300001
20.0541200001
28.82066
30.59668
17.7531900001
21.2191
33.82449
29.2059300001
18.8631599999
22.66
19.95791
12.25199
22.59214
27.15314
26.5155999999
7.51093999995
31.09519
29.6407900001
34.6877
19.61519
29.06377
19.51133
25.89307
28.1048900001
19.82206
17.49148
27.4813399999
36.90475
31.1181199999
28.0464700001
19.86519
24.99556
27.3354999999
28.0377799999
29.35298
30.10367
25.10148
22.504
29.46257
21.0071800001
24.26348
25.0459800002
14.26981
31.1852599999
36.29495
26.1656599999
19.76423
17.3610200001
30.5355499999
25.4291300001
28.4001199999
25.6805199999
26.8709499999
16.37946
13.88619
26.1771000001
26.5260899999
21.75064
23.6627699999
24.3467400001
42.81238
22.84812
26.2591799999
18.1466099999
25.0632800001
25.56938
30.22239
32.16149
27.83947
24.34155
35.5602600001
29.06031
35.8410700001
17.7282499999
27.33724
23.6571
36.75048
12.83834
20.6457499999
23.47537
32.25153
12.63956
34.28244
16.6531500001
24.1157900001
24.3819400001
32.02498
27.5954799999
21.5209
30.2966700001
16.3894599999
36.4896500001
20.4397100001
30.51747
17.4386699999
22.23635
22.71864
16.3726599999
20.07263
25.9751200001
16.86794
38.75642
24.3880999999
31.5451400001
15.18465
15.1802600001
23.2912399999
33.3987199999
25.2122299999
25.13106
27.9251999999
21.41897
15.4562499999
31.9666899999
22.4746800001
22.3839799998
31.57652
26.67914
17.7626199999
33.1548300001
26.6224399999
25.6781199999
30.1299599999
21.33524
23.09029
22.05372
19.0179600001
26.6558099999
25.6776500001
23.4611900001
26.77786
30.4086399999
29.44022
16.4735900001
16.52038
20.38378
39.0988200001
21.1792000001
25.95474
36.9683199999
38.75222
23.1609899999
16.94233
39.44826
22.27386
24.0469399999
22.28299
9.33400000015
21.79831
22.09223
28.2802700001
13.6532899999
24.44493
27.05636
25.10801
15.3861400001
27.3561000001
16.29872
24.04947
24.99494
19.56334
18.8748400001
30.37135
16.7908800001
37.9172299999
23.2501000001
21.39764
31.8438600001
35.8730599999
39.10074
26.3618500001
14.14659
23.24735
28.59886
17.80508
25.1830300001
36.94916
33.34616
8.34872000001
23.5648699999
28.9361700001
28.0080300001
13.3136699999
26.7125200001
31.2000899999
26.3949
34.49723
14.18305
14.6891999999
27.1032300001
21.07835
26.36032
24.40955
34.9421799999
27.4233200001
22.3609500001
17.5694599999
18.67161
26.81561
23.5933300001
34.15597
32.3901899999
14.07669
26.94886
26.9256
22.1024399999
26.02559
13.1906000001
31.1791099999
24.72058
22.3388
28.1798399999
35.5470500001
29.15347
24.5645499999
27.2318099999
28.5279
9.39563000004
24.1098399999
20.90544
26.14379
33.0652400001
26.0434999999
33.09314
27.36898
22.4878700001
13.4937500001
21.5104200001
22.3896700001
13.8827099999
18.00656
23.00393
18.4
6.00601999986
32.47727
15.3200099999
24.46028
34.30536
29.5438399999
22.62132
26.24194
25.01631
26.4090799999
33.61337
27.9507700001
26.9032500001
27.4939700001
17.83641
20.6848899999
29.93092
34.2128099999
31.2522499999
26.3365899998
14.23427
23.23123
21.7427400001
29.9993999999
26.19702
26.1959500001
22.78284
28.5662599999
32.41036
15.63936
32.4940900001
17.3327800001
23.0774
29.81004
19.1594199999
33.05828
15.1665200001
31.1646
28.82098
21.59609
33.8849399999
32.6024100001
15.73854
26.7899300001
27.9170599999
24.54719
30.6403099999
25.84064
16.54189
23.34907
26.9508400001
22.1725799999
32.4522500001
20.9389100001
24.5472000001
24.0968300001
19.9073
46.15087
20.3650399998
28.06745
29.92911
21.84986
21.7172399999
28.3195100001
20.09158
22.27029
7.65315000003
18.18354
12.9742299999
25.5807999999
29.8382
16.86242
26.84447
17.81268
30.15177
23.0935900002
22.6262899999
16.5915299999
26.28883
32.6205900001
14.41547
27.38257
28.84997
15.1025399999
30.54452
20.1717399999
14.25654
17.4074500001
17.45471
27.27047
22.8490299999
27.16259
38.4886299999
34.9555400001
34.76146
33.1199099999
12.20796
17.3766899999
28.9376599999
26.1251599999
25.0694899999
28.4906299999
26.6915999999
32.82569
28.4214000001
21.2904099999
19.01136
21.59743
30.5181400001
23.0751
13.47017
29.8491999999
34.2806699999
40.73279
34.30055
28.85748
35.39163
26.5449800001
18.6320299999
17.9508500001
15.26135
28.17803
16.9711600001
15.78312
25.68941
30.8587
19.10678
30.62179
27.74722
21.61956
13.28893
30.84828
19.4342400001
25.8877200001
24.9221500001
26.79026
33.1326100001
30.6662300001
36.4258000001
29.78336
27.79576
23.96405
16.9753
29.5404299999
23.17461
22.24126
27.1005299999
26.1757500001
21.50891
32.0660100001
19.7835700001
23.9333799999
18.8143500001
28.5839699999
31.35992
14.6602299999
17.44989
29.80296
25.4042
20.85255
16.6586
20.56018
21.18071
19.5364
19.96292
22.74704
23.2317400001
33.0074999999
10.4229199999
20.23757
19.06817
25.7314700001
22.4369999999
13.2673500001
21.1775900001
26.52625
30.22042
24.35802
21.3067400001
33.33653
34.51752
24.2615500001
29.7689800001
31.14174
37.3299400001
26.22037
23.91817
34.8199799999
30.7200300001
17.81262
39.18395
26.1384599999
26.7754700001
29.66776
24.4106600001
25.9858099999
35.9608400001
29.71582
29.6403099999
20.77708
24.20903
16.9943200001
31.19747
19.54296
31.25718
29.26625
22.8538
27.8110400001
18.11117
15.39315
21.0159400001
24.97413
27.39378
29.50679
28.40565
16.18998
26.43303
27.7240800001
24.79027
28.0559799999
17.4249000001
23.3205200001
31.9461699999
21.36768
23.95309
20.7443199999
27.2557999999
14.9178000001
16.7856600001
31.7124800001
23.0299099999
27.3122600002
31.4916000001
20.93537
21.9180900002
24.8848800001
30.3585699999
19.4321100001
17.0719
22.7394899999
22.45969
31.7710399999
35.2953600001
18.7791800001
27.83946
26.4688699999
25.0843099999
31.63713
31.9712199999
25.39247
16.67385
28.00624
36.90751
18.9367899999
15.48393
28.6361299999
28.68129
30.2695000001
30.6198699999
30.7983800001
30.13356
23.0873700001
17.14063
24.94432
18.66582
23.89784
30.32744
24.72321
24.6666200001
12.86048
34.69963
30.14588
29.34553
11.47674
31.9250099999
19.2916300001
19.0870200001
22.69312
26.1434000001
22.76879
18.9839400001
24.01065
28.34695
37.36086
22.38997
22.6504500001
28.1111
19.84751
25.5248099999
28.37775
13.8035200001
30.0606500001
20.5508699999
28.50604
34.7234199999
24.3031100001
27.71516
22.6681
20.1985899999
24.4669000001
22.88882
25.87847
25.8349399999
33.11523
25.05194
25.17004
28.0953700001
27.84953
25.7812
37.5258599999
29.1833500001
27.55296
14.6634499999
26.25862
30.3608
29.54406
36.8259299999
30.45375
12.3719800001
27.96065
25.59663
20.78553
35.66955
23.3563799999
28.04664
12.52951
28.5627799999
18.3661899999
12.77012
23.5033699999
25.25454
30.94609
24.81706
27.97635
27.35103
19.64095
12.3074500001
35.39701
30.01543
35.1480299999
27.72583
19.73032
14.0694400001
14.2846400001
36.07155
29.92021
23.4719699998
15.3978899999
30.6678299999
16.82429
29.92819
16.7530700001
33.21209
21.90593
28.3989999999
19.65945
24.77567
11.08448
27.19219
24.9648499999
34.53316
30.69323
34.86684
23.2183599999
17.2008399999
21.4172200001
15.56453
25.1375599999
22.0846600001
32.60907
21.77009
33.12693
36.1885200001
26.74113
14.8137300001
26.1850899999
18.76237
24.5850099999
33.80825
23.5476199999
24.23772
8.48876000009
24.07378
25.2769599999
17.7320099999
24.63155
22.3494599999
20.1565
13.97224
31.94779
32.8463399999
33.07276
30.81559
11.6224600001
33.9071300001
31.09332
29.51443
26.2979100001
25.5440799999
25.1793300001
13.68134
16.34669
20.3768200001
28.57122
32.29182
24.31583
24.0838200001
28.69002
28.6652
27.66345
40.9098
18.9690800001
32.3855199999
22.02313
29.06605
27.78978
14.77204
23.8315399999
18.7900500001
25.80827
25.4624099999
24.62929
21.3798700001
39.6700700001
30.7517899999
27.5547400001
39.17611
11.56385
26.24126
14.5172
23.69008
25.18665
14.1283800001
23.98242
16.90118
33.10242
22.19606
24.6412600001
31.3888399999
26.06337
17.1009999999
23.0480400001
22.88289
26.28812
31.8545199999
37.49803
36.3173499999
34.5101999999
23.3870099999
30.7252099999
29.3439399999
23.4923
28.81779
32.72936
39.6363299999
29.1855400001
25.8759399999
27.03327
32.79382
12.91119
32.14987
28.08922
28.23754
32.15971
11.58916
21.1412800001
37.06539
34.8567900001
14.33162
34.99829
18.65578
22.03443
30.04896
25.5508600001
22.5287200001
23.1598799999
13.93039
27.9774900001
30.8252099999
27.4577900001
27.1390200001
26.97543
22.3318599999
34.1086200001
25.15477
29.7829800001
32.16458
25.94805
29.17524
27.5573200001
30.3704
22.3524
30.2078099999
31.6528
31.36038
38.83407
27.9124799999
26.74052
17.3143099999
16.38301
24.43674
19.0392199999
31.26608
26.2871
34.4596500001
13.14625
29.2192100001
27.01945
21.8866699999
27.52367
26.36287
21.01416
26.27386
15.28058
33.6131500001
19.0969499999
26.25002
29.0126200001
32.4240100001
15.13965
25.15943
27.0998499999
29.03406
19.15205
34.04103
21.9147800001
24.6621600001
20.5890599999
26.6635899999
20.1571599999
10.84835
22.8143
19.96889
29.2575800001
32.12493
24.6835299999
22.68993
31.0786700001
28.97144
29.9280500001
13.5854699999
13.70073
21.90365
32.23693
29.4095099999
24.0905
23.66493
34.39949
26.70946
28.51907
25.4390699998
35.89128
12.8318200001
34.0407499999
13.8210400001
13.96274
30.3099500001
19.83479
24.34144
17.53422
31.8194500001
25.34986
26.97705
12.4192400001
30.35511
21.0193
31.5769700001
26.5185299999
31.0954999999
31.21017
32.1135199999
22.04362
28.88356
23.3342399999
16.11347
24.1418500001
21.4056000001
32.3598999999
37.6079799999
25.5013700002
15.04246
32.0051899999
21.44475
32.03918
25.4741499999
26.81181
19.13145
28.61035
20.85218
20.88589
31.80108
23.2990600001
28.50129
20.8095600001
22.8345
19.05567
30.6211999999
32.69496
26.94964
24.63565
23.67943
24.41938
18.3957
28.15594
19.8707000001
29.79746
20.48795
27.60372
20.1549200001
37.44135
24.83933
22.6230500001
34.8899299999
31.1817699999
25.85196
15.3401
28.63351
24.86271
12.43333
18.69617
17.29544
29.45874
19.44293
23.1576299999
25.0130799999
30.33363
25.9367899999
40.23445
15.42604
26.1046399999
7.99789000012
36.4381700001
26.32065
21.88776
34.58813
37.22407
21.45725
21.6137100001
13.2611499999
31.4259800001
21.08766
24.70241
12.56253
36.1936
33.74907
30.63673
26.6679400001
19.55451
27.38211
34.60193
25.63795
23.76588
17.9086
33.14704
22.6134500001
19.5696399999
19.3223100001
23.43236
26.72924
32.95048
28.35379
25.95759
26.89347
33.73439
22.9151100001
13.58247
6.15596
10.5293200001
29.57903
27.4587100002
8.95186000003
36.13845
25.2469500001
41.81407
18.25978
18.7668199999
29.6375899999
30.0808400001
19.19661
39.84089
15.8813499999
34.03244
27.6261199999
27.7480500001
13.1012400001
19.90631
24.4652
26.32176
20.6442099999
15.1466499999
19.28522
26.61035
19.68227
26.05943
23.2140399999
38.4353700001
33.2756699999
28.10963
27.87365
17.9099900001
34.3172899999
26.25761
30.8291699999
31.67795
17.0938099999
24.5694700001
25.35389
36.4508600001
23.9909100001
35.53273
