31.92481
18.58454
21.7254900001
18.8329500001
17.12148
31.96471
29.34426
31.7680699999
32.7871899999
29.7589299999
28.86704
35.9352300001
26.08742
13.2672199999
20.6148699999
14.0747199999
32.3080899999
25.1969900001
33.8230600001
25.2936099999
20.1295799999
19.71843
27.85167
22.7716
16.63151
26.302
21.66908
25.02877
20.3257100001
25.66755
29.16703
26.9288199999
25.9674
27.7263499999
32.08201
19.18565
38.32837
26.16051
11.83287
25.99107
15.40961
38.0725100001
23.90858
27.7881300001
27.4302299999
29.2357000001
39.11538
25.2880200001
22.3489699999
28.4043399999
