20.7564000001
30.3346399999
22.2943599999
31.54213
16.4981500001
29.73087
28.84526
28.5946300001
20.0541200001
28.82066
30.59668
17.7531900001
21.2191
33.82449
29.2059300001
18.8631599999
22.66
19.95791
12.25199
22.59214
27.15314
26.5155999999
7.51093999995
31.09519
29.6407900001
34.6877
19.61519
29.06377
19.51133
25.89307
28.1048900001
19.82206
17.49148
27.4813399999
36.90475
31.1181199999
28.0464700001
19.86519
24.99556
27.3354999999
28.0377799999
29.35298
30.10367
25.10148
22.504
29.46257
21.0071800001
24.26348
25.0459800002
14.26981
