28.35379
25.95759
26.89347
33.73439
22.9151100001
13.58247
6.15596
10.5293200001
29.57903
27.4587100002
8.95186000003
36.13845
25.2469500001
41.81407
18.25978
18.7668199999
29.6375899999
30.0808400001
19.19661
39.84089
15.8813499999
34.03244
27.6261199999
27.7480500001
13.1012400001
19.90631
24.4652
26.32176
20.6442099999
15.1466499999
19.28522
26.61035
19.68227
26.05943
23.2140399999
38.4353700001
33.2756699999
28.10963
27.87365
17.9099900001
34.3172899999
26.25761
30.8291699999
31.67795
17.0938099999
24.5694700001
25.35389
36.4508600001
23.9909100001
35.53273
