39.44826
22.27386
24.0469399999
22.28299
9.33400000015
21.79831
22.09223
28.2802700001
13.6532899999
24.44493
27.05636
25.10801
15.3861400001
27.3561000001
16.29872
24.04947
24.99494
19.56334
18.8748400001
30.37135
16.7908800001
37.9172299999
23.2501000001
21.39764
31.8438600001
35.8730599999
39.10074
26.3618500001
14.14659
23.24735
28.59886
17.80508
25.1830300001
36.94916
33.34616
8.34872000001
23.5648699999
28.9361700001
28.0080300001
13.3136699999
26.7125200001
31.2000899999
26.3949
34.49723
14.18305
14.6891999999
27.1032300001
21.07835
26.36032
24.40955
