29.1833500001
27.55296
14.6634499999
26.25862
30.3608
29.54406
36.8259299999
30.45375
12.3719800001
27.96065
25.59663
20.78553
35.66955
23.3563799999
28.04664
12.52951
28.5627799999
18.3661899999
12.77012
23.5033699999
25.25454
30.94609
24.81706
27.97635
27.35103
19.64095
12.3074500001
35.39701
30.01543
35.1480299999
27.72583
19.73032
14.0694400001
14.2846400001
36.07155
29.92021
23.4719699998
15.3978899999
30.6678299999
16.82429
29.92819
16.7530700001
33.21209
21.90593
28.3989999999
19.65945
24.77567
11.08448
27.19219
24.9648499999
