13.47017
29.8491999999
34.2806699999
40.73279
34.30055
28.85748
35.39163
26.5449800001
18.6320299999
17.9508500001
15.26135
28.17803
16.9711600001
15.78312
25.68941
30.8587
19.10678
30.62179
27.74722
21.61956
13.28893
30.84828
19.4342400001
25.8877200001
24.9221500001
26.79026
33.1326100001
30.6662300001
36.4258000001
29.78336
27.79576
23.96405
16.9753
29.5404299999
23.17461
22.24126
27.1005299999
26.1757500001
21.50891
32.0660100001
19.7835700001
23.9333799999
18.8143500001
28.5839699999
31.35992
14.6602299999
17.44989
29.80296
25.4042
20.85255
