21.0349000001
26.0384099999
13.36492
15.59756
11.87414
29.1970200001
20.30857
10.0848000001
24.4260100001
18.83023
16.7413
22.4553400001
24.09138
15.55381
11.83056
20.8663999999
17.3008
14.9232299998
14.58638
17.08895
14.12469
34.1023499999
16.5680300001
15.31345
20.9151400001
13.4187100001
19.51173
19.0551699999
24.30592
11.6851599999
21.4787499999
16.91992
19.1144199999
20.2119900001
15.0657299999
19.3351800001
11.7123799999
19.23064
25.5427299999
11.21391
20.2191399999
22.19609
14.1175599999
14.62019
11.68429
16.1990700001
18.8139600001
20.4182000001
21.2549300001
51.60758
