14.18147
18.33267
12.51821
16.0932999999
16.72847
13.3163399999
22.44514
12.9093999999
18.00531
13.9287
22.5627199999
19.1024999999
25.5075300001
10.2305799999
17.4529900001
18.9206900001
14.50925
14.91392
15.8951999999
15.8992099998
18.8086399999
10.61856
17.40287
17.64173
17.7029800001
22.9445900001
10.2158100001
17.8261599999
23.2513100001
12.6887500001
15.73274
15.4239200001
15.26807
28.22581
18.9070499998
13.3478400001
22.35523
24.17463
20.47367
13.71366
19.0871900001
18.08153
15.00325
16.96529
15.6304200001
25.6994100001
13.93467
27.0764600001
15.2542900001
23.59117
10.7397800001
17.80063
17.3827899999
11.95002
22.2683400001
22.7367499999
20.8154699999
17.49416
12.72984
14.52488
21.17983
23.2610099999
20.5913000001
28.3578900001
20.00722
12.2055599999
18.1150100001
19.05519
22.2768399999
16.01153
23.02862
16.2486099999
21.17487
17.48801
17.0575200001
24.76168
16.41705
10.5549400001
16.97637
16.40682
16.3534100001
19.3014199999
12.2154199999
20.6203599999
15.78053
15.59915
10.46675
19.2255300001
23.83792
17.8914300001
10.26303
19.26286
15.8337399999
16.03045
14.17291
14.91458
12.36836
17.56041
18.18438
16.60173
16.78208
21.54646
17.4352900001
20.11748
18.9635899999
27.01072
21.6497499999
20.00658
13.86526
18.34948
20.17716
23.34557
21.6583100001
26.0262300001
22.179
12.5883400001
18.7064499999
16.3609600001
15.71274
21.13923
27.3607300001
17.7124899999
18.26304
18.43028
18.4081999999
18.7499899999
14.4163
13.9232600001
15.8635099999
23.06316
25.6909200002
19.66863
22.80357
17.67405
20.7223699999
21.11473
14.54481
21.8023799999
28.46718
17.9312100001
18.13174
10.27992
12.8744399999
22.6136500001
18.8935199999
15.4903499999
21.9964600001
19.14946
22.53385
19.7579299998
19.4235899999
15.4909
13.46533
9.37973000004
14.3183700001
17.37949
14.33296
16.02019
20.9758100001
12.86178
21.56235
18.71649
29.0868200001
14.8744
16.1603399999
12.9272200001
16.4932499999
22.1736300001
9.98628000007
19.31438
21.6319999999
13.8609999999
24.93035
21.44073
13.7591500001
16.45877
16.21798
18.0378500001
34.8952599999
23.90131
24.4520899999
17.55888
20.5934499999
18.83952
24.86364
15.22205
17.1207000001
12.4740299999
21.20977
11.0880700001
23.8411300001
13.3861700001
7.44806000008
16.16111
20.9844300001
15.07413
16.91212
15.6741300001
17.1817099999
17.9100899999
20.17422
17.62681
10.7856699999
18.3597800001
14.16158
19.9268799999
9.24649000005
12.9699300001
17.29738
12.29701
21.67935
18.5401600001
21.12873
24.8098899999
22.6772599999
11.6272799999
15.15074
14.04457
13.92769
16.41759
23.0520099999
13.06403
18.1938999998
13.3682500001
22.02484
20.3859
17.4951299999
21.08982
16.2145199999
18.32549
14.45466
17.2076600001
14.23477
26.4294299999
18.8920799999
20.60276
19.16314
20.6959200001
18.73742
24.7871900001
19.80345
24.18232
18.0829
17.12389
13.40542
15.19275
21.2907199999
18.3986000001
13.07829
22.4507099999
27.45656
20.0010200001
8.81819999998
11.5382300001
19.0093100001
11.86372
18.09308
19.7129299999
25.26109
16.79177
14.6681499999
23.0717900001
18.5333299999
21.3001699999
31.15734
18.9200399999
13.81095
18.6535099999
20.43022
18.2463
19.53317
18.13506
18.8285700001
22.11954
7.39476000005
17.2704799999
15.3398600001
20.3942400001
19.07476
19.6702599999
24.06285
23.9129700001
17.8703199999
19.3636700001
18.6544400001
20.05305
16.1625
10.43793
18.24335
17.52339
14.00266
16.57066
15.8856300001
15.65787
17.57187
17.2644900001
14.9403200001
16.14179
13.3360799999
13.10706
21.0349000001
26.0384099999
13.36492
15.59756
11.87414
29.1970200001
20.30857
10.0848000001
24.4260100001
18.83023
16.7413
22.4553400001
24.09138
15.55381
11.83056
20.8663999999
17.3008
14.9232299998
14.58638
17.08895
14.12469
34.1023499999
16.5680300001
15.31345
20.9151400001
13.4187100001
19.51173
19.0551699999
24.30592
11.6851599999
21.4787499999
16.91992
19.1144199999
20.2119900001
15.0657299999
19.3351800001
11.7123799999
19.23064
25.5427299999
11.21391
20.2191399999
22.19609
14.1175599999
14.62019
11.68429
16.1990700001
18.8139600001
20.4182000001
21.2549300001
51.60758
27.58846
21.3924899999
40.2013600001
26.25849
13.8871299999
14.1964499999
14.61217
19.94941
20.9766599999
23.9569700001
17.6721499999
19.1898800001
16.1486899999
16.0721000001
22.94958
16.68826
19.08123
21.73438
13.7691799999
17.36775
14.5361700001
17.55529
24.4827899999
21.6251399999
17.64877
19.97464
9.8899699999
20.8465199999
17.6017999999
18.07734
11.4226699999
22.00604
16.55563
20.24827
20.6057800001
18.4141700001
13.0153099999
23.24543
22.6540600001
17.38919
15.1130199999
14.2824200001
20.18862
15.54664
16.72679
17.95472
19.0864799999
22.56537
21.23812
20.0942299999
20.9423600001
10.7671899999
15.12528
21.99445
13.9767999999
19.68516
14.0568200001
15.04571
13.69461
20.42692
23.60526
20.84219
10.9831699999
17.21002
14.8293199999
22.8922799999
13.3672100001
10.3424199999
22.30399
10.4298100001
22.48624
14.8762899999
20.38318
12.59668
21.08341
24.90828
21.09968
19.51307
21.01799
18.9551
14.3467900001
19.65922
10.59944
18.2004699999
18.8184400001
17.20504
19.7874700001
8.69277999992
20.91553
16.08005
22.1791600001
21.78153
17.5623400001
16.05053
25.73258
17.19094
18.9773100001
13.32762
21.85051
13.6772500001
22.2004200001
30.12567
16.82793
18.9634399998
23.48486
11.6775
16.0879900001
10.17059
15.04856
16.4964300001
17.1528800001
29.1109099999
15.3168199999
13.2285
11.7779
15.6352500001
20.28495
19.5679900001
22.0313799999
13.62793
15.18038
21.68248
9.36099000007
14.4652699999
23.2375300002
21.6603999999
14.23474
14.3286499999
12.624
11.2789200001
18.7021
19.87211
21.43247
11.2168800001
9.77196000004
15.7666099999
10.5878000001
17.82001
21.40466
11.0122799999
20.177
18.5309899999
22.90278
13.55535
17.3059399999
17.8681300001
23.59594
27.16316
18.17926
15.09754
13.09124
20.0258300001
18.0412600001
14.6847100001
28.8895
22.80822
11.1193300001
9.6089900001
20.4034899999
13.27096
12.85885
19.2582999999
18.8729599999
18.52899
13.3649200001
20.9410500001
15.6413
19.9622600001
15.87821
21.80568
15.5051
11.78969
18.2612199999
14.4087499999
18.2708700001
12.2207599999
24.36686
16.16576
23.19911
19.10564
20.11043
13.0157799999
24.03507
16.1677999999
13.1097299999
16.00092
15.21035
19.3369999999
19.8422600001
21.70115
20.3281699999
12.4270200001
13.2872199999
19.10247
23.5376299999
21.01631
13.08522
14.2743
15.3461999999
16.18585
14.2562100001
16.6367100001
22.5727
19.0383499999
12.6973199999
18.9523
20.73618
16.87147
15.1971699999
46.7056500001
22.3321600001
14.5900699999
19.33126
16.22345
10.07854
15.3413500001
20.24301
21.7818099998
12.27796
20.1811099999
14.41261
17.14504
22.6603399999
20.33708
28.2895300001
22.52968
16.11268
21.2777600001
17.6089600001
23.36465
25.1862600001
16.66188
25.1489299999
12.4473700001
15.7099599999
16.6291200001
16.81276
21.9399500001
11.53802
24.73286
20.45774
29.14587
12.91741
13.0361500001
29.35881
13.4127000001
19.74475
15.6655999999
17.58237
17.931
20.3390800001
27.8174599999
15.96052
14.0858900001
16.3884899999
24.56692
7.45921
11.18187
18.83409
20.8015500001
12.5946500001
20.2033200001
16.07063
16.1088
15.3268
23.3010600001
16.84828
13.44843
18.3563400001
17.9582199999
14.07079
18.8011800001
19.4705299999
20.88763
16.09345
22.88719
13.54816
9.66757000005
24.3282699999
19.7369
21.3401600001
11.16435
19.2611400001
18.3580700001
16.3450399999
26.8801
17.8926500001
16.98054
11.45584
17.8949000001
15.4536700001
21.9225399999
8.95684999996
42.0783499999
23.2882500001
13.9963699998
11.6675699999
17.0066
14.58131
20.6804500001
8.95655
19.76272
18.6052699999
20.91551
21.4618299999
22.0718599999
17.2726800001
15.88686
21.60356
20.74638
20.9619199999
15.4082800001
16.2361300001
13.4627300001
18.7182999999
16.71608
18.61863
24.1002300001
15.7577900001
15.2169700001
21.4418800001
12.7948299999
14.4158500001
12.8729600001
27.27368
27.7870999998
18.0229099999
17.7398499999
18.85143
32.2210599999
8.12147000013
13.9919799999
21.8488800001
10.51648
15.1649699999
16.67527
8.20242999995
19.8808499998
22.4447400001
13.58021
19.59222
13.99694
16.0906999999
16.5640900001
21.12786
20.8452999999
21.35821
11.14542
17.1722599999
23.31754
22.6810900001
14.14962
21.9148
13.9708700001
19.32557
15.7461499999
8.04154000001
16.5425999999
18.0818
14.45377
18.54027
23.8101600001
16.43675
25.3444000001
22.2779799999
23.43376
18.38547
19.4578399999
17.5143500001
31.2131700001
16.43022
9.25945000001
15.58478
21.2316099999
20.41637
12.46159
20.8643799999
19.92797
27.7134499998
19.1049800001
28.9711799999
16.10586
26.72245
11.5316000001
13.51724
18.35517
14.80776
10.5665599999
13.82621
17.56833
13.9521100001
17.4717000001
15.7973000001
10.87237
20.33516
17.53446
11.30027
14.16766
13.7431900001
20.86201
10.15555
19.6151599999
14.18232
26.01424
17.3565799999
22.54693
14.7398100001
8.4482499999
21.9278399999
17.2978099999
14.62026
23.0750299999
13.3765299999
20.2607599999
16.6672199999
15.8309299999
16.67198
15.54498
14.11766
11.54671
17.97961
21.9439999999
19.19253
12.7928699999
16.39725
19.67582
26.8588600002
12.12836
22.3948700001
26.72474
19.85048
20.16883
18.03652
16.22152
15.4983799999
18.40865
16.5898000001
15.93935
15.52269
24.6046
19.41611
20.20545
20.46479
12.4335800001
29.52587
13.7011600001
23.22804
15.7790400001
15.6190899999
10.0613299999
12.5951200001
9.86024000007
15.4061800002
17.78983
13.6022099999
20.7252699999
14.90632
42.22321
27.00156
17.9607800001
15.0447900001
20.4922900001
16.11424
15.5449100001
18.6755199999
17.6044200001
21.02412
14.26558
20.8113899999
26.8372200001
16.8372
13.99361
20.9649299999
16.0849199999
10.30009
15.6161300001
26.1676900001
16.6673600001
8.89328999992
19.6627
19.32442
18.6634
21.01596
19.3487699999
22.8585600001
14.54724
18.73623
22.58225
27.2747699999
22.85234
10.94886
7.24213000003
10.48265
16.9074500001
17.0045
18.36572
7.74034000002
23.6926899999
10.0524800001
15.49948
26.9656100001
15.96851
18.9338999999
14.5609200001
15.59934
16.4312400001
10.39909
25.2287900001
21.7443899999
19.6337799999
24.81037
22.10934
19.3585199999
11.9927500001
23.5847300001
23.5356899999
9.23729000008
15.3785799999
21.18617
15.4540700001
19.4145100001
27.1347000001
18.5968100001
20.1222199999
19.4052500001
23.44177
13.5018399999
18.5465699999
24.28999
25.41175
23.48266
13.61566
12.6605400001
20.3950200001
17.0501399999
13.2451000001
28.57858
18.01156
11.39142
12.76986
20.33021
20.9319099999
23.4431499999
22.9186399999
19.4393
18.3913199999
17.3488800001
18.9020600001
18.2993200001
28.3655599999
13.65744
15.01224
22.3261699999
16.1066099999
11.04956
25.2721200001
22.14111
25.09397
14.7343900001
15.00157
23.3046099999
21.4183899999
8.47076000005
19.37041
25.6034499999
25.85168
13.4998399999
20.31527
13.0081699999
11.94178
13.4236399999
15.35852
18.23894
20.3965500001
22.38378
23.2727099999
12.57172
22.38239
9.19354999997
26.44789
20.03631
19.3147199999
25.95767
14.02176
8.88399
16.75632
21.02773
22.17836
16.62319
11.01136
16.53041
20.2195499999
17.09672
14.57247
13.96082
12.6158799999
16.2025899999
24.8258199999
18.23679
19.3246699999
24.2985200001
16.67576
17.7625899999
25.6498700001
23.7222900001
18.84726
19.09681
10.2130799999
26.9021900001
13.77362
13.76173
13.59644
16.11674
17.7613400001
23.8298899999
15.9078599999
16.52888
27.72542
23.4092499999
18.8003299999
16.8123199999
9.41637999995
16.6090899999
19.2585
26.6837099999
11.6092200001
14.62736
18.35112
21.22543
19.98769
12.8862899999
21.9313800001
20.04139
19.24557
16.28549
18.6623099999
20.57038
25.22432
17.0567
17.5438699999
36.3373799999
14.32956
20.6025799999
11.56076
23.3798999999
8.29186
24.10869
11.79911
15.33472
10.4558700001
