8.95655
19.76272
18.6052699999
20.91551
21.4618299999
22.0718599999
17.2726800001
15.88686
21.60356
20.74638
20.9619199999
15.4082800001
16.2361300001
13.4627300001
18.7182999999
16.71608
18.61863
24.1002300001
15.7577900001
15.2169700001
21.4418800001
12.7948299999
14.4158500001
12.8729600001
27.27368
27.7870999998
18.0229099999
17.7398499999
18.85143
32.2210599999
8.12147000013
13.9919799999
21.8488800001
10.51648
15.1649699999
16.67527
8.20242999995
19.8808499998
22.4447400001
13.58021
19.59222
13.99694
16.0906999999
16.5640900001
21.12786
20.8452999999
21.35821
11.14542
17.1722599999
23.31754
