13.65744
15.01224
22.3261699999
16.1066099999
11.04956
25.2721200001
22.14111
25.09397
14.7343900001
15.00157
23.3046099999
21.4183899999
8.47076000005
19.37041
25.6034499999
25.85168
13.4998399999
20.31527
13.0081699999
11.94178
13.4236399999
15.35852
18.23894
20.3965500001
22.38378
23.2727099999
12.57172
22.38239
9.19354999997
26.44789
20.03631
19.3147199999
25.95767
14.02176
8.88399
16.75632
21.02773
22.17836
16.62319
11.01136
16.53041
20.2195499999
17.09672
14.57247
13.96082
12.6158799999
16.2025899999
24.8258199999
18.23679
19.3246699999
