10.7397800001
17.80063
17.3827899999
11.95002
22.2683400001
22.7367499999
20.8154699999
17.49416
12.72984
14.52488
21.17983
23.2610099999
20.5913000001
28.3578900001
20.00722
12.2055599999
18.1150100001
19.05519
22.2768399999
16.01153
23.02862
16.2486099999
21.17487
17.48801
17.0575200001
24.76168
16.41705
10.5549400001
16.97637
16.40682
16.3534100001
19.3014199999
12.2154199999
20.6203599999
15.78053
15.59915
10.46675
19.2255300001
23.83792
17.8914300001
10.26303
19.26286
15.8337399999
16.03045
14.17291
14.91458
12.36836
17.56041
18.18438
16.60173
