16.78208
21.54646
17.4352900001
20.11748
18.9635899999
27.01072
21.6497499999
20.00658
13.86526
18.34948
20.17716
23.34557
21.6583100001
26.0262300001
22.179
12.5883400001
18.7064499999
16.3609600001
15.71274
21.13923
27.3607300001
17.7124899999
18.26304
18.43028
18.4081999999
18.7499899999
14.4163
13.9232600001
15.8635099999
23.06316
25.6909200002
19.66863
22.80357
17.67405
20.7223699999
21.11473
14.54481
21.8023799999
28.46718
17.9312100001
18.13174
10.27992
12.8744399999
22.6136500001
18.8935199999
15.4903499999
21.9964600001
19.14946
22.53385
19.7579299998
