14.18147
18.33267
12.51821
16.0932999999
16.72847
13.3163399999
22.44514
12.9093999999
18.00531
13.9287
22.5627199999
19.1024999999
25.5075300001
10.2305799999
17.4529900001
18.9206900001
14.50925
14.91392
15.8951999999
15.8992099998
18.8086399999
10.61856
17.40287
17.64173
17.7029800001
22.9445900001
10.2158100001
17.8261599999
23.2513100001
12.6887500001
15.73274
15.4239200001
15.26807
28.22581
18.9070499998
13.3478400001
22.35523
24.17463
20.47367
13.71366
19.0871900001
18.08153
15.00325
16.96529
15.6304200001
25.6994100001
13.93467
27.0764600001
15.2542900001
23.59117
