24.2985200001
16.67576
17.7625899999
25.6498700001
23.7222900001
18.84726
19.09681
10.2130799999
26.9021900001
13.77362
13.76173
13.59644
16.11674
17.7613400001
23.8298899999
15.9078599999
16.52888
27.72542
23.4092499999
18.8003299999
16.8123199999
9.41637999995
16.6090899999
19.2585
26.6837099999
11.6092200001
14.62736
18.35112
21.22543
19.98769
12.8862899999
21.9313800001
20.04139
19.24557
16.28549
18.6623099999
20.57038
25.22432
17.0567
17.5438699999
36.3373799999
14.32956
20.6025799999
11.56076
23.3798999999
8.29186
24.10869
11.79911
15.33472
10.4558700001
