12.5951200001
9.86024000007
15.4061800002
17.78983
13.6022099999
20.7252699999
14.90632
42.22321
27.00156
17.9607800001
15.0447900001
20.4922900001
16.11424
15.5449100001
18.6755199999
17.6044200001
21.02412
14.26558
20.8113899999
26.8372200001
16.8372
13.99361
20.9649299999
16.0849199999
10.30009
15.6161300001
26.1676900001
16.6673600001
8.89328999992
19.6627
19.32442
18.6634
21.01596
19.3487699999
22.8585600001
14.54724
18.73623
22.58225
27.2747699999
22.85234
10.94886
7.24213000003
10.48265
16.9074500001
17.0045
18.36572
7.74034000002
23.6926899999
10.0524800001
15.49948
