14.2562100001
16.6367100001
22.5727
19.0383499999
12.6973199999
18.9523
20.73618
16.87147
15.1971699999
46.7056500001
22.3321600001
14.5900699999
19.33126
16.22345
10.07854
15.3413500001
20.24301
21.7818099998
12.27796
20.1811099999
14.41261
17.14504
22.6603399999
20.33708
28.2895300001
22.52968
16.11268
21.2777600001
17.6089600001
23.36465
25.1862600001
16.66188
25.1489299999
12.4473700001
15.7099599999
16.6291200001
16.81276
21.9399500001
11.53802
24.73286
20.45774
29.14587
12.91741
13.0361500001
29.35881
13.4127000001
19.74475
15.6655999999
17.58237
17.931
