27.58846
21.3924899999
40.2013600001
26.25849
13.8871299999
14.1964499999
14.61217
19.94941
20.9766599999
23.9569700001
17.6721499999
19.1898800001
16.1486899999
16.0721000001
22.94958
16.68826
19.08123
21.73438
13.7691799999
17.36775
14.5361700001
17.55529
24.4827899999
21.6251399999
17.64877
19.97464
9.8899699999
20.8465199999
17.6017999999
18.07734
11.4226699999
22.00604
16.55563
20.24827
20.6057800001
18.4141700001
13.0153099999
23.24543
22.6540600001
17.38919
15.1130199999
14.2824200001
20.18862
15.54664
16.72679
17.95472
19.0864799999
22.56537
21.23812
20.0942299999
