22.6810900001
14.14962
21.9148
13.9708700001
19.32557
15.7461499999
8.04154000001
16.5425999999
18.0818
14.45377
18.54027
23.8101600001
16.43675
25.3444000001
22.2779799999
23.43376
18.38547
19.4578399999
17.5143500001
31.2131700001
16.43022
9.25945000001
15.58478
21.2316099999
20.41637
12.46159
20.8643799999
19.92797
27.7134499998
19.1049800001
28.9711799999
16.10586
26.72245
11.5316000001
13.51724
18.35517
14.80776
10.5665599999
13.82621
17.56833
13.9521100001
17.4717000001
15.7973000001
10.87237
20.33516
17.53446
11.30027
14.16766
13.7431900001
20.86201
