13.09124
20.0258300001
18.0412600001
14.6847100001
28.8895
22.80822
11.1193300001
9.6089900001
20.4034899999
13.27096
12.85885
19.2582999999
18.8729599999
18.52899
13.3649200001
20.9410500001
15.6413
19.9622600001
15.87821
21.80568
15.5051
11.78969
18.2612199999
14.4087499999
18.2708700001
12.2207599999
24.36686
16.16576
23.19911
19.10564
20.11043
13.0157799999
24.03507
16.1677999999
13.1097299999
16.00092
15.21035
19.3369999999
19.8422600001
21.70115
20.3281699999
12.4270200001
13.2872199999
19.10247
23.5376299999
21.01631
13.08522
14.2743
15.3461999999
16.18585
