20.17422
17.62681
10.7856699999
18.3597800001
14.16158
19.9268799999
9.24649000005
12.9699300001
17.29738
12.29701
21.67935
18.5401600001
21.12873
24.8098899999
22.6772599999
11.6272799999
15.15074
14.04457
13.92769
16.41759
23.0520099999
13.06403
18.1938999998
13.3682500001
22.02484
20.3859
17.4951299999
21.08982
16.2145199999
18.32549
14.45466
17.2076600001
14.23477
26.4294299999
18.8920799999
20.60276
19.16314
20.6959200001
18.73742
24.7871900001
19.80345
24.18232
18.0829
17.12389
13.40542
15.19275
21.2907199999
18.3986000001
13.07829
22.4507099999
