20.3390800001
27.8174599999
15.96052
14.0858900001
16.3884899999
24.56692
7.45921
11.18187
18.83409
20.8015500001
12.5946500001
20.2033200001
16.07063
16.1088
15.3268
23.3010600001
16.84828
13.44843
18.3563400001
17.9582199999
14.07079
18.8011800001
19.4705299999
20.88763
16.09345
22.88719
13.54816
9.66757000005
24.3282699999
19.7369
21.3401600001
11.16435
19.2611400001
18.3580700001
16.3450399999
26.8801
17.8926500001
16.98054
11.45584
17.8949000001
15.4536700001
21.9225399999
8.95684999996
42.0783499999
23.2882500001
13.9963699998
11.6675699999
17.0066
14.58131
20.6804500001
