26.9656100001
15.96851
18.9338999999
14.5609200001
15.59934
16.4312400001
10.39909
25.2287900001
21.7443899999
19.6337799999
24.81037
22.10934
19.3585199999
11.9927500001
23.5847300001
23.5356899999
9.23729000008
15.3785799999
21.18617
15.4540700001
19.4145100001
27.1347000001
18.5968100001
20.1222199999
19.4052500001
23.44177
13.5018399999
18.5465699999
24.28999
25.41175
23.48266
13.61566
12.6605400001
20.3950200001
17.0501399999
13.2451000001
28.57858
18.01156
11.39142
12.76986
20.33021
20.9319099999
23.4431499999
22.9186399999
19.4393
18.3913199999
17.3488800001
18.9020600001
18.2993200001
28.3655599999
