20.9423600001
10.7671899999
15.12528
21.99445
13.9767999999
19.68516
14.0568200001
15.04571
13.69461
20.42692
23.60526
20.84219
10.9831699999
17.21002
14.8293199999
22.8922799999
13.3672100001
10.3424199999
22.30399
10.4298100001
22.48624
14.8762899999
20.38318
12.59668
21.08341
24.90828
21.09968
19.51307
21.01799
18.9551
14.3467900001
19.65922
10.59944
18.2004699999
18.8184400001
17.20504
19.7874700001
8.69277999992
20.91553
16.08005
22.1791600001
21.78153
17.5623400001
16.05053
25.73258
17.19094
18.9773100001
13.32762
21.85051
13.6772500001
