27.45656
20.0010200001
8.81819999998
11.5382300001
19.0093100001
11.86372
18.09308
19.7129299999
25.26109
16.79177
14.6681499999
23.0717900001
18.5333299999
21.3001699999
31.15734
18.9200399999
13.81095
18.6535099999
20.43022
18.2463
19.53317
18.13506
18.8285700001
22.11954
7.39476000005
17.2704799999
15.3398600001
20.3942400001
19.07476
19.6702599999
24.06285
23.9129700001
17.8703199999
19.3636700001
18.6544400001
20.05305
16.1625
10.43793
18.24335
17.52339
14.00266
16.57066
15.8856300001
15.65787
17.57187
17.2644900001
14.9403200001
16.14179
13.3360799999
13.10706
