19.4235899999
15.4909
13.46533
9.37973000004
14.3183700001
17.37949
14.33296
16.02019
20.9758100001
12.86178
21.56235
18.71649
29.0868200001
14.8744
16.1603399999
12.9272200001
16.4932499999
22.1736300001
9.98628000007
19.31438
21.6319999999
13.8609999999
24.93035
21.44073
13.7591500001
16.45877
16.21798
18.0378500001
34.8952599999
23.90131
24.4520899999
17.55888
20.5934499999
18.83952
24.86364
15.22205
17.1207000001
12.4740299999
21.20977
11.0880700001
23.8411300001
13.3861700001
7.44806000008
16.16111
20.9844300001
15.07413
16.91212
15.6741300001
17.1817099999
17.9100899999
