10.15555
19.6151599999
14.18232
26.01424
17.3565799999
22.54693
14.7398100001
8.4482499999
21.9278399999
17.2978099999
14.62026
23.0750299999
13.3765299999
20.2607599999
16.6672199999
15.8309299999
16.67198
15.54498
14.11766
11.54671
17.97961
21.9439999999
19.19253
12.7928699999
16.39725
19.67582
26.8588600002
12.12836
22.3948700001
26.72474
19.85048
20.16883
18.03652
16.22152
15.4983799999
18.40865
16.5898000001
15.93935
15.52269
24.6046
19.41611
20.20545
20.46479
12.4335800001
29.52587
13.7011600001
23.22804
15.7790400001
15.6190899999
10.0613299999
