22.2004200001
30.12567
16.82793
18.9634399998
23.48486
11.6775
16.0879900001
10.17059
15.04856
16.4964300001
17.1528800001
29.1109099999
15.3168199999
13.2285
11.7779
15.6352500001
20.28495
19.5679900001
22.0313799999
13.62793
15.18038
21.68248
9.36099000007
14.4652699999
23.2375300002
21.6603999999
14.23474
14.3286499999
12.624
11.2789200001
18.7021
19.87211
21.43247
11.2168800001
9.77196000004
15.7666099999
10.5878000001
17.82001
21.40466
11.0122799999
20.177
18.5309899999
22.90278
13.55535
17.3059399999
17.8681300001
23.59594
27.16316
18.17926
15.09754
