20.71826
13.4833199999
15.3896900001
22.10111
65.8393700001
23.6336600001
11.14579
13.67365
11.9275300001
19.34878
23.22121
23.6396300001
15.48003
22.2608
19.7375200001
6.45028999995
20.86372
17.539
16.73641
23.5971899999
21.0593799999
28.7567800001
21.1470400001
22.9631899999
19.9213500001
30.86152
11.58956
56.18296
21.62604
9.69542999996
18.6645900001
16.6985700001
18.38269
19.68649
17.78399
24.4034999999
14.89506
15.3582499999
26.27341
14.48612
8.70746999991
22.72398
18.4799799999
18.709
30.2741299999
33.5462400001
20.2970499999
9.21442999993
21.69348
29.59996
