26.7582099999
26.2588600001
15.74063
14.7821399999
20.2938700001
22.0073300001
17.99827
14.6037
21.8635700002
9.94420999999
17.64056
17.46913
22.90807
10.92427
23.53646
15.80901
18.56917
19.3277599999
13.37173
14.6694599999
18.6307600001
9.22748999996
26.8476400001
21.4739400001
17.81324
28.79111
10.1229300001
10.29873
23.33516
18.44562
17.92055
17.3270700001
15.5752
21.0182099999
20.24716
32.31652
18.95733
17.42863
13.9092900001
6.39215000009
18.4345099998
13.97747
26.87135
11.3982800001
27.74751
16.4901999999
29.6934600001
16.67337
24.1448999998
23.7720599999
