30.1645500001
18.53946
11.4169199999
18.9306699999
7.12633
24.87853
20.6546100001
25.1571799999
20.8675999999
19.17874
16.7654700001
21.9837699999
19.90746
19.00567
20.5213400001
19.9207699999
6.89304999996
8.32698999997
23.12395
6.64249
24.92271
17.56174
22.16525
30.334
19.34023
20.06498
16.5159
14.67197
20.31143
9.29847000004
11.4938599999
19.5571800001
24.0403700001
20.34589
17.51258
17.31605
12.6753
21.0523100001
14.9687699999
23.26539
20.1900999999
15.80697
22.0762199999
26.7675799999
29.8265499999
16.82065
10.30607
17.6970500001
21.6998399999
18.73298
