19.86366
13.19936
19.25817
19.52141
10.32119
19.1855200001
16.09913
15.2682
13.52811
19.9019999999
8.23828000005
73.3120200001
16.2910000001
17.1762699999
25.29718
14.8202599999
25.49127
17.2994200001
15.90411
22.9020800001
10.0896900001
40.3773699999
17.56186
24.6714700001
18.79489
25.8867500001
16.4966600001
16.02945
8.86092000001
16.0666499999
16.1289700001
16.1024300001
15.07999
16.80455
12.6625900001
27.26627
25.46936
20.8689699998
13.79736
10.97821
20.49763
17.3117300001
24.5769
14.70923
11.22951
11.1339899999
19.31468
5.04248999991
8.08464000002
15.31747
