19.80063
65.4717100001
13.83842
15.33586
20.46639
26.54243
19.2832699999
13.58933
22.3175199999
17.21019
13.5475699999
13.6595599999
18.49634
21.26825
24.12991
20.6668799999
20.67359
20.0006800001
15.1541200001
18.7084599999
18.4827699999
23.6871100001
11.96071
14.16599
15.7485699999
8.42392000009
16.69673
18.89428
20.41476
21.38949
20.5640199999
27.19602
25.8368399999
17.34825
24.6768
22.3990100001
14.2298099999
22.92478
30.35155
22.02356
20.9446
20.38541
17.6346199999
20.1376199999
32.9405400001
7.51069000002
18.36378
26.26649
18.0499100001
20.9303299999
