14.3216199999
22.15145
13.4134300001
27.4088000001
25.8294999999
17.9404899999
16.01807
13.4223200001
19.93504
21.9937000001
16.03303
20.53935
14.84008
14.9709999999
7.84831999999
8.13760999998
18.42831
21.0642400001
21.19271
23.0030600001
29.2648400001
9.75815000001
13.28185
11.50813
13.50987
14.82421
22.5553799999
23.5277099999
17.3298299999
21.15124
11.1800200001
19.3305000002
21.2043399999
16.53363
16.3717200001
18.94671
14.6517800001
21.2130599999
9.36494999996
22.90966
21.25457
22.9138599999
27.02835
17.8780799999
26.3840699999
17.6554099999
20.64326
21.55652
18.5859300001
16.8194799999
