15.27431
14.6101599999
15.9063599999
6.96172000002
8.61275999993
24.1167899999
15.7198999999
21.9609299999
28.8345100001
12.1197299999
8.59971999994
22.31204
12.9944999999
24.3489699999
14.8854100001
15.56595
15.04701
24.90539
22.37008
11.08812
13.9251399999
22.7793800001
16.57568
17.25621
18.3358699998
19.15192
32.68118
11.24144
19.44345
16.3036199999
15.19053
5.25822999992
17.37922
34.1919399998
17.5504000001
20.31431
20.0104599999
18.70819
16.7356199999
18.2398100001
19.7344000001
32.19256
18.0612400001
10.0041199999
22.09825
16.5316799998
16.83634
12.74064
20.97983
20.6827499999
