15.6052699999
14.1834899999
29.56537
21.4119899999
11.4537600001
15.3906500002
15.5790199999
10.60003
25.12123
15.7175900001
14.24939
22.9517100001
17.06365
11.68302
14.9286400002
13.69828
6.26697999996
12.14581
23.5493899999
21.0025299999
15.6519300001
14.8578999999
17.67165
19.47697
24.7467200001
16.6651600001
18.07976
10.47374
22.54391
18.3658899999
8.24970000004
20.7705800001
20.7357099999
11.8309599999
18.22736
15.52766
18.15763
14.26627
16.24972
23.16975
24.17432
19.93805
19.32767
8.54876999999
18.7805
10.3198000001
7.89752999996
21.98904
12.3544299999
20.1177599999
