20.58623
17.3601500001
17.5632900002
18.43999
24.01589
16.7941599999
14.8317
10.8313900001
18.9624399999
17.86333
17.65786
8.2379699999
18.1310000001
24.10459
16.97754
19.5185
10.0406399999
29.02645
24.0743100001
6.0750699999
23.96248
19.6551300001
16.81011
27.21265
15.9828999999
16.2158300001
14.325
108.65988
20.2362900001
11.0651299999
15.65923
18.45553
17.94658
24.2731399999
10.8626699999
8.65194999997
23.99783
10.07313
16.0073000001
15.97925
20.62677
19.62373
10.4148799999
14.69033
16.4408099999
17.0033699999
23.92029
16.35775
22.9724200001
14.6685099999
