17.7284700001
11.7447600001
23.7751900001
25.58442
19.4039
21.0287200001
22.8158499999
15.8947299999
12.5915300001
17.3128600001
21.3854799999
26.1110299999
13.4380000001
11.3136199999
9.79385000002
6.88145999995
22.71343
21.05183
17.9396400001
24.85327
15.67661
20.0926899998
32.47457
10.59905
46.17048
16.9046400001
26.78128
18.53468
17.94173
20.3918
14.30171
19.78475
16.65943
14.4896800001
18.4460900001
25.64868
56.26593
21.55736
21.1203800001
22.8386400001
9.75135999999
15.12788
25.0796000001
14.49583
15.03879
15.7334500001
20.22419
17.3500399998
18.3852499999
13.07915
