16.56196
6.10112000001
22.5300200001
20.45175
21.70337
14.0652299999
14.69663
15.2744199999
18.80383
8.55775000004
17.0460599998
12.71874
14.5413800001
15.67339
10.47405
19.18778
7.00286999997
23.60936
8.83180000004
20.2831199999
6.55689999997
7.76799000008
17.1023499999
8.29168999998
16.33716
11.6210599999
22.2307600002
14.74261
16.2400100001
19.32737
21.7389100001
11.13469
23.75533
15.9608700001
21.3315
21.9627500001
16.6676400001
10.30881
16.2854599999
13.06678
15.1358500001
25.4317099999
20.5540700001
40.1589999999
14.7415199999
14.72379
12.09603
16.09901
18.95748
14.00053
