27.64354
10.0425100001
20.4726799999
19.30836
25.0887
17.08264
19.4143399999
13.3275700001
11.8659999999
22.82065
14.0324500001
18.66454
14.7239
18.03536
27.74451
60.69443
12.74378
25.95215
18.61599
21.40813
15.3269599999
18.4434399999
17.22526
20.25465
19.7560999999
17.3460200001
14.54192
36.5355800001
12.0267299999
18.4959999999
22.96846
10.32684
17.4746599999
11.18007
22.48954
20.9904
9.67174999998
22.6768
19.9283400001
21.1991400002
23.1986299999
15.9341099999
10.5514799999
14.63506
32.4279700001
11.74405
25.30053
13.4994300001
12.04655
17.3207599999
