22.3709300001
13.5215400001
13.9221600001
12.09592
21.645
15.20791
15.19316
44.64039
14.0073899999
21.58011
19.4279
19.9407200001
22.24499
18.3586300001
18.2397799999
17.12382
15.97824
8.47196
5.99156999995
42.3976400001
17.02052
8.23616000009
20.5893
17.28785
17.18635
6.76476000005
19.4715400001
23.71585
14.98164
18.9737000001
8.62125999993
20.31384
11.4224299998
20.90248
32.7066800001
16.93045
17.04119
14.28067
25.87451
17.23707
23.95729
9.82605999988
22.9333499999
13.68564
18.7762499999
17.2131000001
18.87728
18.73336
27.10691
27.2151
