19.6802299999
29.2379499999
20.77127
17.09193
18.4593500001
22.0155099999
21.4378399999
16.8780899998
16.1092699999
14.3145399999
20.90929
52.3439399999
18.3195
25.1538800001
33.7210500001
12.66669
11.6368100001
16.2154399999
20.7659400001
13.59468
13.60122
142.32286
20.31238
17.11653
10.536
24.7587899999
26.7494
17.17769
24.044
17.87827
23.37446
19.75086
14.72699
9.17659000005
17.16828
4.64395000006
19.41021
15.67156
24.9445
19.77802
5.08116000006
15.47098
21.96175
13.5982700001
15.9757
48.3195099999
24.65674
23.4227999999
16.9645199999
14.6993800001
