22.32593
20.90642
24.6446799999
19.8946400001
20.3689799999
15.84078
21.64255
15.98018
13.90021
11.52695
15.77
21.5212099999
24.4070100001
16.68346
23.74794
19.1400199999
10.6332200001
17.6603
10.8550800001
17.9167099999
29.0274299999
17.56498
18.0332599999
20.9517900001
21.79287
15.68742
16.8801600002
20.4890899999
16.28808
18.3159100001
23.0856999999
17.0322900001
29.83655
17.2941899999
16.3502999999
13.3768200001
16.7085900001
15.4114100001
15.0326
18.9338999998
22.53263
18.8517100001
19.2164499999
18.90808
23.50397
13.63179
18.1137699999
22.1007200001
7.38373
21.9654499999
