16.0861900001
16.8632400001
15.81441
180.85651
24.1194800001
19.8681399999
19.9074500001
16.73092
12.4332300001
12.67165
23.9527499999
12.8385599999
17.9953299999
9.49964000005
17.1311500001
19.05366
18.1757600001
10.4728400001
8.65269999998
13.44767
20.82999
16.5700900001
16.43886
22.4334000001
9.40865
21.01043
20.10414
11.4289699999
7.78758999996
12.86899
11.36552
11.4484799999
16.31473
19.13576
7.94885000004
17.2615
26.79301
15.48549
19.4052700001
18.1614699999
19.7602800002
19.03547
16.94513
13.4946800001
11.9321699999
20.8609499999
15.5733
22.8505300001
23.5210099999
18.9018399999
