30.1645500001
18.53946
11.4169199999
18.9306699999
7.12633
24.87853
20.6546100001
25.1571799999
20.8675999999
19.17874
16.7654700001
21.9837699999
19.90746
19.00567
20.5213400001
19.9207699999
6.89304999996
8.32698999997
23.12395
6.64249
24.92271
17.56174
22.16525
30.334
19.34023
20.06498
16.5159
14.67197
20.31143
9.29847000004
11.4938599999
19.5571800001
24.0403700001
20.34589
17.51258
17.31605
12.6753
21.0523100001
14.9687699999
23.26539
20.1900999999
15.80697
22.0762199999
26.7675799999
29.8265499999
16.82065
10.30607
17.6970500001
21.6998399999
18.73298
19.80063
65.4717100001
13.83842
15.33586
20.46639
26.54243
19.2832699999
13.58933
22.3175199999
17.21019
13.5475699999
13.6595599999
18.49634
21.26825
24.12991
20.6668799999
20.67359
20.0006800001
15.1541200001
18.7084599999
18.4827699999
23.6871100001
11.96071
14.16599
15.7485699999
8.42392000009
16.69673
18.89428
20.41476
21.38949
20.5640199999
27.19602
25.8368399999
17.34825
24.6768
22.3990100001
14.2298099999
22.92478
30.35155
22.02356
20.9446
20.38541
17.6346199999
20.1376199999
32.9405400001
7.51069000002
18.36378
26.26649
18.0499100001
20.9303299999
14.3216199999
22.15145
13.4134300001
27.4088000001
25.8294999999
17.9404899999
16.01807
13.4223200001
19.93504
21.9937000001
16.03303
20.53935
14.84008
14.9709999999
7.84831999999
8.13760999998
18.42831
21.0642400001
21.19271
23.0030600001
29.2648400001
9.75815000001
13.28185
11.50813
13.50987
14.82421
22.5553799999
23.5277099999
17.3298299999
21.15124
11.1800200001
19.3305000002
21.2043399999
16.53363
16.3717200001
18.94671
14.6517800001
21.2130599999
9.36494999996
22.90966
21.25457
22.9138599999
27.02835
17.8780799999
26.3840699999
17.6554099999
20.64326
21.55652
18.5859300001
16.8194799999
19.0152499999
21.6074799999
22.52816
12.4683900001
11.6473400001
15.139
18.26158
23.3856800001
14.5426900001
20.21618
19.32401
16.9318200001
18.40084
16.6505200001
22.6454299999
14.9082900001
13.12115
8.25208999997
22.78532
17.8742900001
15.92639
20.20371
17.2663200001
5.41998000001
21.56572
14.2126699999
18.1335999999
7.11607999995
19.86283
18.61091
15.88966
25.93756
19.17796
18.14881
19.9347600001
10.45005
16.79839
25.96047
15.0023000001
24.89816
21.78773
17.2581099998
19.36283
19.59604
94.14266
20.7686900001
18.9885
18.0954100001
9.77478000009
16.2709899999
19.86366
13.19936
19.25817
19.52141
10.32119
19.1855200001
16.09913
15.2682
13.52811
19.9019999999
8.23828000005
73.3120200001
16.2910000001
17.1762699999
25.29718
14.8202599999
25.49127
17.2994200001
15.90411
22.9020800001
10.0896900001
40.3773699999
17.56186
24.6714700001
18.79489
25.8867500001
16.4966600001
16.02945
8.86092000001
16.0666499999
16.1289700001
16.1024300001
15.07999
16.80455
12.6625900001
27.26627
25.46936
20.8689699998
13.79736
10.97821
20.49763
17.3117300001
24.5769
14.70923
11.22951
11.1339899999
19.31468
5.04248999991
8.08464000002
15.31747
15.6052699999
14.1834899999
29.56537
21.4119899999
11.4537600001
15.3906500002
15.5790199999
10.60003
25.12123
15.7175900001
14.24939
22.9517100001
17.06365
11.68302
14.9286400002
13.69828
6.26697999996
12.14581
23.5493899999
21.0025299999
15.6519300001
14.8578999999
17.67165
19.47697
24.7467200001
16.6651600001
18.07976
10.47374
22.54391
18.3658899999
8.24970000004
20.7705800001
20.7357099999
11.8309599999
18.22736
15.52766
18.15763
14.26627
16.24972
23.16975
24.17432
19.93805
19.32767
8.54876999999
18.7805
10.3198000001
7.89752999996
21.98904
12.3544299999
20.1177599999
16.06702
8.22187999997
19.32267
12.5891600001
15.16053
19.7400799999
16.97588
12.4211899999
16.98046
15.9748099999
24.07095
20.16111
20.0185100001
12.8899
14.3843700001
17.73052
23.4724499999
19.5693699999
22.5930399999
16.3199
18.0880100001
14.57721
28.30289
22.0533200001
36.32197
17.30138
27.90918
5.17709999997
17.61399
22.94499
10.39967
11.87553
16.44638
9.85861
21.58059
13.4152400002
19.69092
23.54813
17.4661400001
13.7338299999
23.6188500001
17.6654799997
60.15402
21.33133
22.86136
23.5632600001
21.1011499999
16.02818
27.4099099999
18.63974
17.7284700001
11.7447600001
23.7751900001
25.58442
19.4039
21.0287200001
22.8158499999
15.8947299999
12.5915300001
17.3128600001
21.3854799999
26.1110299999
13.4380000001
11.3136199999
9.79385000002
6.88145999995
22.71343
21.05183
17.9396400001
24.85327
15.67661
20.0926899998
32.47457
10.59905
46.17048
16.9046400001
26.78128
18.53468
17.94173
20.3918
14.30171
19.78475
16.65943
14.4896800001
18.4460900001
25.64868
56.26593
21.55736
21.1203800001
22.8386400001
9.75135999999
15.12788
25.0796000001
14.49583
15.03879
15.7334500001
20.22419
17.3500399998
18.3852499999
13.07915
16.0861900001
16.8632400001
15.81441
180.85651
24.1194800001
19.8681399999
19.9074500001
16.73092
12.4332300001
12.67165
23.9527499999
12.8385599999
17.9953299999
9.49964000005
17.1311500001
19.05366
18.1757600001
10.4728400001
8.65269999998
13.44767
20.82999
16.5700900001
16.43886
22.4334000001
9.40865
21.01043
20.10414
11.4289699999
7.78758999996
12.86899
11.36552
11.4484799999
16.31473
19.13576
7.94885000004
17.2615
26.79301
15.48549
19.4052700001
18.1614699999
19.7602800002
19.03547
16.94513
13.4946800001
11.9321699999
20.8609499999
15.5733
22.8505300001
23.5210099999
18.9018399999
7.37260999996
15.0444799999
8.28469000012
13.34554
13.40142
13.12743
17.6802300001
24.96858
20.5235299999
19.7597399999
21.2848400001
21.8991
19.7895000001
21.5681400001
22.1851700002
29.0819700002
18.79016
14.77677
11.22106
17.85685
17.221
19.08958
18.5219800001
22.53318
16.8193699999
23.57484
10.92146
60.3473
20.43611
19.68942
28.6418000001
6.29640999995
20.46712
18.57411
5.45143999998
10.3314
19.4690899999
20.76362
20.85294
20.4672300001
16.0775799999
16.3527899999
12.7332200001
19.8851
8.43588000012
16.2496900001
18.1583400001
27.1799000001
9.62712999992
23.0721299999
26.7582099999
26.2588600001
15.74063
14.7821399999
20.2938700001
22.0073300001
17.99827
14.6037
21.8635700002
9.94420999999
17.64056
17.46913
22.90807
10.92427
23.53646
15.80901
18.56917
19.3277599999
13.37173
14.6694599999
18.6307600001
9.22748999996
26.8476400001
21.4739400001
17.81324
28.79111
10.1229300001
10.29873
23.33516
18.44562
17.92055
17.3270700001
15.5752
21.0182099999
20.24716
32.31652
18.95733
17.42863
13.9092900001
6.39215000009
18.4345099998
13.97747
26.87135
11.3982800001
27.74751
16.4901999999
29.6934600001
16.67337
24.1448999998
23.7720599999
16.56196
6.10112000001
22.5300200001
20.45175
21.70337
14.0652299999
14.69663
15.2744199999
18.80383
8.55775000004
17.0460599998
12.71874
14.5413800001
15.67339
10.47405
19.18778
7.00286999997
23.60936
8.83180000004
20.2831199999
6.55689999997
7.76799000008
17.1023499999
8.29168999998
16.33716
11.6210599999
22.2307600002
14.74261
16.2400100001
19.32737
21.7389100001
11.13469
23.75533
15.9608700001
21.3315
21.9627500001
16.6676400001
10.30881
16.2854599999
13.06678
15.1358500001
25.4317099999
20.5540700001
40.1589999999
14.7415199999
14.72379
12.09603
16.09901
18.95748
14.00053
22.3709300001
13.5215400001
13.9221600001
12.09592
21.645
15.20791
15.19316
44.64039
14.0073899999
21.58011
19.4279
19.9407200001
22.24499
18.3586300001
18.2397799999
17.12382
15.97824
8.47196
5.99156999995
42.3976400001
17.02052
8.23616000009
20.5893
17.28785
17.18635
6.76476000005
19.4715400001
23.71585
14.98164
18.9737000001
8.62125999993
20.31384
11.4224299998
20.90248
32.7066800001
16.93045
17.04119
14.28067
25.87451
17.23707
23.95729
9.82605999988
22.9333499999
13.68564
18.7762499999
17.2131000001
18.87728
18.73336
27.10691
27.2151
20.71826
13.4833199999
15.3896900001
22.10111
65.8393700001
23.6336600001
11.14579
13.67365
11.9275300001
19.34878
23.22121
23.6396300001
15.48003
22.2608
19.7375200001
6.45028999995
20.86372
17.539
16.73641
23.5971899999
21.0593799999
28.7567800001
21.1470400001
22.9631899999
19.9213500001
30.86152
11.58956
56.18296
21.62604
9.69542999996
18.6645900001
16.6985700001
18.38269
19.68649
17.78399
24.4034999999
14.89506
15.3582499999
26.27341
14.48612
8.70746999991
22.72398
18.4799799999
18.709
30.2741299999
33.5462400001
20.2970499999
9.21442999993
21.69348
29.59996
27.64354
10.0425100001
20.4726799999
19.30836
25.0887
17.08264
19.4143399999
13.3275700001
11.8659999999
22.82065
14.0324500001
18.66454
14.7239
18.03536
27.74451
60.69443
12.74378
25.95215
18.61599
21.40813
15.3269599999
18.4434399999
17.22526
20.25465
19.7560999999
17.3460200001
14.54192
36.5355800001
12.0267299999
18.4959999999
22.96846
10.32684
17.4746599999
11.18007
22.48954
20.9904
9.67174999998
22.6768
19.9283400001
21.1991400002
23.1986299999
15.9341099999
10.5514799999
14.63506
32.4279700001
11.74405
25.30053
13.4994300001
12.04655
17.3207599999
20.58623
17.3601500001
17.5632900002
18.43999
24.01589
16.7941599999
14.8317
10.8313900001
18.9624399999
17.86333
17.65786
8.2379699999
18.1310000001
24.10459
16.97754
19.5185
10.0406399999
29.02645
24.0743100001
6.0750699999
23.96248
19.6551300001
16.81011
27.21265
15.9828999999
16.2158300001
14.325
108.65988
20.2362900001
11.0651299999
15.65923
18.45553
17.94658
24.2731399999
10.8626699999
8.65194999997
23.99783
10.07313
16.0073000001
15.97925
20.62677
19.62373
10.4148799999
14.69033
16.4408099999
17.0033699999
23.92029
16.35775
22.9724200001
14.6685099999
19.6802299999
29.2379499999
20.77127
17.09193
18.4593500001
22.0155099999
21.4378399999
16.8780899998
16.1092699999
14.3145399999
20.90929
52.3439399999
18.3195
25.1538800001
33.7210500001
12.66669
11.6368100001
16.2154399999
20.7659400001
13.59468
13.60122
142.32286
20.31238
17.11653
10.536
24.7587899999
26.7494
17.17769
24.044
17.87827
23.37446
19.75086
14.72699
9.17659000005
17.16828
4.64395000006
19.41021
15.67156
24.9445
19.77802
5.08116000006
15.47098
21.96175
13.5982700001
15.9757
48.3195099999
24.65674
23.4227999999
16.9645199999
14.6993800001
15.27431
14.6101599999
15.9063599999
6.96172000002
8.61275999993
24.1167899999
15.7198999999
21.9609299999
28.8345100001
12.1197299999
8.59971999994
22.31204
12.9944999999
24.3489699999
14.8854100001
15.56595
15.04701
24.90539
22.37008
11.08812
13.9251399999
22.7793800001
16.57568
17.25621
18.3358699998
19.15192
32.68118
11.24144
19.44345
16.3036199999
15.19053
5.25822999992
17.37922
34.1919399998
17.5504000001
20.31431
20.0104599999
18.70819
16.7356199999
18.2398100001
19.7344000001
32.19256
18.0612400001
10.0041199999
22.09825
16.5316799998
16.83634
12.74064
20.97983
20.6827499999
22.32593
20.90642
24.6446799999
19.8946400001
20.3689799999
15.84078
21.64255
15.98018
13.90021
11.52695
15.77
21.5212099999
24.4070100001
16.68346
23.74794
19.1400199999
10.6332200001
17.6603
10.8550800001
17.9167099999
29.0274299999
17.56498
18.0332599999
20.9517900001
21.79287
15.68742
16.8801600002
20.4890899999
16.28808
18.3159100001
23.0856999999
17.0322900001
29.83655
17.2941899999
16.3502999999
13.3768200001
16.7085900001
15.4114100001
15.0326
18.9338999998
22.53263
18.8517100001
19.2164499999
18.90808
23.50397
13.63179
18.1137699999
22.1007200001
7.38373
21.9654499999
19.3481200001
25.9720299999
12.5643099999
15.20584
19.61496
21.07539
10.07909
18.44747
17.09932
8.41775000002
19.6574600001
16.10295
17.89157
16.833
16.16633
18.48155
18.49248
19.1222400001
18.8033800001
22.93539
15.99415
16.8038199999
22.2446300001
15.28928
16.01639
12.74586
21.69946
18.65917
17.4111499999
13.61646
20.7485800001
23.0546799999
12.5750599999
19.67695
20.1404799999
20.3323099999
14.96481
15.0596200001
18.70565
13.57624
15.3102600001
9.74740000011
33.14076
30.39981
22.7994400001
10.6918499998
16.1912400001
14.5863400002
24.30438
15.9613500001
