16.06702
8.22187999997
19.32267
12.5891600001
15.16053
19.7400799999
16.97588
12.4211899999
16.98046
15.9748099999
24.07095
20.16111
20.0185100001
12.8899
14.3843700001
17.73052
23.4724499999
19.5693699999
22.5930399999
16.3199
18.0880100001
14.57721
28.30289
22.0533200001
36.32197
17.30138
27.90918
5.17709999997
17.61399
22.94499
10.39967
11.87553
16.44638
9.85861
21.58059
13.4152400002
19.69092
23.54813
17.4661400001
13.7338299999
23.6188500001
17.6654799997
60.15402
21.33133
22.86136
23.5632600001
21.1011499999
16.02818
27.4099099999
18.63974
