7.37260999996
15.0444799999
8.28469000012
13.34554
13.40142
13.12743
17.6802300001
24.96858
20.5235299999
19.7597399999
21.2848400001
21.8991
19.7895000001
21.5681400001
22.1851700002
29.0819700002
18.79016
14.77677
11.22106
17.85685
17.221
19.08958
18.5219800001
22.53318
16.8193699999
23.57484
10.92146
60.3473
20.43611
19.68942
28.6418000001
6.29640999995
20.46712
18.57411
5.45143999998
10.3314
19.4690899999
20.76362
20.85294
20.4672300001
16.0775799999
16.3527899999
12.7332200001
19.8851
8.43588000012
16.2496900001
18.1583400001
27.1799000001
9.62712999992
23.0721299999
