19.0152499999
21.6074799999
22.52816
12.4683900001
11.6473400001
15.139
18.26158
23.3856800001
14.5426900001
20.21618
19.32401
16.9318200001
18.40084
16.6505200001
22.6454299999
14.9082900001
13.12115
8.25208999997
22.78532
17.8742900001
15.92639
20.20371
17.2663200001
5.41998000001
21.56572
14.2126699999
18.1335999999
7.11607999995
19.86283
18.61091
15.88966
25.93756
19.17796
18.14881
19.9347600001
10.45005
16.79839
25.96047
15.0023000001
24.89816
21.78773
17.2581099998
19.36283
19.59604
94.14266
20.7686900001
18.9885
18.0954100001
9.77478000009
16.2709899999
