19.3481200001
25.9720299999
12.5643099999
15.20584
19.61496
21.07539
10.07909
18.44747
17.09932
8.41775000002
19.6574600001
16.10295
17.89157
16.833
16.16633
18.48155
18.49248
19.1222400001
18.8033800001
22.93539
15.99415
16.8038199999
22.2446300001
15.28928
16.01639
12.74586
21.69946
18.65917
17.4111499999
13.61646
20.7485800001
23.0546799999
12.5750599999
19.67695
20.1404799999
20.3323099999
14.96481
15.0596200001
18.70565
13.57624
15.3102600001
9.74740000011
33.14076
30.39981
22.7994400001
10.6918499998
16.1912400001
14.5863400002
24.30438
15.9613500001
