7.86236999999
12.613
21.84666
7.32146000012
15.69459
18.08243
12.22783
17.88807
16.5963399999
13.74093
8.78428000002
20.83027
15.48013
9.06989000004
15.39926
19.82897
14.68083
19.9491999999
29.6102199999
7.27963999996
14.8920400001
16.64908
19.1916500001
22.0243200001
12.4696099999
12.26402
13.61881
16.7071
15.72361
19.0677200001
27.35474
17.79029
18.4850199999
19.63766
23.38934
7.41892000008
33.7069399999
12.31326
7.5589399999
18.2341600001
15.7946500001
14.4893900001
28.2004399999
20.6402700001
11.4007
13.50082
20.3428099999
6.28902999999
32.0397500001
15.59641
