16.98221
10.3362200001
10.79729
11.67652
11.3408499999
17.0956599999
19.48842
7.49600999989
13.8692700001
10.09371
20.0814500001
31.01063
12.58572
16.33029
42.7862600001
23.7425000001
14.54672
16.0599399999
4.84540999995
17.4599200001
13.67591
20.03591
15.18701
29.9112200001
19.92019
16.9959300001
14.2875799999
13.9556
17.7289699999
11.3362
16.65984
8.27369000006
20.3403
11.80452
9.85002999986
16.6225599999
12.92778
12.58658
12.993
7.60260999994
5.32440000004
18.96176
15.51298
19.45306
11.2438299999
66.6967900001
6.92841000005
13.7127799999
7.92056
23.1467800001
