12.8631799999
11.4996699999
11.49412
17.48915
21.6111499999
19.57498
12.26498
22.21242
7.22993999999
15.36362
15.2082400001
29.74206
11.69281
12.8065099999
7.46975999989
11.46069
26.23726
30.39471
14.7310799999
14.2874499999
13.3239099999
8.52412000007
14.1598
9.33574000001
12.33065
17.09081
23.4607299999
17.0252099999
11.1491100001
6.45607000007
17.0873500002
18.60302
20.01333
26.55953
11.8382699999
13.66727
10.5898600001
10.30461
14.98063
16.3494800001
14.5373900001
10.3378699999
9.8194700001
30.1744100001
10.67161
12.5991999999
17.3419300001
13.36898
10.24882
8.95345999999
