10.0503700001
7.87873
9.54163999995
12.0377
8.47762999998
17.2835499998
7.37971000001
16.53955
15.11931
9.28350999998
27.6917699999
17.1552200001
37.71047
21.13576
17.8344599999
7.08134999999
13.0321600001
17.03345
20.4270200001
34.6558200001
20.3170500001
12.8231699999
11.41188
19.5876499999
21.2307399999
10.51646
18.77379
28.10312
21.2119900001
13.22505
16.44805
19.35029
24.34398
19.4766599999
17.7045400001
11.2002899999
7.19170000008
11.47999
20.77536
21.40316
18.41442
12.7614399999
21.5035100002
19.68875
18.8244200001
13.0806000001
17.2431600001
16.9775900001
15.29612
21.2924499999
