26.13325
13.57761
17.4591200001
21.7087900001
18.64139
18.5407
13.58207
20.15929
13.38023
10.09546
14.14625
11.9534200002
40.3000099999
14.8262300001
10.60609
14.3964200001
12.63848
15.47323
22.0522299999
15.52121
11.8635900001
20.7637
6.28148000012
8.23112000001
20.1267499999
13.79458
17.96154
23.2784399999
5.05605999997
12.86781
11.7609400001
17.2260599999
19.3846
9.24580999999
21.3382300001
21.94882
16.7970500001
6.82727999997
19.7788600001
19.0864700001
16.2724200001
15.7948499999
16.58017
14.7794200002
16.6469500001
13.5404500001
14.10938
7.15338999999
15.9145300001
8.36633999995
