3.56226999999
10.8091200001
11.3176300001
17.00243
18.17576
18.2853999999
7.96642999991
16.8775800001
26.09979
14.36951
15.7870499999
18.42304
14.8160199999
20.8297400001
11.3403500001
53.63504
26.13143
21.0461400001
13.27971
13.22399
10.20146
20.17245
13.5465799998
18.43386
11.2741200001
23.3260900001
17.30224
12.0752600001
13.7050600001
25.4019699999
17.1829200001
23.0133500001
17.3723800001
7.79303000006
8.29586999991
17.9162600002
9.89341000002
24.9156199999
18.06363
14.01826
13.4085199999
15.4063599999
10.6355399999
16.5775400001
25.0626599999
22.13977
18.89429
11.4086999999
3.92690000008
11.5603800002
