15.5015400001
11.72017
27.25294
26.17845
24.25275
19.7899
12.03073
11.3941499999
20.88819
15.2334
19.9950400001
16.60641
9.22547999991
20.49547
12.6387499999
20.5176000001
16.17362
11.1253999999
13.91801
10.35266
21.3400500001
5.86921000003
12.18817
16.8888099999
11.30536
9.40912999993
9.62109000003
19.21418
22.93084
24.91424
14.76115
14.2181400001
9.27309000003
12.9016799999
15.7716699999
20.4118400001
18.42912
16.39449
23.6097499999
13.9570399999
14.0899
9.55660999997
21.66527
9.31695000001
16.78603
20.9778799999
8.87183000008
19.8440899999
9.98505999998
45.9666599999
