12.61934
27.5756800001
7.94493
17.3714099999
15.0470900001
18.4239800001
8.0067100001
20.13524
22.8386199999
14.58186
20.9956199998
19.1648500001
19.01643
39.71875
12.7755100001
24.1886799999
14.01124
24.6679999999
8.60986999993
14.2557399999
16.36988
25.43952
44.2434899999
11.78799
23.52431
14.70011
16.4783900001
10.0337099999
11.92608
21.6040500001
26.2204999999
11.33098
13.29557
11.84986
19.0180899999
16.07755
9.50245999999
20.12454
22.9055699999
17.88485
18.4384800001
18.8313099999
21.6945900001
27.1674799999
11.64948
30.8285499999
16.54041
9.7059399999
15.39796
12.38119
