6.78378000006
32.75729
20.9289699999
10.68085
8.62467000005
13.3404300001
11.9962200001
10.7190500001
20.03903
20.3747800001
20.45498
22.0063
14.07474
7.40670000005
9.83764000004
15.1569300001
5.60503000009
11.73694
22.8352399999
18.3355099999
24.0751299999
20.90912
14.92104
30.94442
13.0054700001
13.6092500001
9.97344999993
22.692
14.0912499999
13.4677800001
17.9300800001
18.7903300001
17.18452
7.29217000003
13.3951600001
23.09022
11.1322
17.6014600002
12.4145499999
20.39293
6.50926999992
21.15903
24.9262099999
10.9164699999
10.7722599999
21.31142
13.63766
22.22474
28.08106
7.75782000006
