10.2653600001
15.8722
19.0472
17.5808699999
19.4119600001
20.7965200001
15.14648
9.24232999992
17.18939
8.28006000002
19.3811699999
13.7953
13.6801600001
21.9542400001
16.8648100001
12.6372900001
13.8076599999
11.4487899999
21.43378
12.4110300001
15.2358300001
11.6243200001
10.3200600001
11.5316399999
21.7184900001
16.7106999999
22.1766400001
11.78254
22.48218
12.49986
16.0274199999
18.15698
25.2408599998
18.9645
18.6176500001
18.9985400001
20.69313
11.67791
17.9624
8.58967000002
15.8806699999
12.26662
17.51356
28.80775
56.9097
9.29749999999
5.93945000006
17.2135200001
22.49468
13.3794799999
17.4463300001
14.6642400001
11.8906800002
9.99144999997
19.71993
17.3451500001
24.71707
6.23305000004
10.05998
14.17906
11.374
5.85311999999
11.1229
35.85534
17.2401400001
12.8986099999
13.25747
13.7978300001
5.71846999996
15.3236300001
13.6959199999
21.9288400001
18.9801899999
13.8718300001
16.2232
20.7714200001
21.74947
23.1947100001
15.56727
14.9808200001
12.23424
16.1542000001
15.1917099999
19.9223900001
13.05003
10.9122
18.2979400001
14.59276
16.00291
18.51879
14.19059
12.84614
22.00504
16.7083099999
17.74638
14.2301299999
22.64747
13.1860399999
21.07932
6.90986999997
10.0503700001
7.87873
9.54163999995
12.0377
8.47762999998
17.2835499998
7.37971000001
16.53955
15.11931
9.28350999998
27.6917699999
17.1552200001
37.71047
21.13576
17.8344599999
7.08134999999
13.0321600001
17.03345
20.4270200001
34.6558200001
20.3170500001
12.8231699999
11.41188
19.5876499999
21.2307399999
10.51646
18.77379
28.10312
21.2119900001
13.22505
16.44805
19.35029
24.34398
19.4766599999
17.7045400001
11.2002899999
7.19170000008
11.47999
20.77536
21.40316
18.41442
12.7614399999
21.5035100002
19.68875
18.8244200001
13.0806000001
17.2431600001
16.9775900001
15.29612
21.2924499999
26.13325
13.57761
17.4591200001
21.7087900001
18.64139
18.5407
13.58207
20.15929
13.38023
10.09546
14.14625
11.9534200002
40.3000099999
14.8262300001
10.60609
14.3964200001
12.63848
15.47323
22.0522299999
15.52121
11.8635900001
20.7637
6.28148000012
8.23112000001
20.1267499999
13.79458
17.96154
23.2784399999
5.05605999997
12.86781
11.7609400001
17.2260599999
19.3846
9.24580999999
21.3382300001
21.94882
16.7970500001
6.82727999997
19.7788600001
19.0864700001
16.2724200001
15.7948499999
16.58017
14.7794200002
16.6469500001
13.5404500001
14.10938
7.15338999999
15.9145300001
8.36633999995
8.99199000013
22.2451000001
14.1916799999
18.8033200001
21.5302200001
16.91035
19.4196500001
11.76327
13.87955
17.83711
10.2769000001
10.7510099999
14.17763
13.23118
14.11378
13.19462
17.6507700001
10.85314
12.9087799998
9.18443999998
19.33335
26.9315000001
16.6368
15.62083
17.93849
9.83062999998
19.46902
15.4701
17.17003
6.10664999997
14.31255
22.2146600001
12.49164
11.2674100001
7.80892999994
5.54188000003
19.2469800001
12.8661900001
18.1594199999
27.1460299999
23.3787799999
7.03963999997
12.8793499999
12.27431
12.6227099999
9.43350000004
8.9685800001
25.05198
9.93705999991
18.80891
16.98221
10.3362200001
10.79729
11.67652
11.3408499999
17.0956599999
19.48842
7.49600999989
13.8692700001
10.09371
20.0814500001
31.01063
12.58572
16.33029
42.7862600001
23.7425000001
14.54672
16.0599399999
4.84540999995
17.4599200001
13.67591
20.03591
15.18701
29.9112200001
19.92019
16.9959300001
14.2875799999
13.9556
17.7289699999
11.3362
16.65984
8.27369000006
20.3403
11.80452
9.85002999986
16.6225599999
12.92778
12.58658
12.993
7.60260999994
5.32440000004
18.96176
15.51298
19.45306
11.2438299999
66.6967900001
6.92841000005
13.7127799999
7.92056
23.1467800001
19.2313
12.0106500001
20.1074599999
10.3015800001
9.56086999993
8.05316999997
21.7482599999
10.98406
14.4360999999
17.94782
11.5491600001
17.55847
11.4746400001
12.72116
21.8752400002
12.48532
12.9323100001
8.27078999998
19.6633599999
11.6600400001
21.0445899999
6.27876000002
19.2415299999
18.3199
18.7517199999
21.7948499999
13.7943800001
20.26731
14.08559
18.5652800001
15.79422
26.99496
17.11636
19.24524
15.0311500001
10.87401
6.71843999997
19.9723100001
15.1076499999
23.9744399999
13.4445999999
13.00546
8.50936000003
8.26993000007
14.3767799999
20.6193299999
13.0170700001
25.3011
12.53775
13.66476
3.56226999999
10.8091200001
11.3176300001
17.00243
18.17576
18.2853999999
7.96642999991
16.8775800001
26.09979
14.36951
15.7870499999
18.42304
14.8160199999
20.8297400001
11.3403500001
53.63504
26.13143
21.0461400001
13.27971
13.22399
10.20146
20.17245
13.5465799998
18.43386
11.2741200001
23.3260900001
17.30224
12.0752600001
13.7050600001
25.4019699999
17.1829200001
23.0133500001
17.3723800001
7.79303000006
8.29586999991
17.9162600002
9.89341000002
24.9156199999
18.06363
14.01826
13.4085199999
15.4063599999
10.6355399999
16.5775400001
25.0626599999
22.13977
18.89429
11.4086999999
3.92690000008
11.5603800002
12.92758
13.1049499998
16.9088800001
18.3017699999
24.10499
13.4476599999
9.87011000002
14.96827
18.5361799999
27.4287999999
13.8053599999
15.7175199999
14.8140300001
6.38743000012
7.47563
17.69231
19.86409
15.4110100002
15.36875
15.51081
16.45696
12.0927100001
11.77131
16.6643200001
19.4001
15.3641300001
11.0438799999
22.65889
11.84513
13.85329
18.76883
15.66558
22.7562199999
19.00647
30.34066
7.94317999994
14.9371100001
11.9654
9.09721000015
12.23164
15.30141
16.76195
20.4356
18.46986
12.9554699999
24.1414099999
8.94345999998
24.1503400001
10.5832799999
13.11229
8.17027999996
11.1142
11.47583
9.99650000012
12.78048
13.45974
17.59869
17.8687000002
17.21926
16.8276500001
16.82788
5.86967999989
13.05686
8.06984999997
17.56478
13.02818
19.4121699999
13.81719
12.03214
9.8613499999
46.9071999999
15.2141400001
20.0878999999
16.9931999999
16.42085
11.58051
15.31614
10.32227
17.25937
11.3150499999
19.92469
15.22677
12.72658
8.34743999992
18.8457300001
17.79007
8.70814
13.47832
17.2774900001
31.7764699999
17.01002
22.66859
17.45586
14.64945
10.69141
15.69285
24.6776899998
12.7737300001
9.39090999996
12.75212
19.3076299999
14.3015000001
8.59289000009
12.9686300001
17.32515
23.71161
17.2651600001
10.58953
19.22441
10.1192000001
16.3278800001
17.2787199999
16.89958
11.2413
13.6229899999
17.6440000001
21.5105100001
13.74856
16.6853399999
24.1790499999
21.8615400001
10.5214399999
22.02538
16.3674000001
8.91206000012
20.2619299999
22.78648
9.73973000003
11.0051200001
9.01342999993
8.43271000008
14.72982
19.94624
12.3444300001
21.41043
10.57544
17.7032900001
18.4603800001
12.5774900001
14.65374
41.6976600001
27.01535
18.7036700001
20.44255
18.8954099999
16.91309
7.93264000001
13.8293100001
12.3579600001
14.9571499999
14.2108000001
18.1144199999
13.2379000001
9.38991999999
15.38822
8.5973299999
12.4837900001
13.3144400001
24.79786
18.4487500001
12.5655799999
17.33104
25.87084
15.0395900001
13.54315
16.5403300001
15.2717
6.89754999999
12.3577000001
10.58031
14.1848299999
9.68238999997
24.44727
7.90540000005
11.1418100001
22.46345
23.24048
6.73224000004
13.51984
9.45490999997
16.1698299999
13.35775
24.9124500001
19.8502999999
17.56327
24.0594799999
17.8373
13.67896
17.6725999998
20.4893300002
7.37481000007
13.38933
5.49654000008
17.16692
11.2412800001
16.64728
12.0965199999
13.3120499999
13.73918
23.91873
6.78378000006
32.75729
20.9289699999
10.68085
8.62467000005
13.3404300001
11.9962200001
10.7190500001
20.03903
20.3747800001
20.45498
22.0063
14.07474
7.40670000005
9.83764000004
15.1569300001
5.60503000009
11.73694
22.8352399999
18.3355099999
24.0751299999
20.90912
14.92104
30.94442
13.0054700001
13.6092500001
9.97344999993
22.692
14.0912499999
13.4677800001
17.9300800001
18.7903300001
17.18452
7.29217000003
13.3951600001
23.09022
11.1322
17.6014600002
12.4145499999
20.39293
6.50926999992
21.15903
24.9262099999
10.9164699999
10.7722599999
21.31142
13.63766
22.22474
28.08106
7.75782000006
7.86236999999
12.613
21.84666
7.32146000012
15.69459
18.08243
12.22783
17.88807
16.5963399999
13.74093
8.78428000002
20.83027
15.48013
9.06989000004
15.39926
19.82897
14.68083
19.9491999999
29.6102199999
7.27963999996
14.8920400001
16.64908
19.1916500001
22.0243200001
12.4696099999
12.26402
13.61881
16.7071
15.72361
19.0677200001
27.35474
17.79029
18.4850199999
19.63766
23.38934
7.41892000008
33.7069399999
12.31326
7.5589399999
18.2341600001
15.7946500001
14.4893900001
28.2004399999
20.6402700001
11.4007
13.50082
20.3428099999
6.28902999999
32.0397500001
15.59641
17.41422
14.0923799999
21.0000800001
12.16345
25.2353899999
12.04132
8.80905999988
12.6002199999
13.9778900001
10.90971
11.3696099999
20.6412099999
13.1206000001
13.0855899999
55.8953099999
22.3230000001
17.68964
14.29518
26.18342
10.6402799999
22.49078
17.91363
12.56773
22.57145
7.45196999994
27.03191
17.63502
10.91061
20.3857599999
11.01617
7.73287000007
15.64886
16.71508
17.2282699998
19.3017599999
8.15313999995
21.2631300001
18.4381299999
13.3714299999
15.7457099999
17.1771200001
9.76032999996
15.05226
16.6413100001
11.6574
7.89194
15.12882
16.73503
18.3180099999
11.00761
7.55092999991
14.3560800002
8.56907999993
27.32478
14.50145
20.92409
27.4583599999
6.43720999989
26.8937200001
25.1919099999
17.7852399999
8.37945999997
24.19929
6.75292
13.4440100001
19.4926600001
9.71824999992
11.71331
15.6939599999
19.6243899999
14.2196600001
25.3553200001
16.5597400001
12.34812
10.08331
11.2318599999
34.8556000001
16.3296899999
16.9324
26.8844499999
18.8936599999
20.5895799999
8.0451000001
6.97384000011
16.8359299999
18.8649599999
12.83319
18.0671399999
13.59422
14.3082500001
6.16336999997
18.1662399999
26.0828299997
12.5595699999
15.8018999998
9.87439000001
7.7125299999
15.79003
22.5396700001
11.64748
12.61934
27.5756800001
7.94493
17.3714099999
15.0470900001
18.4239800001
8.0067100001
20.13524
22.8386199999
14.58186
20.9956199998
19.1648500001
19.01643
39.71875
12.7755100001
24.1886799999
14.01124
24.6679999999
8.60986999993
14.2557399999
16.36988
25.43952
44.2434899999
11.78799
23.52431
14.70011
16.4783900001
10.0337099999
11.92608
21.6040500001
26.2204999999
11.33098
13.29557
11.84986
19.0180899999
16.07755
9.50245999999
20.12454
22.9055699999
17.88485
18.4384800001
18.8313099999
21.6945900001
27.1674799999
11.64948
30.8285499999
16.54041
9.7059399999
15.39796
12.38119
12.8631799999
11.4996699999
11.49412
17.48915
21.6111499999
19.57498
12.26498
22.21242
7.22993999999
15.36362
15.2082400001
29.74206
11.69281
12.8065099999
7.46975999989
11.46069
26.23726
30.39471
14.7310799999
14.2874499999
13.3239099999
8.52412000007
14.1598
9.33574000001
12.33065
17.09081
23.4607299999
17.0252099999
11.1491100001
6.45607000007
17.0873500002
18.60302
20.01333
26.55953
11.8382699999
13.66727
10.5898600001
10.30461
14.98063
16.3494800001
14.5373900001
10.3378699999
9.8194700001
30.1744100001
10.67161
12.5991999999
17.3419300001
13.36898
10.24882
8.95345999999
9.31009000004
15.2851
24.9734
8.36133999994
4.82689999999
11.0941000001
14.96407
19.52251
9.45827000006
6.70651999989
19.6930699999
12.672
17.01669
16.5441499999
14.55055
23.6098099999
29.68571
20.76984
15.3446
23.31709
22.70349
9.46454999992
16.92371
16.38413
21.1924400001
16.0607299999
18.75737
12.08545
18.11497
20.71088
23.5737199999
18.53916
11.1398400001
13.72762
8.52781000012
16.08042
24.7627300001
19.75033
33.1425999999
34.1719099999
21.2391600001
8.29283000005
17.82129
23.6255499999
8.86519000004
20.58847
6.84625000006
11.5888499997
12.01884
15.98986
15.5015400001
11.72017
27.25294
26.17845
24.25275
19.7899
12.03073
11.3941499999
20.88819
15.2334
19.9950400001
16.60641
9.22547999991
20.49547
12.6387499999
20.5176000001
16.17362
11.1253999999
13.91801
10.35266
21.3400500001
5.86921000003
12.18817
16.8888099999
11.30536
9.40912999993
9.62109000003
19.21418
22.93084
24.91424
14.76115
14.2181400001
9.27309000003
12.9016799999
15.7716699999
20.4118400001
18.42912
16.39449
23.6097499999
13.9570399999
14.0899
9.55660999997
21.66527
9.31695000001
16.78603
20.9778799999
8.87183000008
19.8440899999
9.98505999998
45.9666599999
