10.2653600001
15.8722
19.0472
17.5808699999
19.4119600001
20.7965200001
15.14648
9.24232999992
17.18939
8.28006000002
19.3811699999
13.7953
13.6801600001
21.9542400001
16.8648100001
12.6372900001
13.8076599999
11.4487899999
21.43378
12.4110300001
15.2358300001
11.6243200001
10.3200600001
11.5316399999
21.7184900001
16.7106999999
22.1766400001
11.78254
22.48218
12.49986
16.0274199999
18.15698
25.2408599998
18.9645
18.6176500001
18.9985400001
20.69313
11.67791
17.9624
8.58967000002
15.8806699999
12.26662
17.51356
28.80775
56.9097
9.29749999999
5.93945000006
17.2135200001
22.49468
13.3794799999
