19.2313
12.0106500001
20.1074599999
10.3015800001
9.56086999993
8.05316999997
21.7482599999
10.98406
14.4360999999
17.94782
11.5491600001
17.55847
11.4746400001
12.72116
21.8752400002
12.48532
12.9323100001
8.27078999998
19.6633599999
11.6600400001
21.0445899999
6.27876000002
19.2415299999
18.3199
18.7517199999
21.7948499999
13.7943800001
20.26731
14.08559
18.5652800001
15.79422
26.99496
17.11636
19.24524
15.0311500001
10.87401
6.71843999997
19.9723100001
15.1076499999
23.9744399999
13.4445999999
13.00546
8.50936000003
8.26993000007
14.3767799999
20.6193299999
13.0170700001
25.3011
12.53775
13.66476
