17.41422
14.0923799999
21.0000800001
12.16345
25.2353899999
12.04132
8.80905999988
12.6002199999
13.9778900001
10.90971
11.3696099999
20.6412099999
13.1206000001
13.0855899999
55.8953099999
22.3230000001
17.68964
14.29518
26.18342
10.6402799999
22.49078
17.91363
12.56773
22.57145
7.45196999994
27.03191
17.63502
10.91061
20.3857599999
11.01617
7.73287000007
15.64886
16.71508
17.2282699998
19.3017599999
8.15313999995
21.2631300001
18.4381299999
13.3714299999
15.7457099999
17.1771200001
9.76032999996
15.05226
16.6413100001
11.6574
7.89194
15.12882
16.73503
18.3180099999
11.00761
