17.4463300001
14.6642400001
11.8906800002
9.99144999997
19.71993
17.3451500001
24.71707
6.23305000004
10.05998
14.17906
11.374
5.85311999999
11.1229
35.85534
17.2401400001
12.8986099999
13.25747
13.7978300001
5.71846999996
15.3236300001
13.6959199999
21.9288400001
18.9801899999
13.8718300001
16.2232
20.7714200001
21.74947
23.1947100001
15.56727
14.9808200001
12.23424
16.1542000001
15.1917099999
19.9223900001
13.05003
10.9122
18.2979400001
14.59276
16.00291
18.51879
14.19059
12.84614
22.00504
16.7083099999
17.74638
14.2301299999
22.64747
13.1860399999
21.07932
6.90986999997
