7.55092999991
14.3560800002
8.56907999993
27.32478
14.50145
20.92409
27.4583599999
6.43720999989
26.8937200001
25.1919099999
17.7852399999
8.37945999997
24.19929
6.75292
13.4440100001
19.4926600001
9.71824999992
11.71331
15.6939599999
19.6243899999
14.2196600001
25.3553200001
16.5597400001
12.34812
10.08331
11.2318599999
34.8556000001
16.3296899999
16.9324
26.8844499999
18.8936599999
20.5895799999
8.0451000001
6.97384000011
16.8359299999
18.8649599999
12.83319
18.0671399999
13.59422
14.3082500001
6.16336999997
18.1662399999
26.0828299997
12.5595699999
15.8018999998
9.87439000001
7.7125299999
15.79003
22.5396700001
11.64748
