9.31009000004
15.2851
24.9734
8.36133999994
4.82689999999
11.0941000001
14.96407
19.52251
9.45827000006
6.70651999989
19.6930699999
12.672
17.01669
16.5441499999
14.55055
23.6098099999
29.68571
20.76984
15.3446
23.31709
22.70349
9.46454999992
16.92371
16.38413
21.1924400001
16.0607299999
18.75737
12.08545
18.11497
20.71088
23.5737199999
18.53916
11.1398400001
13.72762
8.52781000012
16.08042
24.7627300001
19.75033
33.1425999999
34.1719099999
21.2391600001
8.29283000005
17.82129
23.6255499999
8.86519000004
20.58847
6.84625000006
11.5888499997
12.01884
15.98986
