8.99199000013
22.2451000001
14.1916799999
18.8033200001
21.5302200001
16.91035
19.4196500001
11.76327
13.87955
17.83711
10.2769000001
10.7510099999
14.17763
13.23118
14.11378
13.19462
17.6507700001
10.85314
12.9087799998
9.18443999998
19.33335
26.9315000001
16.6368
15.62083
17.93849
9.83062999998
19.46902
15.4701
17.17003
6.10664999997
14.31255
22.2146600001
12.49164
11.2674100001
7.80892999994
5.54188000003
19.2469800001
12.8661900001
18.1594199999
27.1460299999
23.3787799999
7.03963999997
12.8793499999
12.27431
12.6227099999
9.43350000004
8.9685800001
25.05198
9.93705999991
18.80891
