8.17027999996
11.1142
11.47583
9.99650000012
12.78048
13.45974
17.59869
17.8687000002
17.21926
16.8276500001
16.82788
5.86967999989
13.05686
8.06984999997
17.56478
13.02818
19.4121699999
13.81719
12.03214
9.8613499999
46.9071999999
15.2141400001
20.0878999999
16.9931999999
16.42085
11.58051
15.31614
10.32227
17.25937
11.3150499999
19.92469
15.22677
12.72658
8.34743999992
18.8457300001
17.79007
8.70814
13.47832
17.2774900001
31.7764699999
17.01002
22.66859
17.45586
14.64945
10.69141
15.69285
24.6776899998
12.7737300001
9.39090999996
12.75212
