14.2108000001
18.1144199999
13.2379000001
9.38991999999
15.38822
8.5973299999
12.4837900001
13.3144400001
24.79786
18.4487500001
12.5655799999
17.33104
25.87084
15.0395900001
13.54315
16.5403300001
15.2717
6.89754999999
12.3577000001
10.58031
14.1848299999
9.68238999997
24.44727
7.90540000005
11.1418100001
22.46345
23.24048
6.73224000004
13.51984
9.45490999997
16.1698299999
13.35775
24.9124500001
19.8502999999
17.56327
24.0594799999
17.8373
13.67896
17.6725999998
20.4893300002
7.37481000007
13.38933
5.49654000008
17.16692
11.2412800001
16.64728
12.0965199999
13.3120499999
13.73918
23.91873
