19.3076299999
14.3015000001
8.59289000009
12.9686300001
17.32515
23.71161
17.2651600001
10.58953
19.22441
10.1192000001
16.3278800001
17.2787199999
16.89958
11.2413
13.6229899999
17.6440000001
21.5105100001
13.74856
16.6853399999
24.1790499999
21.8615400001
10.5214399999
22.02538
16.3674000001
8.91206000012
20.2619299999
22.78648
9.73973000003
11.0051200001
9.01342999993
8.43271000008
14.72982
19.94624
12.3444300001
21.41043
10.57544
17.7032900001
18.4603800001
12.5774900001
14.65374
41.6976600001
27.01535
18.7036700001
20.44255
18.8954099999
16.91309
7.93264000001
13.8293100001
12.3579600001
14.9571499999
