12.92758
13.1049499998
16.9088800001
18.3017699999
24.10499
13.4476599999
9.87011000002
14.96827
18.5361799999
27.4287999999
13.8053599999
15.7175199999
14.8140300001
6.38743000012
7.47563
17.69231
19.86409
15.4110100002
15.36875
15.51081
16.45696
12.0927100001
11.77131
16.6643200001
19.4001
15.3641300001
11.0438799999
22.65889
11.84513
13.85329
18.76883
15.66558
22.7562199999
19.00647
30.34066
7.94317999994
14.9371100001
11.9654
9.09721000015
12.23164
15.30141
16.76195
20.4356
18.46986
12.9554699999
24.1414099999
8.94345999998
24.1503400001
10.5832799999
13.11229
