16.88236
24.74659
14.09109
21.8772700001
18.9887499999
19.08699
17.3745100001
14.4585299999
15.14197
12.0183400001
8.93847000005
15.45415
20.3735699999
13.2848500001
20.59684
14.54945
10.81336
14.4695700001
15.5024700001
12.55
12.7262499999
15.6139099998
7.55885000003
22.59767
15.98713
21.56715
15.3940999999
43.6558900001
6.42663999996
21.7885600001
19.2504000001
12.7003499999
11.35412
20.20519
18.1261699999
19.1237699999
8.70208000008
14.28863
12.85782
13.35263
17.2719299999
13.1293200001
11.0708900001
14.26305
12.80709
20.35398
17.27575
5.62402999995
15.32581
17.28344
