18.8587
14.58125
21.52864
14.9887400001
15.4500099999
23.1356299999
9.99467999989
13.26709
14.20839
19.4116799999
10.42243
29.02963
18.8988799999
24.4196199999
6.76225999999
18.45678
6.69927999994
8.58775999991
10.7068500002
16.30817
11.4328599999
6.29340999993
17.4499300002
23.92085
15.10779
15.77211
16.32153
16.25994
47.52339
13.04878
45.99528
21.48827
14.47
10.8065900001
14.9735600001
20.6273099999
7.59797
45.12943
17.13212
9.52798000001
18.7576
12.73311
9.15864000004
9.19148000004
17.0830599999
19.48086
24.3040399998
41.11665
18.92242
12.31848
