24.0555999998
17.25048
11.39049
13.77673
21.1796799998
10.19048
11.80451
12.48587
13.02504
17.41643
19.2777699999
15.3220900001
17.557
13.98106
10.01917
9.77547999995
15.11834
19.0558999999
16.65516
8.96392999997
29.03402
14.1515299999
9.45127000008
12.66087
12.44721
14.66598
20.7986100001
17.0697399999
16.0633
22.5954200001
13.4701700001
18.7171
6.85906000005
19.55544
13.42012
19.4308399999
16.18761
16.77387
11.81805
10.68402
18.66866
46.3391400001
18.62527
12.2672
5.58863999997
19.3343399999
14.78516
14.5702899999
10.6533
24.7683
