14.8964900001
11.63273
8.54079
23.0145599999
21.42336
16.3831599999
25.88265
12.6241200001
9.29466000001
23.73354
18.19711
18.7146099999
12.61943
7.90780999989
20.28998
5.40636999998
15.23974
18.9544399999
13.86861
18.17114
10.84042
14.7211000001
14.8888199999
13.65536
18.2043699999
5.25985000003
13.0072400001
23.98493
20.2958900001
13.06537
13.8761699999
14.8283299999
6.79666999995
7.66232
5.48143999989
16.12459
11.4519600001
31.14345
13.4559800001
17.6871699999
77.79564
17.77027
75.84652
14.0124
18.44417
5.52764999995
6.67366000009
15.75499
11.81658
27.25599
