7.46309999994
17.0824699999
26.38092
23.3465699999
16.86115
10.0436799999
16.2386399999
11.31593
14.1340600001
20.0441500001
10.9204800001
16.45514
22.01214
14.39055
50.81704
18.8741
15.0889699999
18.1957
45.67157
16.07323
8.96091000002
15.7260800001
25.6099100001
13.0447900001
13.32039
16.79056
6.04492999997
12.9760499999
17.5269499999
17.2577399999
4.89835000003
11.12208
24.9464600001
19.60944
8.41330999986
54.8899899999
6.02145
10.0141199999
6.53185999999
18.1768100001
22.1912
9.83584999992
21.4297699999
9.35128000006
11.55407
11.71158
13.0449600001
16.61451
16.3201199999
12.3657399999
