18.38127
22.99618
15.2204899999
18.2794
19.01562
22.26425
8.16648000001
15.58785
9.62139999995
33.99444
9.44995000004
17.25306
14.6683799999
12.6894299999
11.19537
17.8373799999
19.0030999999
11.75131
12.3930200001
14.9822900001
9.17012999998
59.1971399999
6.92897999997
23.08906
11.4583800001
9.76428
11.4785699999
8.34201999998
13.69836
27.25668
9.64559999993
8.39528000006
13.41259
12.2628700001
12.1899900001
7.63305000006
15.9775299999
7.14752000012
14.0458699999
17.7937899999
22.16446
20.49443
13.5602600001
6.98538999993
26.15451
14.40166
26.25584
21.9249399999
10.47352
4.81978000002
