8.58086999995
9.19755000004
14.5370400001
12.0901299999
12.1721300001
25.28721
8.61156999995
19.81176
15.7130900001
16.3354
19.60447
10.45568
14.25934
20.62602
20.95865
6.03007999994
15.39289
12.20651
31.16531
11.34595
19.78709
8.25679000001
27.43927
12.93355
6.88971999998
13.4446899999
19.5357499999
14.75292
12.07365
16.81282
8.70836999989
23.00284
11.69816
27.94405
20.8139
14.06881
11.07898
7.73455000005
8.42499999993
16.3648099999
15.3249600001
9.31435999996
16.0581499999
22.0557
12.6137
9.83898
17.8906599999
9.78417999996
12.8902
17.7084799999
