15.6063799999
19.40732
19.65971
9.11694999994
12.2305899999
13.40763
9.36813000008
12.3817800001
13.60254
8.73129999998
14.49985
17.58059
13.8149699999
14.0918399999
22.37509
21.7472399999
19.00482
28.7141700001
22.4379299999
15.22867
12.98257
10.57964
9.53355999989
22.5832599999
17.63105
18.3612899999
15.19291
14.4248899999
6.43190999993
11.95449
16.60215
16.7139999999
10.8857900001
27.7294200001
13.99999
13.03096
5.85061999992
14.9815400001
14.8866699999
20.09672
7.97727999999
22.04131
30.34486
8.36222000013
10.72798
8.12180999992
15.5919000001
5.28153000004
26.5573399999
14.96008
18.7124999999
16.92761
54.47265
11.4149499999
26.30625
17.81767
20.4038
12.6423299999
20.4186100001
14.2259300001
11.41004
17.48546
14.6277399999
17.79375
15.6185000001
17.6405799999
16.2119700001
52.31664
13.10066
22.5025899999
18.99731
11.51049
24.0596
18.53006
18.6111100001
22.1230200001
19.71883
19.0011499999
13.5830400001
14.66126
20.51776
13.7075
12.91903
6.15416999999
25.85873
13.2424399999
17.8063200001
17.0930700001
16.34941
14.26608
17.03321
12.0292999999
13.72146
14.64767
12.6944400001
21.12133
18.59182
10.51609
16.30272
13.15756
7.46309999994
17.0824699999
26.38092
23.3465699999
16.86115
10.0436799999
16.2386399999
11.31593
14.1340600001
20.0441500001
10.9204800001
16.45514
22.01214
14.39055
50.81704
18.8741
15.0889699999
18.1957
45.67157
16.07323
8.96091000002
15.7260800001
25.6099100001
13.0447900001
13.32039
16.79056
6.04492999997
12.9760499999
17.5269499999
17.2577399999
4.89835000003
11.12208
24.9464600001
19.60944
8.41330999986
54.8899899999
6.02145
10.0141199999
6.53185999999
18.1768100001
22.1912
9.83584999992
21.4297699999
9.35128000006
11.55407
11.71158
13.0449600001
16.61451
16.3201199999
12.3657399999
18.38127
22.99618
15.2204899999
18.2794
19.01562
22.26425
8.16648000001
15.58785
9.62139999995
33.99444
9.44995000004
17.25306
14.6683799999
12.6894299999
11.19537
17.8373799999
19.0030999999
11.75131
12.3930200001
14.9822900001
9.17012999998
59.1971399999
6.92897999997
23.08906
11.4583800001
9.76428
11.4785699999
8.34201999998
13.69836
27.25668
9.64559999993
8.39528000006
13.41259
12.2628700001
12.1899900001
7.63305000006
15.9775299999
7.14752000012
14.0458699999
17.7937899999
22.16446
20.49443
13.5602600001
6.98538999993
26.15451
14.40166
26.25584
21.9249399999
10.47352
4.81978000002
8.65738999995
14.09186
4.43147999991
8.81879000005
20.5374
17.5669
5.67173000006
9.24768999999
13.98402
15.27829
12.41688
18.75046
6.33932999999
18.2332699999
11.4889999999
7.59135999996
57.18092
11.0135799999
22.05674
9.92916000006
7.88291000004
18.3774300001
16.77723
26.5912600001
14.41025
15.06409
8.37473000004
6.66170000006
6.86768000014
8.74208
9.46392000001
16.1660899998
15.30261
17.38841
12.3369400001
17.0013700001
13.9454399999
14.26912
15.0013799999
19.94774
9.67164000007
6.08461999998
11.9852
30.76321
5.55189999996
18.03074
8.53995000001
12.7745399999
18.61156
10.9026900001
22.8408499999
7.61187999998
13.62764
20.88156
24.7037800001
14.26495
25.04416
6.84433000011
17.79576
8.53839
18.3183500001
16.85135
14.7069700001
10.0489299999
20.20102
16.6585699999
18.7667299999
14.90542
6.94883999997
9.55850999989
8.8835
19.3317699999
13.30817
14.9945899999
10.63664
10.0610699999
21.6980999999
11.92426
9.47059000004
18.1576200001
14.05125
14.79087
17.36989
16.26793
16.3941100001
6.42216999992
7.28052000003
14.51258
16.5439900002
26.69968
20.86178
10.0721700001
17.4512
18.0837699999
12.23216
17.43622
21.42696
21.6564100001
8.38020999997
6.61398000002
13.31365
12.7924799999
12.7185300001
8.84612999996
27.03769
7.57582999999
11.26176
17.71259
6.34213
10.29801
19.32741
13.51063
13.42366
4.16738
12.33701
13.87002
7.98669999989
11.4404
11.77178
6.58651000005
14.25544
11.7222
19.17863
17.2544199999
34.51879
28.45336
17.2731200001
10.83688
14.57984
15.46079
23.2628800001
16.3329500001
17.8165399999
8.63321000012
15.20302
12.6337499999
21.4929800001
9.00506
18.0229100001
21.06544
19.32593
11.58074
23.18591
10.6092200001
30.8759099999
17.9522899999
17.10464
19.9639399999
21.33779
18.11752
13.8778200001
21.46066
13.5297899999
28.0517399999
15.7468600001
10.4557800001
17.74986
9.53836999997
16.1172400001
13.2063000001
72.2793599999
15.5911300001
18.88474
17.70019
17.0647100001
10.9214499999
12.9343300001
9.35158999998
20.74616
15.90601
15.63847
20.65491
8.35757999995
13.1513200001
8.68888000003
11.9163700001
15.38552
13.8824999999
6.41145999997
18.2556599999
18.1518800003
14.09545
24.66918
70.68415
16.5414600001
7.20926000003
6.73209000006
14.94548
18.3862699999
18.3650999999
15.20846
13.55097
16.27477
16.63575
11.95977
17.8136300001
11.3500800002
11.9526899999
9.04842999997
18.71238
16.09827
13.44935
23.8332699999
15.93458
15.49907
23.80998
14.193
9.18638999993
18.48982
13.0046199999
14.89958
11.98242
16.94628
9.9031900001
11.9024400001
10.4991400002
18.15726
17.722
11.15812
10.88241
7.60311999999
16.75233
21.3075
15.62853
21.0887600001
16.15489
17.27286
9.21382999991
14.7463700001
11.83584
16.6557999999
8.38101000001
11.17304
12.79424
12.0554599999
7.56000000006
15.6454899999
17.0987099999
8.50896000001
14.23636
13.15232
22.6605999999
17.25298
16.19768
17.6885699999
9.24846000003
25.52186
15.4708500002
13.4062
20.19903
18.8587
14.58125
21.52864
14.9887400001
15.4500099999
23.1356299999
9.99467999989
13.26709
14.20839
19.4116799999
10.42243
29.02963
18.8988799999
24.4196199999
6.76225999999
18.45678
6.69927999994
8.58775999991
10.7068500002
16.30817
11.4328599999
6.29340999993
17.4499300002
23.92085
15.10779
15.77211
16.32153
16.25994
47.52339
13.04878
45.99528
21.48827
14.47
10.8065900001
14.9735600001
20.6273099999
7.59797
45.12943
17.13212
9.52798000001
18.7576
12.73311
9.15864000004
9.19148000004
17.0830599999
19.48086
24.3040399998
41.11665
18.92242
12.31848
13.7737
15.5338099999
13.5061499999
11.5329299999
17.57585
16.4497400001
16.62738
13.54594
10.9760299999
10.37527
12.9679399999
8.90746999998
9.92327999999
16.2247399999
7.16385000013
12.95991
14.33684
20.9975200001
22.0674899999
17.8964
23.4319099999
13.40913
11.2986000001
19.9887999999
10.6054299999
15.05327
16.40011
7.06860999996
14.76787
22.85624
7.63932999992
8.29823999992
22.8881400001
10.21557
19.40464
16.78789
6.75991999998
16.79481
15.74315
13.85839
26.00101
17.08748
29.7544699998
6.44754999992
10.9927299999
6.82331999997
9.97718000005
11.6158100001
15.30187
53.8360100001
16.1717800001
12.0290600001
18.4390699998
12.92201
4.3118899999
23.3849599999
6.99845000007
16.1121500001
14.4232900001
5.36360000004
16.25966
12.02205
6.55845000001
9.37046999997
13.85517
7.10763999994
17.21639
18.11788
25.0155
19.41178
17.14374
18.1715300001
35.74359
8.03339
22.8315000001
15.17463
22.0331
9.84368999989
20.62314
13.73736
12.77731
18.02462
16.65862
22.02887
10.1190599999
8.03900999995
16.2409100001
14.0615899999
18.7201
12.534
23.26173
9.85839000007
12.9570000001
16.00263
17.28133
11.5240099998
18.5578700001
10.26645
14.4698400002
17.82955
7.65770999994
19.13963
16.4368400001
16.63513
25.8470600001
57.0923899999
18.1264200001
20.01039
17.3776700001
11.11679
16.3116
16.1582900001
16.5065200001
12.56911
24.50069
63.6125199998
22.1431
14.6442300001
12.66661
9.81152999995
11.08332
6.77439999999
25.1790199999
20.18374
12.95606
17.2823300001
11.4459200001
14.43727
17.7625
12.57225
15.99977
14.0520300001
16.1851799999
16.3572
51.4255
5.49424999999
17.28025
6.08851999999
12.86563
9.53639999998
11.0980200002
11.8838800001
13.64112
17.7584899999
8.35208999994
12.1287
16.29843
12.8733
15.5249699999
9.97219000012
14.8964900001
11.63273
8.54079
23.0145599999
21.42336
16.3831599999
25.88265
12.6241200001
9.29466000001
23.73354
18.19711
18.7146099999
12.61943
7.90780999989
20.28998
5.40636999998
15.23974
18.9544399999
13.86861
18.17114
10.84042
14.7211000001
14.8888199999
13.65536
18.2043699999
5.25985000003
13.0072400001
23.98493
20.2958900001
13.06537
13.8761699999
14.8283299999
6.79666999995
7.66232
5.48143999989
16.12459
11.4519600001
31.14345
13.4559800001
17.6871699999
77.79564
17.77027
75.84652
14.0124
18.44417
5.52764999995
6.67366000009
15.75499
11.81658
27.25599
16.88236
24.74659
14.09109
21.8772700001
18.9887499999
19.08699
17.3745100001
14.4585299999
15.14197
12.0183400001
8.93847000005
15.45415
20.3735699999
13.2848500001
20.59684
14.54945
10.81336
14.4695700001
15.5024700001
12.55
12.7262499999
15.6139099998
7.55885000003
22.59767
15.98713
21.56715
15.3940999999
43.6558900001
6.42663999996
21.7885600001
19.2504000001
12.7003499999
11.35412
20.20519
18.1261699999
19.1237699999
8.70208000008
14.28863
12.85782
13.35263
17.2719299999
13.1293200001
11.0708900001
14.26305
12.80709
20.35398
17.27575
5.62402999995
15.32581
17.28344
8.58086999995
9.19755000004
14.5370400001
12.0901299999
12.1721300001
25.28721
8.61156999995
19.81176
15.7130900001
16.3354
19.60447
10.45568
14.25934
20.62602
20.95865
6.03007999994
15.39289
12.20651
31.16531
11.34595
19.78709
8.25679000001
27.43927
12.93355
6.88971999998
13.4446899999
19.5357499999
14.75292
12.07365
16.81282
8.70836999989
23.00284
11.69816
27.94405
20.8139
14.06881
11.07898
7.73455000005
8.42499999993
16.3648099999
15.3249600001
9.31435999996
16.0581499999
22.0557
12.6137
9.83898
17.8906599999
9.78417999996
12.8902
17.7084799999
11.0155999999
18.2413199999
13.9834199999
20.0990299999
13.5975699999
20.56215
15.6561600002
17.19975
20.5566999998
12.30847
14.4682499999
17.8802899999
7.40257000003
7.56873000006
15.3550000001
19.75125
21.8573400001
14.46694
8.16700999998
6.04260999989
19.9961100001
21.8786599999
19.3888399999
27.9050200002
23.3923000001
6.31802000001
13.5454000001
14.2271699999
16.45019
11.61026
14.97807
19.8971399999
17.81624
9.35302999988
14.6213700001
15.11553
12.8559600001
15.2119699999
11.2409000001
12.69108
18.8057500001
15.57196
10.00051
26.4052400001
24.6995099999
15.85708
6.57398999995
14.3367999999
16.8886399999
18.2466300001
24.0555999998
17.25048
11.39049
13.77673
21.1796799998
10.19048
11.80451
12.48587
13.02504
17.41643
19.2777699999
15.3220900001
17.557
13.98106
10.01917
9.77547999995
15.11834
19.0558999999
16.65516
8.96392999997
29.03402
14.1515299999
9.45127000008
12.66087
12.44721
14.66598
20.7986100001
17.0697399999
16.0633
22.5954200001
13.4701700001
18.7171
6.85906000005
19.55544
13.42012
19.4308399999
16.18761
16.77387
11.81805
10.68402
18.66866
46.3391400001
18.62527
12.2672
5.58863999997
19.3343399999
14.78516
14.5702899999
10.6533
24.7683
19.3769499999
6.67281000002
12.8242099999
14.1370700001
20.5637999999
17.61552
17.8611799999
16.88485
13.10089
13.17319
28.0020400001
10.72259
22.5132700001
15.0991
19.8376
11.5580099999
25.7662500001
19.96112
16.79903
16.56195
9.21542999998
25.9467300001
6.92947000009
18.1237
29.43698
14.34467
16.1869399998
19.6473299999
12.35734
18.5211799999
14.29025
12.5981899999
15.22279
15.09427
10.55848
11.9917900001
17.1041199999
69.5852999999
7.53956999991
13.5827200001
15.4480900001
13.45987
17.78272
19.6859
5.56160000002
17.98214
12.17795
38.7253599999
28.1572200001
15.83247
26.06121
22.8754799999
7.38382999995
15.76036
10.59107
12.4961
13.0327699999
12.8616399999
24.9010199999
9.18992000015
11.29093
14.21539
8.27375000005
13.82507
15.2140300001
9.84894000005
7.90359999996
17.6480299999
13.20128
17.09745
18.05285
17.13385
22.04629
9.52306000015
22.2787199999
20.2612500001
13.31161
15.61482
17.9581400001
15.95956
14.80371
20.0580300001
15.2521999999
16.34462
48.9570800001
23.7542600001
28.4462799999
11.49952
11.60028
15.15053
26.8873299999
13.0789699999
18.5769799999
24.0523900001
17.67108
25.30462
15.5694399999
15.3836600001
11.6036100001
13.9969
