13.31365
12.7924799999
12.7185300001
8.84612999996
27.03769
7.57582999999
11.26176
17.71259
6.34213
10.29801
19.32741
13.51063
13.42366
4.16738
12.33701
13.87002
7.98669999989
11.4404
11.77178
6.58651000005
14.25544
11.7222
19.17863
17.2544199999
34.51879
28.45336
17.2731200001
10.83688
14.57984
15.46079
23.2628800001
16.3329500001
17.8165399999
8.63321000012
15.20302
12.6337499999
21.4929800001
9.00506
18.0229100001
21.06544
19.32593
11.58074
23.18591
10.6092200001
30.8759099999
17.9522899999
17.10464
19.9639399999
21.33779
18.11752
