8.65738999995
14.09186
4.43147999991
8.81879000005
20.5374
17.5669
5.67173000006
9.24768999999
13.98402
15.27829
12.41688
18.75046
6.33932999999
18.2332699999
11.4889999999
7.59135999996
57.18092
11.0135799999
22.05674
9.92916000006
7.88291000004
18.3774300001
16.77723
26.5912600001
14.41025
15.06409
8.37473000004
6.66170000006
6.86768000014
8.74208
9.46392000001
16.1660899998
15.30261
17.38841
12.3369400001
17.0013700001
13.9454399999
14.26912
15.0013799999
19.94774
9.67164000007
6.08461999998
11.9852
30.76321
5.55189999996
18.03074
8.53995000001
12.7745399999
18.61156
10.9026900001
