11.0155999999
18.2413199999
13.9834199999
20.0990299999
13.5975699999
20.56215
15.6561600002
17.19975
20.5566999998
12.30847
14.4682499999
17.8802899999
7.40257000003
7.56873000006
15.3550000001
19.75125
21.8573400001
14.46694
8.16700999998
6.04260999989
19.9961100001
21.8786599999
19.3888399999
27.9050200002
23.3923000001
6.31802000001
13.5454000001
14.2271699999
16.45019
11.61026
14.97807
19.8971399999
17.81624
9.35302999988
14.6213700001
15.11553
12.8559600001
15.2119699999
11.2409000001
12.69108
18.8057500001
15.57196
10.00051
26.4052400001
24.6995099999
15.85708
6.57398999995
14.3367999999
16.8886399999
18.2466300001
