7.65770999994
19.13963
16.4368400001
16.63513
25.8470600001
57.0923899999
18.1264200001
20.01039
17.3776700001
11.11679
16.3116
16.1582900001
16.5065200001
12.56911
24.50069
63.6125199998
22.1431
14.6442300001
12.66661
9.81152999995
11.08332
6.77439999999
25.1790199999
20.18374
12.95606
17.2823300001
11.4459200001
14.43727
17.7625
12.57225
15.99977
14.0520300001
16.1851799999
16.3572
51.4255
5.49424999999
17.28025
6.08851999999
12.86563
9.53639999998
11.0980200002
11.8838800001
13.64112
17.7584899999
8.35208999994
12.1287
16.29843
12.8733
15.5249699999
9.97219000012
