18.7124999999
16.92761
54.47265
11.4149499999
26.30625
17.81767
20.4038
12.6423299999
20.4186100001
14.2259300001
11.41004
17.48546
14.6277399999
17.79375
15.6185000001
17.6405799999
16.2119700001
52.31664
13.10066
22.5025899999
18.99731
11.51049
24.0596
18.53006
18.6111100001
22.1230200001
19.71883
19.0011499999
13.5830400001
14.66126
20.51776
13.7075
12.91903
6.15416999999
25.85873
13.2424399999
17.8063200001
17.0930700001
16.34941
14.26608
17.03321
12.0292999999
13.72146
14.64767
12.6944400001
21.12133
18.59182
10.51609
16.30272
13.15756
