15.6063799999
19.40732
19.65971
9.11694999994
12.2305899999
13.40763
9.36813000008
12.3817800001
13.60254
8.73129999998
14.49985
17.58059
13.8149699999
14.0918399999
22.37509
21.7472399999
19.00482
28.7141700001
22.4379299999
15.22867
12.98257
10.57964
9.53355999989
22.5832599999
17.63105
18.3612899999
15.19291
14.4248899999
6.43190999993
11.95449
16.60215
16.7139999999
10.8857900001
27.7294200001
13.99999
13.03096
5.85061999992
14.9815400001
14.8866699999
20.09672
7.97727999999
22.04131
30.34486
8.36222000013
10.72798
8.12180999992
15.5919000001
5.28153000004
26.5573399999
14.96008
