16.09827
13.44935
23.8332699999
15.93458
15.49907
23.80998
14.193
9.18638999993
18.48982
13.0046199999
14.89958
11.98242
16.94628
9.9031900001
11.9024400001
10.4991400002
18.15726
17.722
11.15812
10.88241
7.60311999999
16.75233
21.3075
15.62853
21.0887600001
16.15489
17.27286
9.21382999991
14.7463700001
11.83584
16.6557999999
8.38101000001
11.17304
12.79424
12.0554599999
7.56000000006
15.6454899999
17.0987099999
8.50896000001
14.23636
13.15232
22.6605999999
17.25298
16.19768
17.6885699999
9.24846000003
25.52186
15.4708500002
13.4062
20.19903
