13.7737
15.5338099999
13.5061499999
11.5329299999
17.57585
16.4497400001
16.62738
13.54594
10.9760299999
10.37527
12.9679399999
8.90746999998
9.92327999999
16.2247399999
7.16385000013
12.95991
14.33684
20.9975200001
22.0674899999
17.8964
23.4319099999
13.40913
11.2986000001
19.9887999999
10.6054299999
15.05327
16.40011
7.06860999996
14.76787
22.85624
7.63932999992
8.29823999992
22.8881400001
10.21557
19.40464
16.78789
6.75991999998
16.79481
15.74315
13.85839
26.00101
17.08748
29.7544699998
6.44754999992
10.9927299999
6.82331999997
9.97718000005
11.6158100001
15.30187
53.8360100001
