16.1717800001
12.0290600001
18.4390699998
12.92201
4.3118899999
23.3849599999
6.99845000007
16.1121500001
14.4232900001
5.36360000004
16.25966
12.02205
6.55845000001
9.37046999997
13.85517
7.10763999994
17.21639
18.11788
25.0155
19.41178
17.14374
18.1715300001
35.74359
8.03339
22.8315000001
15.17463
22.0331
9.84368999989
20.62314
13.73736
12.77731
18.02462
16.65862
22.02887
10.1190599999
8.03900999995
16.2409100001
14.0615899999
18.7201
12.534
23.26173
9.85839000007
12.9570000001
16.00263
17.28133
11.5240099998
18.5578700001
10.26645
14.4698400002
17.82955
