26.06121
22.8754799999
7.38382999995
15.76036
10.59107
12.4961
13.0327699999
12.8616399999
24.9010199999
9.18992000015
11.29093
14.21539
8.27375000005
13.82507
15.2140300001
9.84894000005
7.90359999996
17.6480299999
13.20128
17.09745
18.05285
17.13385
22.04629
9.52306000015
22.2787199999
20.2612500001
13.31161
15.61482
17.9581400001
15.95956
14.80371
20.0580300001
15.2521999999
16.34462
48.9570800001
23.7542600001
28.4462799999
11.49952
11.60028
15.15053
26.8873299999
13.0789699999
18.5769799999
24.0523900001
17.67108
25.30462
15.5694399999
15.3836600001
11.6036100001
13.9969
