13.8778200001
21.46066
13.5297899999
28.0517399999
15.7468600001
10.4557800001
17.74986
9.53836999997
16.1172400001
13.2063000001
72.2793599999
15.5911300001
18.88474
17.70019
17.0647100001
10.9214499999
12.9343300001
9.35158999998
20.74616
15.90601
15.63847
20.65491
8.35757999995
13.1513200001
8.68888000003
11.9163700001
15.38552
13.8824999999
6.41145999997
18.2556599999
18.1518800003
14.09545
24.66918
70.68415
16.5414600001
7.20926000003
6.73209000006
14.94548
18.3862699999
18.3650999999
15.20846
13.55097
16.27477
16.63575
11.95977
17.8136300001
11.3500800002
11.9526899999
9.04842999997
18.71238
