22.8408499999
7.61187999998
13.62764
20.88156
24.7037800001
14.26495
25.04416
6.84433000011
17.79576
8.53839
18.3183500001
16.85135
14.7069700001
10.0489299999
20.20102
16.6585699999
18.7667299999
14.90542
6.94883999997
9.55850999989
8.8835
19.3317699999
13.30817
14.9945899999
10.63664
10.0610699999
21.6980999999
11.92426
9.47059000004
18.1576200001
14.05125
14.79087
17.36989
16.26793
16.3941100001
6.42216999992
7.28052000003
14.51258
16.5439900002
26.69968
20.86178
10.0721700001
17.4512
18.0837699999
12.23216
17.43622
21.42696
21.6564100001
8.38020999997
6.61398000002
