19.3769499999
6.67281000002
12.8242099999
14.1370700001
20.5637999999
17.61552
17.8611799999
16.88485
13.10089
13.17319
28.0020400001
10.72259
22.5132700001
15.0991
19.8376
11.5580099999
25.7662500001
19.96112
16.79903
16.56195
9.21542999998
25.9467300001
6.92947000009
18.1237
29.43698
14.34467
16.1869399998
19.6473299999
12.35734
18.5211799999
14.29025
12.5981899999
15.22279
15.09427
10.55848
11.9917900001
17.1041199999
69.5852999999
7.53956999991
13.5827200001
15.4480900001
13.45987
17.78272
19.6859
5.56160000002
17.98214
12.17795
38.7253599999
28.1572200001
15.83247
