17.68568
30.9459500001
10.85937
12.6187
44.4451899999
18.799
12.7262900001
22.9247399999
12.97979
21.8937700001
15.9596600001
20.51313
7.77822999994
19.7532200001
19.44527
14.78491
13.4983
8.38829000003
7.92694999999
18.2126199999
12.67327
22.27167
17.8382600001
24.30143
14.5432000002
18.6120600001
26.84022
17.22713
24.2246800001
5.60506000009
8.00827999995
25.62395
21.01284
14.6859800001
6.87925
12.47004
25.42501
11.6032699998
5.70805000002
16.3082199999
6.56594
18.4131200002
16.3586799999
15.01007
18.22962
10.94161
8.13300999999
5.46062000003
21.80829
6.83972999989
