15.6636000001
26.0398499999
19.0452899999
12.7747699999
15.1307799998
13.85603
12.21404
23.58386
15.1100300001
6.53183999995
12.0056799999
14.6129600001
14.05397
21.33259
21.0593399999
10.4304899999
5.39564999996
9.38246999995
15.4101399999
5.93385000003
9.40694000013
10.5630900001
10.2138400001
13.62245
9.97366999986
4.64466999995
17.93509
15.42308
12.9207600001
10.2868900001
14.57022
11.3592000001
5.87344999996
16.0497899998
16.7479899999
19.2607499999
15.6158199999
12.94407
19.9090400001
20.5004200001
12.42434
14.7233400001
18.7909500001
21.6315000001
11.6945000001
14.4107799999
15.2234700001
9.97454999993
9.53428999986
15.0407400001
