7.28220999986
10.7006499999
15.0092900001
17.75483
18.1224400001
21.4188399999
10.8111599999
21.8474100002
10.41282
10.4761600001
19.43931
11.28298
19.6470199999
12.7078
12.19111
15.16446
14.7725899999
21.2480799999
16.8458700001
8.20860999986
7.18160999985
25.6362800001
12.0571900001
16.18684
12.55707
11.15625
7.57856000005
13.5046699999
15.74411
20.5682099999
19.40729
26.1232399999
12.3290500002
13.82517
5.41005999991
12.8923700001
14.0102200001
18.1583700001
10.5802399999
21.5736900001
11.0163400001
12.08514
19.45234
17.28298
25.18462
14.1696799999
13.4683999999
15.4316099999
16.24717
14.3529999999
