7.09791000013
9.16592000006
16.7694600001
8.58960000006
18.7959799999
13.47033
10.54641
20.38375
24.87394
16.84197
14.93675
16.9762999999
13.8444599999
20.02555
17.5104500001
8.74122000008
55.3682600001
5.66935999994
13.56011
13.3470299999
13.63368
15.5685400001
18.45485
13.92418
15.84016
16.71416
23.8808299999
8.42428000004
16.48647
16.5388100001
10.6615600002
14.93655
22.88476
15.99345
13.91028
13.83663
22.8818699999
15.67869
66.36268
19.6099800001
14.6121199999
9.92112000007
15.7736599999
13.12356
15.9426599999
11.03613
14.45453
17.38456
5.32653000008
8.56834999984
