7.34560999996
16.9338799999
7.27221000008
22.43599
10.60699
8.65898000007
13.6595300001
10.85906
15.4324
17.8917400001
16.20252
13.0220199999
16.1801
18.1097600001
13.5575000001
5.89870999998
25.0298000001
11.99407
8.06874999998
17.6801
10.08184
14.4448900002
13.54649
8.45348999999
15.12467
17.45156
12.96534
17.3498099999
5.34072999994
13.7856300002
12.9523799999
12.71655
19.12991
14.9890600001
18.1187
26.2805
12.4847699999
9.62884000002
9.63782000006
10.4738400001
15.43092
17.4231799999
16.0762499998
8.63029999996
16.23117
9.07853000006
11.6396599999
20.3912600001
18.6210099999
22.3940000001
