13.14696
12.8005700001
7.46069999994
10.0987099999
13.06125
5.12187999999
13.71889
24.1993900002
6.37352999998
29.11964
16.66727
15.9046499999
28.50501
19.27484
16.64668
19.6924299999
15.84274
16.12843
8.3388899999
6.25631999993
14.07422
11.12418
17.01639
12.8107200001
14.40758
6.31465999992
16.66688
12.3386099999
14.2286
8.18041999999
14.04506
19.89052
11.68707
9.46175000002
10.3355299999
11.9946100001
10.51663
9.30172999995
15.9567
18.4763500001
7.30507999996
6.22364999994
6.42131000001
17.8247699999
14.15403
26.30506
11.2372299999
11.3417399999
19.05307
9.17827999999
