22.1269899999
14.82112
20.5395899999
14.8892300001
7.91428000003
6.09933999996
12.12093
13.00807
10.43868
14.9848999999
9.10277999996
16.0036099999
20.2925099999
14.2564599999
9.06486000004
19.8646999999
17.2235100002
13.3880800001
20.6141599999
17.5550000001
6.75560999999
19.59893
17.6087
16.7509899999
9.76308000006
20.72345
19.47646
19.38505
13.1072900001
5.28934000002
10.43773
18.16567
9.53084000002
20.59079
8.46007000003
11.4377199999
23.2043499999
20.6632599999
20.34802
14.39748
11.01598
15.4225099999
11.98883
15.29555
20.61719
10.5465599999
13.8100300001
22.89538
8.39326000004
7.55442000018
