15.44213
17.34406
27.03934
9.60813000007
31.8607999999
8.25968000002
11.0562199999
27.02643
13.9992099999
12.9925400001
20.3887599999
16.8396300001
21.42217
12.99431
20.0131100001
7.73846999998
11.0134400001
19.36049
8.31819999998
16.87977
14.45078
14.69731
16.2388899999
13.4835699999
10.62926
13.9638100001
16.75263
21.64631
18.2407099999
7.18602000002
19.91576
12.54155
12.8950500002
18.18461
14.1370399999
9.70782999997
18.12954
15.61125
16.5762
19.0253800001
20.3913700001
5.84089999995
19.8449500001
13.2009500001
17.60418
9.85652000003
17.27452
15.2692100001
32.9047899999
11.31313
