11.1386199999
4.40998
17.71769
19.00421
11.13538
19.5379700001
11.60168
6.09274999995
14.10766
20.10893
23.5675
15.1257399999
14.72135
16.3699800001
14.3902099999
14.9467400002
15.88495
14.78243
6.3862999999
15.6949799999
22.2124899999
15.52912
22.50965
16.5750699999
7.2156600001
16.09315
14.0940299999
12.53642
10.15154
11.3524000001
11.1491
17.5304700001
17.82823
18.39128
23.81783
16.03978
7.52603999991
5.68811999995
11.6239300001
10.3295300001
20.89825
19.4151400001
8.87396999996
20.78935
16.58088
17.49154
19.3132399998
13.43811
20.6949300001
11.90039
