15.2056100001
16.8735700001
5.77203999995
17.89581
9.85502000002
15.3380400001
17.2276600001
14.37761
6.58294999995
9.65548000007
8.94892
5.95516000001
19.2167900001
24.0369900001
18.8462000001
7.70316000003
13.1834499999
6.81680999999
13.07615
4.33608000004
6.03313
24.04903
16.67785
13.57938
14.48581
14.35899
13.9156600001
14.08109
13.55233
11.9996099999
12.1941
9.67540000007
16.9995200001
10.36303
17.4272
11.32601
7.45948000008
20.0143799999
11.92162
14.04267
13.91967
19.51878
79.425
17.89166
8.67432999995
13.5345599999
12.07304
11.6879299999
15.81459
15.3233700001
