20.99674
11.03225
14.20585
23.77683
24.84728
14.88883
22.31166
20.3418599999
10.2432700001
26.3260999999
20.1396700001
15.55892
12.0610700001
12.6003100001
13.34814
18.85101
16.31515
9.93456999992
10.69924
15.7846
18.1470699999
22.00223
10.04443
10.93432
11.65974
11.44515
15.7697300001
2.76077000005
40.9755499999
19.2745999998
19.3684799999
11.3552400001
20.5121599999
14.69206
16.5038900001
19.0575000001
18.6899100001
47.62219
13.8902
21.76945
11.33107
14.1280899999
20.4044999999
12.1725399999
16.3065699999
9.4161400001
8.07010000001
27.6723100001
13.8876899999
18.39347
