10.58991
18.33545
7.4227900001
14.2611799999
12.6934399998
9.94887000008
12.1669600001
9.71986999991
12.78173
21.21322
16.33574
20.1076399998
15.14084
7.39282000007
18.7121900001
9.3099300001
17.36659
21.0849700001
14.35327
26.56697
16.76852
17.4481200001
5.21539999999
13.7255299999
13.68571
18.57013
25.18368
24.70508
18.08705
4.30365999998
13.42116
5.69928000006
19.9952799999
10.75578
19.7279299998
14.73704
4.53627000004
10.7448700001
18.6729000001
18.2540999999
10.9774800001
18.39978
10.4294
10.0875199999
16.77286
16.08806
13.7983
4.73514999985
19.88271
13.4766299999
