7.51113
7.00599000009
16.51413
3.92724999995
17.4749100001
9.61326999997
11.6605699999
14.6212700001
14.8131500001
13.4490099999
17.5931500001
21.1815200001
15.47057
35.0349999999
18.5205299999
14.20238
9.25725999998
20.57803
19.36761
13.64556
13.39908
8.41750999994
9.58334000001
23.6188300001
15.45103
24.16932
9.13025000005
12.7742599999
13.20684
14.54388
14.2158700001
9.30822000012
14.26624
12.23407
13.8330400001
14.55008
12.2997699999
22.67227
5.79019000009
16.32975
13.22306
14.7940800001
21.13431
22.8939800001
16.07005
10.84978
14.4405800001
19.97483
17.76118
22.3496399999
