15.04472
9.40516000008
9.71535000007
18.7990900001
8.78243000014
8.81419000006
27.5415899999
30.8065899999
25.62486
19.54258
20.4381100001
14.85869
9.43518000003
16.98803
20.90374
18.4085
17.4515799999
15.60056
13.8718999999
18.66342
15.2246000001
8.2715400001
19.65574
8.59832999995
7.76007999992
8.67612000008
16.2397100001
6.75322000007
10.63478
19.4210699999
6.57900999999
16.9262
19.88631
15.81501
15.86173
11.53104
16.94718
10.91964
12.35534
18.0302800001
5.05711000005
22.46272
23.50263
19.1637499998
13.51353
12.9242700001
18.82571
46.2537199999
11.0646500001
14.1995099999
