11.7644499999
14.37676
13.1783100001
21.3824
14.62468
13.92565
13.9647400001
11.66781
13.3579000001
20.4647499999
13.10931
17.31012
15.2173200001
9.41454999999
5.88153000001
24.6362599998
17.3683000001
16.59705
3.66326000006
11.6858100001
9.51691999997
6.61229000008
26.5475400001
12.22355
12.7866400001
21.4430000001
22.2880599999
16.24145
15.4187499998
14.69418
21.08792
10.0677199999
11.0440300001
25.1866200001
21.0330999999
17.28633
9.28631
14.3229399999
15.5855299999
20.9677599999
29.42391
15.3717
20.2812099999
17.13183
11.4659300001
21.30613
13.3707999999
7.14267000009
12.55534
15.3076299999
