13.14696
12.8005700001
7.46069999994
10.0987099999
13.06125
5.12187999999
13.71889
24.1993900002
6.37352999998
29.11964
16.66727
15.9046499999
28.50501
19.27484
16.64668
19.6924299999
15.84274
16.12843
8.3388899999
6.25631999993
14.07422
11.12418
17.01639
12.8107200001
14.40758
6.31465999992
16.66688
12.3386099999
14.2286
8.18041999999
14.04506
19.89052
11.68707
9.46175000002
10.3355299999
11.9946100001
10.51663
9.30172999995
15.9567
18.4763500001
7.30507999996
6.22364999994
6.42131000001
17.8247699999
14.15403
26.30506
11.2372299999
11.3417399999
19.05307
9.17827999999
15.8623699999
13.53206
6.36508000002
8.83548000001
23.66961
10.0573
12.41237
19.0801200001
15.06126
13.5575
19.4245099999
12.9564199999
13.0825299999
13.87075
9.8989700001
15.3213
8.86982000002
19.0339200001
12.45861
14.2168199999
14.17331
11.15165
31.2871899999
10.32874
16.25518
9.23725999997
10.52498
7.52227999992
13.6729400001
14.2659700001
20.08496
20.0876499999
15.04602
20.23651
14.4427799999
13.3870700002
23.7314500001
17.16414
13.13586
16.20612
10.05688
3.22022000002
9.63324999996
19.7496799999
10.1192899999
15.32711
17.25209
18.2486599999
11.36736
5.11586000002
10.6746199999
17.23384
18.8369700001
5.05077999993
12.8687199999
4.90194999997
8.82960000006
18.29421
18.04346
11.48098
17.47783
14.23826
17.81836
14.8427200001
15.63533
7.90387000004
8.18556000001
6.41220999998
13.4844100002
16.86645
20.4361299999
13.076
18.2851699999
20.86495
18.1901600001
19.0117500001
35.1122600001
8.50312000012
6.05728000007
7.57450999995
11.32205
25.46032
10.99678
10.46585
17.15912
16.0222199999
8.97334000003
10.72117
12.74284
18.06409
16.1177300001
16.64602
17.8213299999
8.64653999999
6.28487000009
16.86311
12.8175400001
9.94930999994
14.0208500001
6.23203999992
15.44213
17.34406
27.03934
9.60813000007
31.8607999999
8.25968000002
11.0562199999
27.02643
13.9992099999
12.9925400001
20.3887599999
16.8396300001
21.42217
12.99431
20.0131100001
7.73846999998
11.0134400001
19.36049
8.31819999998
16.87977
14.45078
14.69731
16.2388899999
13.4835699999
10.62926
13.9638100001
16.75263
21.64631
18.2407099999
7.18602000002
19.91576
12.54155
12.8950500002
18.18461
14.1370399999
9.70782999997
18.12954
15.61125
16.5762
19.0253800001
20.3913700001
5.84089999995
19.8449500001
13.2009500001
17.60418
9.85652000003
17.27452
15.2692100001
32.9047899999
11.31313
7.09791000013
9.16592000006
16.7694600001
8.58960000006
18.7959799999
13.47033
10.54641
20.38375
24.87394
16.84197
14.93675
16.9762999999
13.8444599999
20.02555
17.5104500001
8.74122000008
55.3682600001
5.66935999994
13.56011
13.3470299999
13.63368
15.5685400001
18.45485
13.92418
15.84016
16.71416
23.8808299999
8.42428000004
16.48647
16.5388100001
10.6615600002
14.93655
22.88476
15.99345
13.91028
13.83663
22.8818699999
15.67869
66.36268
19.6099800001
14.6121199999
9.92112000007
15.7736599999
13.12356
15.9426599999
11.03613
14.45453
17.38456
5.32653000008
8.56834999984
11.7644499999
14.37676
13.1783100001
21.3824
14.62468
13.92565
13.9647400001
11.66781
13.3579000001
20.4647499999
13.10931
17.31012
15.2173200001
9.41454999999
5.88153000001
24.6362599998
17.3683000001
16.59705
3.66326000006
11.6858100001
9.51691999997
6.61229000008
26.5475400001
12.22355
12.7866400001
21.4430000001
22.2880599999
16.24145
15.4187499998
14.69418
21.08792
10.0677199999
11.0440300001
25.1866200001
21.0330999999
17.28633
9.28631
14.3229399999
15.5855299999
20.9677599999
29.42391
15.3717
20.2812099999
17.13183
11.4659300001
21.30613
13.3707999999
7.14267000009
12.55534
15.3076299999
15.04472
9.40516000008
9.71535000007
18.7990900001
8.78243000014
8.81419000006
27.5415899999
30.8065899999
25.62486
19.54258
20.4381100001
14.85869
9.43518000003
16.98803
20.90374
18.4085
17.4515799999
15.60056
13.8718999999
18.66342
15.2246000001
8.2715400001
19.65574
8.59832999995
7.76007999992
8.67612000008
16.2397100001
6.75322000007
10.63478
19.4210699999
6.57900999999
16.9262
19.88631
15.81501
15.86173
11.53104
16.94718
10.91964
12.35534
18.0302800001
5.05711000005
22.46272
23.50263
19.1637499998
13.51353
12.9242700001
18.82571
46.2537199999
11.0646500001
14.1995099999
11.1386199999
4.40998
17.71769
19.00421
11.13538
19.5379700001
11.60168
6.09274999995
14.10766
20.10893
23.5675
15.1257399999
14.72135
16.3699800001
14.3902099999
14.9467400002
15.88495
14.78243
6.3862999999
15.6949799999
22.2124899999
15.52912
22.50965
16.5750699999
7.2156600001
16.09315
14.0940299999
12.53642
10.15154
11.3524000001
11.1491
17.5304700001
17.82823
18.39128
23.81783
16.03978
7.52603999991
5.68811999995
11.6239300001
10.3295300001
20.89825
19.4151400001
8.87396999996
20.78935
16.58088
17.49154
19.3132399998
13.43811
20.6949300001
11.90039
19.1130400001
12.16201
7.19932000001
9.10536000005
20.63385
14.8310600001
10.9892400001
13.1452199999
12.3637399999
9.70339000004
11.81967
32.52275
8.52544
13.81767
18.6351899998
18.93278
5.71052000008
32.4602000001
10.90674
14.4988800001
20.4149399999
7.53850999998
25.9358199999
8.44976999995
18.6825399998
17.70189
17.11832
17.1005599999
17.8613700001
16.45355
12.22337
17.8708
8.84577999997
13.04959
5.89670000004
21.6715200001
8.17666999996
16.7326600001
18.8909700001
15.9782200002
9.85351999989
15.7169300001
12.0425099999
20.4080800001
10.17941
9.88360000006
14.55463
17.34896
45.38922
9.56347000005
15.6636000001
26.0398499999
19.0452899999
12.7747699999
15.1307799998
13.85603
12.21404
23.58386
15.1100300001
6.53183999995
12.0056799999
14.6129600001
14.05397
21.33259
21.0593399999
10.4304899999
5.39564999996
9.38246999995
15.4101399999
5.93385000003
9.40694000013
10.5630900001
10.2138400001
13.62245
9.97366999986
4.64466999995
17.93509
15.42308
12.9207600001
10.2868900001
14.57022
11.3592000001
5.87344999996
16.0497899998
16.7479899999
19.2607499999
15.6158199999
12.94407
19.9090400001
20.5004200001
12.42434
14.7233400001
18.7909500001
21.6315000001
11.6945000001
14.4107799999
15.2234700001
9.97454999993
9.53428999986
15.0407400001
17.68568
30.9459500001
10.85937
12.6187
44.4451899999
18.799
12.7262900001
22.9247399999
12.97979
21.8937700001
15.9596600001
20.51313
7.77822999994
19.7532200001
19.44527
14.78491
13.4983
8.38829000003
7.92694999999
18.2126199999
12.67327
22.27167
17.8382600001
24.30143
14.5432000002
18.6120600001
26.84022
17.22713
24.2246800001
5.60506000009
8.00827999995
25.62395
21.01284
14.6859800001
6.87925
12.47004
25.42501
11.6032699998
5.70805000002
16.3082199999
6.56594
18.4131200002
16.3586799999
15.01007
18.22962
10.94161
8.13300999999
5.46062000003
21.80829
6.83972999989
20.99674
11.03225
14.20585
23.77683
24.84728
14.88883
22.31166
20.3418599999
10.2432700001
26.3260999999
20.1396700001
15.55892
12.0610700001
12.6003100001
13.34814
18.85101
16.31515
9.93456999992
10.69924
15.7846
18.1470699999
22.00223
10.04443
10.93432
11.65974
11.44515
15.7697300001
2.76077000005
40.9755499999
19.2745999998
19.3684799999
11.3552400001
20.5121599999
14.69206
16.5038900001
19.0575000001
18.6899100001
47.62219
13.8902
21.76945
11.33107
14.1280899999
20.4044999999
12.1725399999
16.3065699999
9.4161400001
8.07010000001
27.6723100001
13.8876899999
18.39347
6.21253999998
20.2148000001
15.7377599999
10.6637799999
12.0217500001
18.2646299999
23.59428
12.74661
26.8528699999
16.32628
20.78977
10.47497
10.9109599999
22.70062
20.85936
9.69042999996
14.2028600002
14.42396
16.99472
11.9917899999
12.9940900001
11.28363
16.59468
9.21807000006
11.9120499999
18.2802999999
14.08371
13.77163
10.4013099999
14.2720499999
16.9431999999
9.38452000008
6.61942999996
14.84826
13.90035
14.66976
12.5467699999
12.79923
11.69851
14.81776
11.7557400001
18.67742
13.1025800001
16.17992
13.34566
7.96658999997
13.46562
10.86365
10.24116
10.65613
7.51113
7.00599000009
16.51413
3.92724999995
17.4749100001
9.61326999997
11.6605699999
14.6212700001
14.8131500001
13.4490099999
17.5931500001
21.1815200001
15.47057
35.0349999999
18.5205299999
14.20238
9.25725999998
20.57803
19.36761
13.64556
13.39908
8.41750999994
9.58334000001
23.6188300001
15.45103
24.16932
9.13025000005
12.7742599999
13.20684
14.54388
14.2158700001
9.30822000012
14.26624
12.23407
13.8330400001
14.55008
12.2997699999
22.67227
5.79019000009
16.32975
13.22306
14.7940800001
21.13431
22.8939800001
16.07005
10.84978
14.4405800001
19.97483
17.76118
22.3496399999
7.28220999986
10.7006499999
15.0092900001
17.75483
18.1224400001
21.4188399999
10.8111599999
21.8474100002
10.41282
10.4761600001
19.43931
11.28298
19.6470199999
12.7078
12.19111
15.16446
14.7725899999
21.2480799999
16.8458700001
8.20860999986
7.18160999985
25.6362800001
12.0571900001
16.18684
12.55707
11.15625
7.57856000005
13.5046699999
15.74411
20.5682099999
19.40729
26.1232399999
12.3290500002
13.82517
5.41005999991
12.8923700001
14.0102200001
18.1583700001
10.5802399999
21.5736900001
11.0163400001
12.08514
19.45234
17.28298
25.18462
14.1696799999
13.4683999999
15.4316099999
16.24717
14.3529999999
10.58991
18.33545
7.4227900001
14.2611799999
12.6934399998
9.94887000008
12.1669600001
9.71986999991
12.78173
21.21322
16.33574
20.1076399998
15.14084
7.39282000007
18.7121900001
9.3099300001
17.36659
21.0849700001
14.35327
26.56697
16.76852
17.4481200001
5.21539999999
13.7255299999
13.68571
18.57013
25.18368
24.70508
18.08705
4.30365999998
13.42116
5.69928000006
19.9952799999
10.75578
19.7279299998
14.73704
4.53627000004
10.7448700001
18.6729000001
18.2540999999
10.9774800001
18.39978
10.4294
10.0875199999
16.77286
16.08806
13.7983
4.73514999985
19.88271
13.4766299999
22.1269899999
14.82112
20.5395899999
14.8892300001
7.91428000003
6.09933999996
12.12093
13.00807
10.43868
14.9848999999
9.10277999996
16.0036099999
20.2925099999
14.2564599999
9.06486000004
19.8646999999
17.2235100002
13.3880800001
20.6141599999
17.5550000001
6.75560999999
19.59893
17.6087
16.7509899999
9.76308000006
20.72345
19.47646
19.38505
13.1072900001
5.28934000002
10.43773
18.16567
9.53084000002
20.59079
8.46007000003
11.4377199999
23.2043499999
20.6632599999
20.34802
14.39748
11.01598
15.4225099999
11.98883
15.29555
20.61719
10.5465599999
13.8100300001
22.89538
8.39326000004
7.55442000018
21.03391
14.3907900001
12.40755
10.27626
6.26503000013
10.5085400001
9.02866000007
15.57867
14.19799
16.25274
17.8786599999
16.1336099999
11.29865
15.7223
15.77121
17.89667
14.77367
11.8560199999
15.05649
6.68139000004
23.25503
16.2093399999
11.9212399999
7.91254999989
12.14107
11.16853
10.8666199999
11.09748
13.3189900001
16.64099
14.70026
16.5841699999
16.4155499999
12.3176400001
7.80367000005
15.2622999998
17.50151
25.52415
16.52033
16.0439999999
18.0429999999
12.11112
20.0071800001
17.2473400001
17.23009
18.92211
28.5830999999
20.1767300001
18.8201099997
9.92224999995
15.2056100001
16.8735700001
5.77203999995
17.89581
9.85502000002
15.3380400001
17.2276600001
14.37761
6.58294999995
9.65548000007
8.94892
5.95516000001
19.2167900001
24.0369900001
18.8462000001
7.70316000003
13.1834499999
6.81680999999
13.07615
4.33608000004
6.03313
24.04903
16.67785
13.57938
14.48581
14.35899
13.9156600001
14.08109
13.55233
11.9996099999
12.1941
9.67540000007
16.9995200001
10.36303
17.4272
11.32601
7.45948000008
20.0143799999
11.92162
14.04267
13.91967
19.51878
79.425
17.89166
8.67432999995
13.5345599999
12.07304
11.6879299999
15.81459
15.3233700001
7.34560999996
16.9338799999
7.27221000008
22.43599
10.60699
8.65898000007
13.6595300001
10.85906
15.4324
17.8917400001
16.20252
13.0220199999
16.1801
18.1097600001
13.5575000001
5.89870999998
25.0298000001
11.99407
8.06874999998
17.6801
10.08184
14.4448900002
13.54649
8.45348999999
15.12467
17.45156
12.96534
17.3498099999
5.34072999994
13.7856300002
12.9523799999
12.71655
19.12991
14.9890600001
18.1187
26.2805
12.4847699999
9.62884000002
9.63782000006
10.4738400001
15.43092
17.4231799999
16.0762499998
8.63029999996
16.23117
9.07853000006
11.6396599999
20.3912600001
18.6210099999
22.3940000001
