19.1130400001
12.16201
7.19932000001
9.10536000005
20.63385
14.8310600001
10.9892400001
13.1452199999
12.3637399999
9.70339000004
11.81967
32.52275
8.52544
13.81767
18.6351899998
18.93278
5.71052000008
32.4602000001
10.90674
14.4988800001
20.4149399999
7.53850999998
25.9358199999
8.44976999995
18.6825399998
17.70189
17.11832
17.1005599999
17.8613700001
16.45355
12.22337
17.8708
8.84577999997
13.04959
5.89670000004
21.6715200001
8.17666999996
16.7326600001
18.8909700001
15.9782200002
9.85351999989
15.7169300001
12.0425099999
20.4080800001
10.17941
9.88360000006
14.55463
17.34896
45.38922
9.56347000005
