6.21253999998
20.2148000001
15.7377599999
10.6637799999
12.0217500001
18.2646299999
23.59428
12.74661
26.8528699999
16.32628
20.78977
10.47497
10.9109599999
22.70062
20.85936
9.69042999996
14.2028600002
14.42396
16.99472
11.9917899999
12.9940900001
11.28363
16.59468
9.21807000006
11.9120499999
18.2802999999
14.08371
13.77163
10.4013099999
14.2720499999
16.9431999999
9.38452000008
6.61942999996
14.84826
13.90035
14.66976
12.5467699999
12.79923
11.69851
14.81776
11.7557400001
18.67742
13.1025800001
16.17992
13.34566
7.96658999997
13.46562
10.86365
10.24116
10.65613
