21.03391
14.3907900001
12.40755
10.27626
6.26503000013
10.5085400001
9.02866000007
15.57867
14.19799
16.25274
17.8786599999
16.1336099999
11.29865
15.7223
15.77121
17.89667
14.77367
11.8560199999
15.05649
6.68139000004
23.25503
16.2093399999
11.9212399999
7.91254999989
12.14107
11.16853
10.8666199999
11.09748
13.3189900001
16.64099
14.70026
16.5841699999
16.4155499999
12.3176400001
7.80367000005
15.2622999998
17.50151
25.52415
16.52033
16.0439999999
18.0429999999
12.11112
20.0071800001
17.2473400001
17.23009
18.92211
28.5830999999
20.1767300001
18.8201099997
9.92224999995
