15.8623699999
13.53206
6.36508000002
8.83548000001
23.66961
10.0573
12.41237
19.0801200001
15.06126
13.5575
19.4245099999
12.9564199999
13.0825299999
13.87075
9.8989700001
15.3213
8.86982000002
19.0339200001
12.45861
14.2168199999
14.17331
11.15165
31.2871899999
10.32874
16.25518
9.23725999997
10.52498
7.52227999992
13.6729400001
14.2659700001
20.08496
20.0876499999
15.04602
20.23651
14.4427799999
13.3870700002
23.7314500001
17.16414
13.13586
16.20612
10.05688
3.22022000002
9.63324999996
19.7496799999
10.1192899999
15.32711
17.25209
18.2486599999
11.36736
5.11586000002
