10.6746199999
17.23384
18.8369700001
5.05077999993
12.8687199999
4.90194999997
8.82960000006
18.29421
18.04346
11.48098
17.47783
14.23826
17.81836
14.8427200001
15.63533
7.90387000004
8.18556000001
6.41220999998
13.4844100002
16.86645
20.4361299999
13.076
18.2851699999
20.86495
18.1901600001
19.0117500001
35.1122600001
8.50312000012
6.05728000007
7.57450999995
11.32205
25.46032
10.99678
10.46585
17.15912
16.0222199999
8.97334000003
10.72117
12.74284
18.06409
16.1177300001
16.64602
17.8213299999
8.64653999999
6.28487000009
16.86311
12.8175400001
9.94930999994
14.0208500001
6.23203999992
