11.3678400001
16.4959
16.0517600001
17.6801
13.08722
6.81150999991
6.67552000005
18.18748
19.1238399999
19.83904
18.9227199999
14.3534899999
13.0147899999
17.3123400001
6.56436000008
16.4994399999
40.5280700001
15.47621
8.07834000001
16.44169
17.6907
10.4437999999
15.25372
10.1688099998
12.12469
11.7387300001
16.7096800001
6.96340000001
8.95844999992
18.43401
18.8545399999
7.83637000015
16.0244100001
11.3210900001
11.4563899999
25.6913800002
18.54416
11.3327299999
15.3455099999
7.09552999993
8.72496000002
17.86038
13.75145
14.7188
6.13109000004
7.25129000004
9.73761000007
15.5618800001
15.75529
14.0184899999
