11.7123299999
18.08138
15.6173
5.56108000001
18.7741200001
16.8881099999
8.05678999994
17.36579
8.68374999997
10.8994
15.6193
15.0046799999
9.64637999993
9.96601999993
13.57883
10.4115599999
9.19013000012
10.9504499999
11.9896
12.70899
14.4781900001
15.7511400001
7.41949
10.75278
18.1970299999
18.67363
13.81253
6.74926999991
11.2342299999
17.2345199999
5.42443999997
19.45865
9.12799999991
10.6689899999
12.9240900001
19.85671
8.16067999997
16.93217
5.09615000011
23.0397099999
16.56455
17.8543499999
13.57027
17.39433
15.2927799999
21.0451600001
18.1978000001
17.75854
6.81568
19.50497
