13.5685700001
10.85171
18.72467
14.4605500001
9.85783999995
14.7174
14.7001599999
19.66654
17.8330100001
13.24482
14.80339
8.26840000006
12.07849
12.9292
12.4687500001
20.48612
12.91419
15.1323900002
10.84522
5.5814299999
14.5634000001
10.54814
3.71010000014
10.65068
20.99216
14.29278
6.98685999995
11.81611
16.3484200001
17.5896099999
12.83502
19.28728
12.37395
14.44339
8.95189000003
5.4134800001
7.28071999992
13.9347799999
7.94329000008
7.67628000001
15.45036
14.7293600001
17.20141
15.1722199999
11.19911
8.14912000007
16.0381900001
16.87231
4.76255999994
12.5112199999
