18.5775799999
14.95843
14.0671499999
12.6271200001
10.53565
10.63888
10.1468699999
11.1450200001
8.02356
16.8106399999
13.93069
10.7612299999
20.4654300001
15.43862
15.2013600001
6.83412000001
13.41629
10.82252
12.8683399999
18.47803
16.0655100001
17.99972
11.3322000001
16.98967
19.5890599999
14.6671499999
17.5667199999
13.2050500001
11.8312499999
11.6791699999
8.65118000016
12.3531999999
9.38219000003
10.80168
17.6737
15.5069900001
13.41311
20.1958399998
15.4632
7.89838999999
11.04596
8.49014000001
10.51213
7.48730000004
8.97039999999
18.88086
6.7067000001
21.10331
20.16818
9.61366999988
