14.83441
7.62606000004
5.49239999999
10.19654
24.51434
10.1156
14.9648200002
9.71564000007
18.2622900001
7.48163000005
10.0021999999
16.72057
11.3351499999
15.2699599999
8.92315000005
11.01875
22.41776
14.1417499998
9.42787000001
22.57773
18.1543599998
13.65049
16.23552
19.8219999999
15.38182
12.17061
6.05613000004
18.7493
29.72572
12.49706
15.48746
29.0419099999
12.6820199999
8.34965000011
19.1776899999
10.5481599999
7.9558900001
21.2587600001
12.8714600001
3.55113999988
7.55205000006
11.40758
10.62358
5.23904000013
13.69212
19.77016
8.68912
7.02554000006
14.313
19.6649000001
