17.0868200001
14.02637
9.23941000004
5.77295000001
10.21243
9.75582000008
12.9425300001
11.4505
12.7304399998
8.38786000002
10.7113900001
12.7246999999
15.31342
20.81736
14.85693
14.3299199999
19.3119900001
9.8446800001
10.69813
29.75795
18.16822
13.5300199999
13.16654
18.06971
9.69378000009
13.3118699999
11.46381
19.62141
13.6411600001
14.27353
13.1891300001
11.16257
13.1318
5.65933000005
19.22147
19.3957599999
23.7944799999
12.8401700001
10.4251700001
20.1415299999
11.3219999999
7.39338999998
11.20559
23.8270800001
11.02451
12.72386
27.03003
13.74102
13.42524
15.83462
