6.32764999999
13.93694
8.34465999994
8.54218999995
18.22566
15.1067400001
13.74391
13.46297
16.6604599999
11.36819
10.1350900001
12.8365399999
4.8195300001
21.87735
13.95102
5.64280000003
10.3186700001
9.69662000006
6.89257000003
9.22122000006
15.2759499999
22.60609
6.16392000008
25.8007199999
14.2571099999
18.1895100001
11.2471500001
10.12691
18.06204
5.49023
7.38575999998
11.06495
12.92343
15.0503300001
15.74896
9.86849999998
22.52779
17.52995
11.3424699999
17.6980499999
5.61190000002
8.97206000006
13.74196
16.87709
13.92082
22.6895
4.62651999993
22.3755200001
8.61144999997
7.39810000011
