9.77509999997
11.52474
17.10564
14.4395200001
14.4807300001
20.91307
18.3189600001
15.4345
18.20019
12.19722
9.78330999997
5.58013000002
13.5638600001
11.44033
19.8195700001
20.1455400001
19.2559400001
12.88014
12.6208999999
19.26971
15.2807499999
10.61829
6.58514999994
15.2078600001
20.2510299999
8.58668000007
16.6884399999
11.0812200001
15.628
20.24855
13.02599
53.6548000001
7.62847
8.55102999997
20.6801700001
14.4662999999
17.4758199999
4.81819000002
21.47109
8.84622999991
12.7172200001
28.2965599999
14.86506
11.3028399999
9.34062000003
5.29025999992
13.30814
11.57201
10.3043799999
8.28372000006
