13.9552300002
22.83331
13.6244099999
19.8556700002
11.53741
17.1257999999
20.20716
15.18389
22.24862
11.5486600001
6.21506999992
12.00079
5.94665000006
19.9973700001
7.30037000007
23.2664900001
14.5277999999
14.6458299999
11.65677
21.31099
19.4778900001
8.01591999992
9.9264600001
20.2735700001
15.7402200002
17.0942299999
8.95652000001
18.7933899999
11.90624
14.1399300001
12.80788
22.8372899999
17.0485200002
6.85178000003
19.78475
10.6893300001
24.1660900002
55.5315999999
13.83344
20.13333
3.81669000001
16.78235
7.02119000012
12.50973
15.4712200001
27.97241
5.53764999995
20.4682800001
12.8952500001
9.61690000002
