15.2291499999
8.86979000003
12.41707
7.16299999994
14.03642
6.9699100001
33.9455800001
7.17029000004
12.7088000001
9.35764000006
18.39595
17.46584
11.9503900001
13.93767
21.2021799999
10.25158
9.8015399999
8.37409000006
13.0621900002
13.2066900001
16.0687699999
19.28374
10.31971
14.2226400001
19.31606
19.2313500001
8.62737
4.13281999994
17.52543
11.25452
14.08493
10.8835299998
18.27581
10.65816
7.93748999992
16.4640799999
19.5199600001
14.7778099999
9.36574000015
13.6302100002
14.4251700001
9.85508000001
8.56031000009
12.1334200001
7.73482999997
13.33209
10.6460699999
16.12583
8.88698999991
15.2056100001
