14.6520800003
7.72704999999
8.40699000005
10.97459
14.94956
11.3211300001
17.92545
11.7798
10.0960200001
12.05678
19.89516
8.96580999997
9.68821999989
7.72371999989
13.45912
23.06895
18.63318
12.21008
9.58065999998
31.0634400001
11.8831900001
12.9756899999
9.36959000002
10.08714
13.22798
14.3838200001
15.74525
18.7941299999
13.11223
18.04087
7.39514999988
19.5198600001
11.2483800001
15.3704900001
12.3234399999
15.4504399998
11.32822
8.41995000001
7.86748999998
28.75862
20.04354
14.38528
6.50104999996
14.0268600001
8.00679000001
14.7127799999
12.52758
9.38598999998
13.3647100001
5.16088999994
