18.8535099999
53.16342
16.26131
12.1612099999
20.998
9.8443900001
12.49807
9.28234000015
16.8940999999
11.3786199999
13.87822
53.11086
8.93204999994
15.3491
22.02518
10.45841
17.9947200001
11.1868
12.1588099999
12.8399199999
6.76113
11.0185100001
21.3565200001
8.25078
8.25112999999
17.5855500001
9.51573999994
17.0694800001
12.81756
34.70654
19.9824200001
14.79609
11.83447
7.6044800001
25.39301
5.21830999991
8.18723000004
24.8491699999
12.35994
17.47637
13.57151
16.8189
23.73774
16.66903
13.3097999999
12.58011
12.42184
10.65016
13.80456
16.2009000001
