9.26780000003
13.64595
11.20117
16.9661600001
14.14232
8.11728000001
8.0767199999
6.17786000005
13.1841000001
5.81956999993
12.9760200001
7.58366999996
19.58887
20.99859
13.62029
19.13853
12.71113
7.93743000005
16.99338
13.2540999998
17.6592499999
12.1285999999
13.6502099999
19.6375899999
24.2375
14.7406100001
17.21427
25.34075
23.98226
6.10837000015
10.4766000001
6.71271999995
20.15327
7.50273000007
9.88715999993
6.37288000004
9.0048
8.2554599999
15.5958
7.45036000002
17.1090700001
15.41025
9.14027000009
25.42622
16.29458
9.36251000001
11.75719
10.07021
14.67639
18.57167
