12.45736
13.62292
8.77180999995
9.5419500001
21.5873599999
12.56617
12.87352
15.2469199999
11.0998300001
12.96218
36.62552
8.69474000006
8.77893999999
5.03839
6.28967999993
5.97129000002
4.68067000003
8.35067999992
8.36046
23.20928
9.28737000003
12.18797
22.3563999999
13.9349000002
10.0151600001
11.3416099999
20.6308
21.3121699999
24.73961
12.82439
17.0200699999
12.99563
4.94355999993
9.38861999998
4.37867999997
10.4909100001
10.82088
17.4530399998
6.58942999993
4.1973
7.70029999991
12.4411599999
16.5688599999
30.26894
21.9523799999
8.81370000006
9.94760999992
16.38487
24.43353
7.62242999999
