34.9256600001
8.09083
14.24072
28.8049000001
7.28779999993
17.6283100001
15.5412099999
6.82564000005
16.30772
20.1389499998
19.24402
9.97470000014
7.21273000003
33.91651
17.7824300001
16.81095
10.59562
15.09176
19.46685
9.89434
10.52403
9.01010999992
14.15147
16.9098199999
6.29129000008
14.1122100002
11.83944
12.98302
5.03314000007
11.01749
13.9849200001
13.65329
9.74002000003
14.6564599999
13.55105
16.3966000001
6.54789999989
18.91922
6.67118999991
16.77518
15.18826
21.4558199999
12.9268
13.63754
14.5423200001
11.53282
13.17608
9.49482999998
17.50705
10.75826
