14.3428699999
10.14813
8.52731000003
10.5089499999
13.58944
15.0374500001
6.01973000006
9.52290999994
20.80459
21.36236
12.18414
9.33376000007
13.6020500001
12.2055200001
13.14224
16.5574599998
18.6677999999
14.91232
15.2307899999
5.30126999994
6.0173999999
14.8520499999
14.9388899999
9.54782000009
10.81967
10.0520599999
9.96759000013
10.4166
10.8145
3.3820000001
15.8620500001
8.42919000005
11.40673
14.5492100001
8.10729000007
13.50187
6.23029999994
19.29786
25.3803300001
14.6677100001
13.34516
9.93771999993
10.68314
19.1280799999
8.51734999986
13.30414
15.4328800001
6.89578000002
11.1575800001
18.04149
