9.01919999998
9.26639999996
11.2192199999
17.61838
7.74127
51.64558
12.41625
18.81035
10.53244
6.48910999997
15.2703499999
27.3633
19.05999
13.11409
13.82547
13.5272499999
14.5245999999
12.33983
6.8974299999
11.14813
16.9924300001
19.6730899999
6.54793000012
12.98332
18.5885600001
11.0161799999
12.2769899999
20.17232
19.4234200001
10.4150900001
12.4661
14.4077299999
16.7091700002
7.49332999997
20.3716600001
16.8729600001
11.30959
16.2796900001
12.3352399999
13.0507999999
8.7683900001
11.8398899999
16.1504500001
20.2187
13.17729
13.0224199999
5.67175999994
26.9589500001
25.99848
11.9706499999
