11.7123299999
18.08138
15.6173
5.56108000001
18.7741200001
16.8881099999
8.05678999994
17.36579
8.68374999997
10.8994
15.6193
15.0046799999
9.64637999993
9.96601999993
13.57883
10.4115599999
9.19013000012
10.9504499999
11.9896
12.70899
14.4781900001
15.7511400001
7.41949
10.75278
18.1970299999
18.67363
13.81253
6.74926999991
11.2342299999
17.2345199999
5.42443999997
19.45865
9.12799999991
10.6689899999
12.9240900001
19.85671
8.16067999997
16.93217
5.09615000011
23.0397099999
16.56455
17.8543499999
13.57027
17.39433
15.2927799999
21.0451600001
18.1978000001
17.75854
6.81568
19.50497
9.01919999998
9.26639999996
11.2192199999
17.61838
7.74127
51.64558
12.41625
18.81035
10.53244
6.48910999997
15.2703499999
27.3633
19.05999
13.11409
13.82547
13.5272499999
14.5245999999
12.33983
6.8974299999
11.14813
16.9924300001
19.6730899999
6.54793000012
12.98332
18.5885600001
11.0161799999
12.2769899999
20.17232
19.4234200001
10.4150900001
12.4661
14.4077299999
16.7091700002
7.49332999997
20.3716600001
16.8729600001
11.30959
16.2796900001
12.3352399999
13.0507999999
8.7683900001
11.8398899999
16.1504500001
20.2187
13.17729
13.0224199999
5.67175999994
26.9589500001
25.99848
11.9706499999
15.2291499999
8.86979000003
12.41707
7.16299999994
14.03642
6.9699100001
33.9455800001
7.17029000004
12.7088000001
9.35764000006
18.39595
17.46584
11.9503900001
13.93767
21.2021799999
10.25158
9.8015399999
8.37409000006
13.0621900002
13.2066900001
16.0687699999
19.28374
10.31971
14.2226400001
19.31606
19.2313500001
8.62737
4.13281999994
17.52543
11.25452
14.08493
10.8835299998
18.27581
10.65816
7.93748999992
16.4640799999
19.5199600001
14.7778099999
9.36574000015
13.6302100002
14.4251700001
9.85508000001
8.56031000009
12.1334200001
7.73482999997
13.33209
10.6460699999
16.12583
8.88698999991
15.2056100001
18.5775799999
14.95843
14.0671499999
12.6271200001
10.53565
10.63888
10.1468699999
11.1450200001
8.02356
16.8106399999
13.93069
10.7612299999
20.4654300001
15.43862
15.2013600001
6.83412000001
13.41629
10.82252
12.8683399999
18.47803
16.0655100001
17.99972
11.3322000001
16.98967
19.5890599999
14.6671499999
17.5667199999
13.2050500001
11.8312499999
11.6791699999
8.65118000016
12.3531999999
9.38219000003
10.80168
17.6737
15.5069900001
13.41311
20.1958399998
15.4632
7.89838999999
11.04596
8.49014000001
10.51213
7.48730000004
8.97039999999
18.88086
6.7067000001
21.10331
20.16818
9.61366999988
7.84192999988
14.96611
12.1151599999
13.3849499999
10.00685
14.62865
13.9156600001
16.09352
15.81233
7.55556000012
11.3769800001
16.3203800002
9.29436000006
12.679
9.26477000001
14.0126
22.5603199999
16.43716
6.21372999996
17.33224
14.71294
16.61379
6.10722000001
14.3737999999
10.9282
23.09413
7.81968000007
8.43211000005
13.9158000001
11.9737600002
13.65673
16.8785400001
6.57328000001
22.22168
9.82568999997
17.26969
10.1844499999
14.15373
17.48375
9.36347999994
6.74029999995
14.42979
7.99994000001
9.21496999997
21.6278
11.20007
7.65214999986
9.30281000002
20.2908399999
20.0445399999
9.77509999997
11.52474
17.10564
14.4395200001
14.4807300001
20.91307
18.3189600001
15.4345
18.20019
12.19722
9.78330999997
5.58013000002
13.5638600001
11.44033
19.8195700001
20.1455400001
19.2559400001
12.88014
12.6208999999
19.26971
15.2807499999
10.61829
6.58514999994
15.2078600001
20.2510299999
8.58668000007
16.6884399999
11.0812200001
15.628
20.24855
13.02599
53.6548000001
7.62847
8.55102999997
20.6801700001
14.4662999999
17.4758199999
4.81819000002
21.47109
8.84622999991
12.7172200001
28.2965599999
14.86506
11.3028399999
9.34062000003
5.29025999992
13.30814
11.57201
10.3043799999
8.28372000006
12.45736
13.62292
8.77180999995
9.5419500001
21.5873599999
12.56617
12.87352
15.2469199999
11.0998300001
12.96218
36.62552
8.69474000006
8.77893999999
5.03839
6.28967999993
5.97129000002
4.68067000003
8.35067999992
8.36046
23.20928
9.28737000003
12.18797
22.3563999999
13.9349000002
10.0151600001
11.3416099999
20.6308
21.3121699999
24.73961
12.82439
17.0200699999
12.99563
4.94355999993
9.38861999998
4.37867999997
10.4909100001
10.82088
17.4530399998
6.58942999993
4.1973
7.70029999991
12.4411599999
16.5688599999
30.26894
21.9523799999
8.81370000006
9.94760999992
16.38487
24.43353
7.62242999999
11.3678400001
16.4959
16.0517600001
17.6801
13.08722
6.81150999991
6.67552000005
18.18748
19.1238399999
19.83904
18.9227199999
14.3534899999
13.0147899999
17.3123400001
6.56436000008
16.4994399999
40.5280700001
15.47621
8.07834000001
16.44169
17.6907
10.4437999999
15.25372
10.1688099998
12.12469
11.7387300001
16.7096800001
6.96340000001
8.95844999992
18.43401
18.8545399999
7.83637000015
16.0244100001
11.3210900001
11.4563899999
25.6913800002
18.54416
11.3327299999
15.3455099999
7.09552999993
8.72496000002
17.86038
13.75145
14.7188
6.13109000004
7.25129000004
9.73761000007
15.5618800001
15.75529
14.0184899999
5.95270000002
13.4067299999
11.47811
26.2779800001
11.31368
19.71879
13.6624199999
19.73911
6.38820000004
25.20023
10.22213
13.65402
19.4379199999
21.37408
11.79655
19.8344500001
11.20233
8.09623000002
7.68868999998
17.99006
11.76332
17.02302
13.99882
10.56626
14.6579900001
15.14354
19.62764
13.6542400001
29.6199599999
11.50303
17.82656
13.9683300001
19.9485400001
12.7417799999
7.04870000016
16.90379
13.4317000001
8.68043000007
21.56585
21.3387099999
14.2001400001
23.4304599999
8.70700000005
9.43238999997
11.7899100001
11.6169499999
12.44282
14.9411300002
9.75641999999
10.6801199999
9.26780000003
13.64595
11.20117
16.9661600001
14.14232
8.11728000001
8.0767199999
6.17786000005
13.1841000001
5.81956999993
12.9760200001
7.58366999996
19.58887
20.99859
13.62029
19.13853
12.71113
7.93743000005
16.99338
13.2540999998
17.6592499999
12.1285999999
13.6502099999
19.6375899999
24.2375
14.7406100001
17.21427
25.34075
23.98226
6.10837000015
10.4766000001
6.71271999995
20.15327
7.50273000007
9.88715999993
6.37288000004
9.0048
8.2554599999
15.5958
7.45036000002
17.1090700001
15.41025
9.14027000009
25.42622
16.29458
9.36251000001
11.75719
10.07021
14.67639
18.57167
14.83441
7.62606000004
5.49239999999
10.19654
24.51434
10.1156
14.9648200002
9.71564000007
18.2622900001
7.48163000005
10.0021999999
16.72057
11.3351499999
15.2699599999
8.92315000005
11.01875
22.41776
14.1417499998
9.42787000001
22.57773
18.1543599998
13.65049
16.23552
19.8219999999
15.38182
12.17061
6.05613000004
18.7493
29.72572
12.49706
15.48746
29.0419099999
12.6820199999
8.34965000011
19.1776899999
10.5481599999
7.9558900001
21.2587600001
12.8714600001
3.55113999988
7.55205000006
11.40758
10.62358
5.23904000013
13.69212
19.77016
8.68912
7.02554000006
14.313
19.6649000001
34.9256600001
8.09083
14.24072
28.8049000001
7.28779999993
17.6283100001
15.5412099999
6.82564000005
16.30772
20.1389499998
19.24402
9.97470000014
7.21273000003
33.91651
17.7824300001
16.81095
10.59562
15.09176
19.46685
9.89434
10.52403
9.01010999992
14.15147
16.9098199999
6.29129000008
14.1122100002
11.83944
12.98302
5.03314000007
11.01749
13.9849200001
13.65329
9.74002000003
14.6564599999
13.55105
16.3966000001
6.54789999989
18.91922
6.67118999991
16.77518
15.18826
21.4558199999
12.9268
13.63754
14.5423200001
11.53282
13.17608
9.49482999998
17.50705
10.75826
13.5685700001
10.85171
18.72467
14.4605500001
9.85783999995
14.7174
14.7001599999
19.66654
17.8330100001
13.24482
14.80339
8.26840000006
12.07849
12.9292
12.4687500001
20.48612
12.91419
15.1323900002
10.84522
5.5814299999
14.5634000001
10.54814
3.71010000014
10.65068
20.99216
14.29278
6.98685999995
11.81611
16.3484200001
17.5896099999
12.83502
19.28728
12.37395
14.44339
8.95189000003
5.4134800001
7.28071999992
13.9347799999
7.94329000008
7.67628000001
15.45036
14.7293600001
17.20141
15.1722199999
11.19911
8.14912000007
16.0381900001
16.87231
4.76255999994
12.5112199999
14.3428699999
10.14813
8.52731000003
10.5089499999
13.58944
15.0374500001
6.01973000006
9.52290999994
20.80459
21.36236
12.18414
9.33376000007
13.6020500001
12.2055200001
13.14224
16.5574599998
18.6677999999
14.91232
15.2307899999
5.30126999994
6.0173999999
14.8520499999
14.9388899999
9.54782000009
10.81967
10.0520599999
9.96759000013
10.4166
10.8145
3.3820000001
15.8620500001
8.42919000005
11.40673
14.5492100001
8.10729000007
13.50187
6.23029999994
19.29786
25.3803300001
14.6677100001
13.34516
9.93771999993
10.68314
19.1280799999
8.51734999986
13.30414
15.4328800001
6.89578000002
11.1575800001
18.04149
6.32764999999
13.93694
8.34465999994
8.54218999995
18.22566
15.1067400001
13.74391
13.46297
16.6604599999
11.36819
10.1350900001
12.8365399999
4.8195300001
21.87735
13.95102
5.64280000003
10.3186700001
9.69662000006
6.89257000003
9.22122000006
15.2759499999
22.60609
6.16392000008
25.8007199999
14.2571099999
18.1895100001
11.2471500001
10.12691
18.06204
5.49023
7.38575999998
11.06495
12.92343
15.0503300001
15.74896
9.86849999998
22.52779
17.52995
11.3424699999
17.6980499999
5.61190000002
8.97206000006
13.74196
16.87709
13.92082
22.6895
4.62651999993
22.3755200001
8.61144999997
7.39810000011
6.80506000004
7.54580000008
15.5737999999
27.3101599999
5.45831000002
13.48569
3.63582999993
11.18712
8.23563999997
8.33837999997
18.9344199999
15.6627399999
18.5164099999
12.6351099999
12.28853
15.79975
15.02744
6.44192000001
11.7021000001
24.2663200001
10.6889900001
14.0210000001
4.79541000002
14.5268299999
15.40844
6.43244
18.5280000002
20.4087400001
20.0878000001
8.31903000001
16.17574
15.1154199999
7.74333999993
7.97636999993
9.74514000013
11.3292700001
18.4413699999
7.57556999999
13.12897
19.9585699999
37.2955499999
21.0024600001
11.05688
8.30307000002
10.7409100001
8.49566000002
11.6554899999
13.76549
9.69195000012
17.24148
18.8535099999
53.16342
16.26131
12.1612099999
20.998
9.8443900001
12.49807
9.28234000015
16.8940999999
11.3786199999
13.87822
53.11086
8.93204999994
15.3491
22.02518
10.45841
17.9947200001
11.1868
12.1588099999
12.8399199999
6.76113
11.0185100001
21.3565200001
8.25078
8.25112999999
17.5855500001
9.51573999994
17.0694800001
12.81756
34.70654
19.9824200001
14.79609
11.83447
7.6044800001
25.39301
5.21830999991
8.18723000004
24.8491699999
12.35994
17.47637
13.57151
16.8189
23.73774
16.66903
13.3097999999
12.58011
12.42184
10.65016
13.80456
16.2009000001
13.9552300002
22.83331
13.6244099999
19.8556700002
11.53741
17.1257999999
20.20716
15.18389
22.24862
11.5486600001
6.21506999992
12.00079
5.94665000006
19.9973700001
7.30037000007
23.2664900001
14.5277999999
14.6458299999
11.65677
21.31099
19.4778900001
8.01591999992
9.9264600001
20.2735700001
15.7402200002
17.0942299999
8.95652000001
18.7933899999
11.90624
14.1399300001
12.80788
22.8372899999
17.0485200002
6.85178000003
19.78475
10.6893300001
24.1660900002
55.5315999999
13.83344
20.13333
3.81669000001
16.78235
7.02119000012
12.50973
15.4712200001
27.97241
5.53764999995
20.4682800001
12.8952500001
9.61690000002
14.6520800003
7.72704999999
8.40699000005
10.97459
14.94956
11.3211300001
17.92545
11.7798
10.0960200001
12.05678
19.89516
8.96580999997
9.68821999989
7.72371999989
13.45912
23.06895
18.63318
12.21008
9.58065999998
31.0634400001
11.8831900001
12.9756899999
9.36959000002
10.08714
13.22798
14.3838200001
15.74525
18.7941299999
13.11223
18.04087
7.39514999988
19.5198600001
11.2483800001
15.3704900001
12.3234399999
15.4504399998
11.32822
8.41995000001
7.86748999998
28.75862
20.04354
14.38528
6.50104999996
14.0268600001
8.00679000001
14.7127799999
12.52758
9.38598999998
13.3647100001
5.16088999994
17.0868200001
14.02637
9.23941000004
5.77295000001
10.21243
9.75582000008
12.9425300001
11.4505
12.7304399998
8.38786000002
10.7113900001
12.7246999999
15.31342
20.81736
14.85693
14.3299199999
19.3119900001
9.8446800001
10.69813
29.75795
18.16822
13.5300199999
13.16654
18.06971
9.69378000009
13.3118699999
11.46381
19.62141
13.6411600001
14.27353
13.1891300001
11.16257
13.1318
5.65933000005
19.22147
19.3957599999
23.7944799999
12.8401700001
10.4251700001
20.1415299999
11.3219999999
7.39338999998
11.20559
23.8270800001
11.02451
12.72386
27.03003
13.74102
13.42524
15.83462
