5.95270000002
13.4067299999
11.47811
26.2779800001
11.31368
19.71879
13.6624199999
19.73911
6.38820000004
25.20023
10.22213
13.65402
19.4379199999
21.37408
11.79655
19.8344500001
11.20233
8.09623000002
7.68868999998
17.99006
11.76332
17.02302
13.99882
10.56626
14.6579900001
15.14354
19.62764
13.6542400001
29.6199599999
11.50303
17.82656
13.9683300001
19.9485400001
12.7417799999
7.04870000016
16.90379
13.4317000001
8.68043000007
21.56585
21.3387099999
14.2001400001
23.4304599999
8.70700000005
9.43238999997
11.7899100001
11.6169499999
12.44282
14.9411300002
9.75641999999
10.6801199999
