6.80506000004
7.54580000008
15.5737999999
27.3101599999
5.45831000002
13.48569
3.63582999993
11.18712
8.23563999997
8.33837999997
18.9344199999
15.6627399999
18.5164099999
12.6351099999
12.28853
15.79975
15.02744
6.44192000001
11.7021000001
24.2663200001
10.6889900001
14.0210000001
4.79541000002
14.5268299999
15.40844
6.43244
18.5280000002
20.4087400001
20.0878000001
8.31903000001
16.17574
15.1154199999
7.74333999993
7.97636999993
9.74514000013
11.3292700001
18.4413699999
7.57556999999
13.12897
19.9585699999
37.2955499999
21.0024600001
11.05688
8.30307000002
10.7409100001
8.49566000002
11.6554899999
13.76549
9.69195000012
17.24148
