7.84192999988
14.96611
12.1151599999
13.3849499999
10.00685
14.62865
13.9156600001
16.09352
15.81233
7.55556000012
11.3769800001
16.3203800002
9.29436000006
12.679
9.26477000001
14.0126
22.5603199999
16.43716
6.21372999996
17.33224
14.71294
16.61379
6.10722000001
14.3737999999
10.9282
23.09413
7.81968000007
8.43211000005
13.9158000001
11.9737600002
13.65673
16.8785400001
6.57328000001
22.22168
9.82568999997
17.26969
10.1844499999
14.15373
17.48375
9.36347999994
6.74029999995
14.42979
7.99994000001
9.21496999997
21.6278
11.20007
7.65214999986
9.30281000002
20.2908399999
20.0445399999
