9.01297000004
10.89102
13.59084
11.49925
16.71184
9.60431999993
12.55568
22.3158999999
7.45003999991
12.4241500001
14.06105
26.9919200001
6.33600000001
14.2514
19.97474
10.42943
13.4165000001
9.90941999992
8.46443000005
12.35572
18.08971
17.8247900001
15.08409
11.77073
6.23433000012
6.57041999989
10.5447
15.4222899999
8.45690999995
16.3961
7.63808999991
10.8785
16.5756900001
7.98375000013
7.99201000005
11.6194999998
16.3610299999
14.7878400001
14.3229699999
14.26777
7.98025999998
16.9174499999
15.54104
15.02388
12.76689
11.0353399999
12.5656099999
10.9310999999
11.9425899999
10.2951699999
