9.22083000001
12.2252700001
15.6925700001
11.0767800001
6.97155999998
9.40890000015
18.8932400001
10.8204000001
17.0732400001
8.54418000008
14.23193
15.77639
17.05097
13.7149700001
8.94394000003
8.22147000011
7.80963000003
20.74642
14.27751
8.89093999995
5.36537000001
5.76653999998
17.65581
19.47268
8.95161999995
13.71872
7.93514000007
8.06894999999
16.9745600001
12.68754
11.67678
11.0686299999
19.4820000001
9.50479000004
14.3568099999
12.3143200001
15.50488
18.2195100001
8.83098999993
9.39572000003
11.89298
5.46209999989
6.22586999997
16.13689
19.29045
13.4497800001
6.00731000002
12.8513
11.9100800001
14.27196
