26.89797
6.60328999988
18.12708
16.7170299999
12.66934
10.99172
6.88413999998
6.21643999999
7.70314
7.01230000006
10.7493799998
6.87303000002
9.91231000004
15.0995499999
12.1184900001
15.9376899999
14.5070100001
13.88566
19.3098899999
21.4851700001
9.44405999989
9.67371
14.82873
8.57048999984
11.5508699999
9.80819000001
11.5679800001
7.98781000008
12.8655300001
14.05888
13.52136
7.93747
6.32708000008
9.80191000004
15.2319899999
14.2315799999
8.67172999994
3.15483000001
15.76883
17.98354
10.90752
10.434
13.7165999999
10.9402300001
13.91386
12.19343
6.5411700001
14.41915
13.16218
19.60351
