14.02483
16.12691
11.62787
13.9416500001
10.12548
15.82569
12.4064399999
11.6232799999
17.85406
6.91873999999
7.67855000007
17.4232899999
12.8603500001
6.37105999992
18.52752
12.12392
8.0148
14.62908
26.9450500001
16.70393
12.1314000001
9.35367999994
5.09990999999
12.20574
14.28406
11.99109
13.24182
11.6854799999
11.4243399999
12.8475900001
11.1438500001
11.3319199998
20.60705
11.80726
21.7137
20.88098
15.52681
18.5446499999
9.51413000003
15.19271
14.8155799999
8.82727999997
20.17315
12.0875299999
18.58947
11.0726800001
9.81835000007
9.09282999998
6.94556000002
10.00476
