14.3237500002
15.71774
14.0168000001
9.49673000001
4.76351999992
7.61277000001
4.10578999994
6.84294999985
14.97517
13.58474
19.1137000001
8.29819999996
7.55992000003
17.38682
18.3557899999
10.28676
18.0044699999
12.66412
12.0905200001
18.1239100001
7.46371000004
15.91322
14.45443
18.0912
9.96373000008
3.95617000002
15.43558
9.09900000005
4.65341999999
15.0157699999
8.16573000001
12.75946
11.66399
30.17923
10.85199
7.10165999993
18.2638300001
8.74367000011
17.27394
20.8640300001
12.2780599999
12.46501
9.50078999996
10.1161799998
16.4154500001
14.4540200001
14.2255200001
7.45487999998
14.83884
6.00493000005
