16.7618499999
5.27558000013
18.70623
14.5778899998
17.0087
8.6585100001
17.85005
8.19752000005
16.96799
19.0348
11.6491999999
18.59455
14.98572
14.05021
10.47789
8.01164000004
18.1588900001
5.98765999998
7.03037000017
11.0963700002
19.6679400001
23.10087
13.1364999999
8.15220000001
10.0927200001
9.38411999994
6.31840999995
8.63620000007
7.31838999991
7.39224000007
18.74923
15.6274400002
13.7833599999
9.95058000006
7.81574999995
15.8594900001
10.16853
7.20360999985
15.7477100001
21.23391
16.8217199999
13.74558
14.6380899999
13.0711999999
11.3653200001
17.12236
13.6900299999
10.99418
9.75392999989
9.60363000014
