9.22083000001
12.2252700001
15.6925700001
11.0767800001
6.97155999998
9.40890000015
18.8932400001
10.8204000001
17.0732400001
8.54418000008
14.23193
15.77639
17.05097
13.7149700001
8.94394000003
8.22147000011
7.80963000003
20.74642
14.27751
8.89093999995
5.36537000001
5.76653999998
17.65581
19.47268
8.95161999995
13.71872
7.93514000007
8.06894999999
16.9745600001
12.68754
11.67678
11.0686299999
19.4820000001
9.50479000004
14.3568099999
12.3143200001
15.50488
18.2195100001
8.83098999993
9.39572000003
11.89298
5.46209999989
6.22586999997
16.13689
19.29045
13.4497800001
6.00731000002
12.8513
11.9100800001
14.27196
9.01297000004
10.89102
13.59084
11.49925
16.71184
9.60431999993
12.55568
22.3158999999
7.45003999991
12.4241500001
14.06105
26.9919200001
6.33600000001
14.2514
19.97474
10.42943
13.4165000001
9.90941999992
8.46443000005
12.35572
18.08971
17.8247900001
15.08409
11.77073
6.23433000012
6.57041999989
10.5447
15.4222899999
8.45690999995
16.3961
7.63808999991
10.8785
16.5756900001
7.98375000013
7.99201000005
11.6194999998
16.3610299999
14.7878400001
14.3229699999
14.26777
7.98025999998
16.9174499999
15.54104
15.02388
12.76689
11.0353399999
12.5656099999
10.9310999999
11.9425899999
10.2951699999
9.10378999996
10.6321
9.75450000004
8.31359000003
20.25428
10.9209900001
5.95507000003
14.1219300001
18.34249
16.8658399999
10.8307
6.75699000002
11.0772699999
11.0403
7.39214000001
14.22843
14.1346100001
7.05559999996
8.92775000015
19.4681599999
21.70635
11.2390899999
21.67221
21.49962
12.3534899999
12.36335
5.44082000002
11.2245299999
15.0665499999
11.7832600001
13.64374
13.82408
24.13575
19.46578
5.22542000003
14.50576
15.9463999999
13.6612999999
13.84734
7.1706699999
9.76917999994
8.29927999992
11.36477
6.76481999992
15.31239
5.25780999998
17.5032
15.08406
10.91661
15.68352
9.60409999988
17.0185700002
14.15854
15.4101699999
12.30328
13.38298
11.0554800001
19.58714
8.35291000002
7.83601999993
9.71640000003
14.94226
17.27929
10.3168899999
21.50744
11.2975900001
11.5861500001
16.84081
12.17457
12.2721899999
9.32045
19.00848
9.36178999988
11.8757999999
15.9607500001
11.96457
10.7449399999
6.85563000001
21.02144
16.6788699999
22.57106
10.94974
9.35389000003
17.6065100001
7.56707999995
13.1799400001
17.3032
15.2528799999
3.59737999993
15.6554699999
19.2070099999
11.08289
11.5385400001
31.37553
9.17495000013
12.3165900001
8.6105500001
7.47386999999
9.64104999998
11.48607
9.96250999998
13.7056300002
19.63949
14.19866
9.37034999998
16.32489
11.20479
21.13936
12.53043
10.4753599999
16.73888
14.25524
16.42107
14.0989399999
6.99980999995
10.20643
13.1266200001
6.29309000005
16.9645299998
5.99761999992
13.6602299999
3.48633999994
15.6258
8.69570000016
15.05347
15.0018200001
6.55975999997
9.74888999993
13.0994900001
17.9168
20.17353
10.5880999999
16.1179
11.39238
9.44106999983
9.88738999993
5.51137000008
5.73556000006
12.36006
18.86428
14.6111900001
12.23456
9.98173
14.75074
16.55898
4.32621999993
14.7808699999
6.5329600001
14.64784
14.6893900001
7.92723000003
8.61834000004
13.9036600001
9.62916999997
9.11474999995
15.5393000001
8.97224999999
9.48577000014
8.06677999999
11.2078600001
4.67046000005
7.74592000002
7.95276999997
13.5257
10.3430400001
12.29984
16.5063700001
10.5843600001
14.10013
10.94242
16.60085
7.2114599999
12.3053
9.5625900001
10.2677
6.77435999981
7.47358999995
8.66649999993
7.62809000001
10.61817
21.5370899999
8.53273000009
20.14514
15.45425
14.4389599999
9.62089999998
26.21571
20.7864700001
14.04732
11.40403
10.6082799999
9.77791000006
17.70604
10.85159
14.37639
9.66189999995
11.1322699999
6.61145000008
14.1113099999
9.19314999995
19.6727199999
19.75343
20.3686800001
5.00561999995
12.42032
10.29628
13.4408500001
15.3373499999
16.26303
16.4656999999
17.25625
8.89749999996
12.00994
9.56452999997
10.5501700001
17.08698
6.05572000006
14.6925700001
9.16055999999
12.80266
15.4607000001
14.07252
10.15645
10.2333
12.9342399999
6.45655
18.93564
5.63867999997
17.6931799999
14.39906
6.48799000005
16.38425
12.63001
11.7929
18.7737500001
10.16656
12.8218800001
9.68254999991
9.77870999998
18.97551
16.7641899999
14.01001
16.69564
11.5121899999
12.76757
10.1940200001
15.0209300001
15.7814699999
8.52700999996
9.16464000009
19.19141
11.5603900001
8.76410999987
11.17221
19.5266200001
14.4074000001
6.54325999995
11.07591
9.11875000002
16.55263
17.37249
12.9546500001
8.45008999994
10.7340599999
17.3292500001
10.37453
18.5078100001
4.1659299999
10.9069700002
10.77411
12.6909099998
8.73079000006
14.03522
9.71750000003
6.6131800001
8.1884499999
6.25610000012
4.32918999996
13.1967599998
20.6509900001
6.77139000001
17.2145299999
3.86152000015
13.04562
8.88604999986
6.60832
14.09762
39.3479599999
16.71207
9.39219000004
17.5627200002
8.72133999993
7.16885000013
3.92203000002
11.6073800001
9.58329999994
9.66220000002
17.36913
11.291
14.7581299997
7.44232000003
12.09345
10.12158
14.2536800001
13.48655
9.15862999996
14.2096000001
15.24815
15.7470399999
11.9223499999
10.0296300001
14.2280599999
10.5721400001
34.0157700001
6.8128500001
14.92485
9.54032999987
19.1806600001
9.35407999996
5.82309999992
6.56649000011
15.79338
6.63092000003
19.1183300001
14.2166800001
15.52805
19.00728
18.46838
10.30094
17.73607
6.18946999987
15.15145
13.1688499999
15.4940299999
8.37648000009
16.1667000001
5.08895999996
7.63470000005
7.26869000006
10.7560699999
14.4283500001
11.9193799999
14.16333
14.1884
17.3599299999
8.64089000004
11.2241399999
6.73600999999
16.90683
3.67356999998
14.48963
13.80473
8.50661000004
10.5061300001
13.67554
12.2395199999
24.85704
13.8685299999
23.3348299999
17.42007
14.1762399999
13.65338
6.12713000004
4.47729999991
12.48314
8.30939000007
11.1113699999
16.2920600001
14.03541
18.17619
13.1692299999
9.42239999992
13.1809799999
6.52621999988
12.0344499999
10.2024800001
11.24069
7.44339999999
16.8344500001
13.4571199999
10.04108
15.7958500001
23.4604399999
9.67882999999
11.66441
8.34667
8.80009999999
13.0376
6.87416999997
10.6675199999
6.56657000002
13.42785
14.7267999999
6.36011999997
12.8830499999
7.22213000001
16.01249
11.8215899999
16.08655
12.4989200002
14.02483
16.12691
11.62787
13.9416500001
10.12548
15.82569
12.4064399999
11.6232799999
17.85406
6.91873999999
7.67855000007
17.4232899999
12.8603500001
6.37105999992
18.52752
12.12392
8.0148
14.62908
26.9450500001
16.70393
12.1314000001
9.35367999994
5.09990999999
12.20574
14.28406
11.99109
13.24182
11.6854799999
11.4243399999
12.8475900001
11.1438500001
11.3319199998
20.60705
11.80726
21.7137
20.88098
15.52681
18.5446499999
9.51413000003
15.19271
14.8155799999
8.82727999997
20.17315
12.0875299999
18.58947
11.0726800001
9.81835000007
9.09282999998
6.94556000002
10.00476
8.77680999995
15.5963499999
13.17108
12.0
17.5071800001
12.0684700001
9.74060999998
15.0920599999
11.3460499999
6.73490000004
5.77781999984
7.55823999993
11.7473
5.67040000006
18.77981
7.59904999996
11.0292
7.04440000001
15.19293
7.8849200001
11.8234000001
12.65074
8.11401999998
16.0665099999
15.1366500001
6.62078999996
18.6024600001
17.4495999999
11.4064600001
11.7364399999
6.06357000011
13.2822400001
9.68541999999
9.39896999998
17.57858
15.63642
10.6671
15.4905900002
12.51427
10.1265500002
6.94139000005
21.79844
9.65336999996
17.66085
22.14452
27.9819399999
6.05802999996
11.32265
8.22199000011
6.65408000012
16.35797
14.9996999999
13.01234
13.08239
18.2775999998
18.73709
11.95789
6.85509999981
9.02807999996
11.8673800001
15.71785
14.1507000001
10.71676
13.74251
7.17278000002
8.60365999991
13.7377700002
10.78487
10.3450300001
16.6413499999
15.3356800001
9.95048999996
11.05904
14.3790599999
19.4239799998
13.6829799999
13.8198900002
22.4034800001
7.30822999997
10.87228
12.0214000001
13.5017799999
13.42079
3.78791000007
14.2628200001
21.2466500001
9.42648999998
8.70499
10.3139199999
9.88497999997
15.2682899999
17.64258
16.42825
14.65582
14.16294
17.51833
8.91654000001
8.30951999989
13.13213
13.97066
8.59933
14.6726799998
7.77833
18.20945
19.5979599999
13.3294200001
13.2837799999
13.4644299999
13.3710800001
30.1814700001
8.15865000011
12.74005
14.77587
16.4184500001
11.7811400001
11.3605600001
20.1631800001
5.73019999999
9.14711999986
13.48804
8.64694999997
16.52559
6.46289000008
12.4572500001
6.32141000009
8.52642999997
4.27394999994
12.64383
9.66731000005
13.2625899999
12.5674300001
12.8002300001
13.8877099999
8.86355999985
11.88566
19.31426
19.03738
13.6303300001
10.81806
8.54607000004
15.9578
13.5034
19.85745
20.69696
7.89242999989
6.78969000001
15.62951
18.9437000001
6.62803000002
15.49738
7.83132999996
18.2709400001
6.81706000003
10.58933
11.53766
14.5973200001
6.71889999998
10.2591500001
9.56164999993
8.99934999982
19.3372399999
15.57948
16.0907599999
13.6286899999
4.00345000008
10.68629
12.0936199999
13.0533700001
12.7781500001
11.17617
12.03308
12.0186299999
9.54877000011
13.6689500001
21.1808600001
6.55767000001
20.51616
11.5602999998
17.9090999999
13.29368
18.3622199999
9.63914999994
11.6895300001
11.6052700001
22.1046499999
5.73282999988
15.8666199999
10.4183299999
10.96379
5.02576999995
14.0448800001
13.4134600002
16.1174999999
5.84399999992
14.84754
14.69254
18.8901000001
15.4114100001
9.24923999992
9.93229000003
13.22378
7.54313999997
5.67358000006
9.83033999999
16.0559599999
14.28705
16.6305300001
18.05027
12.5516199999
8.11155000003
9.97556000005
10.70052
12.96588
7.61268000014
10.75628
8.4143399999
18.9962599999
13.55456
14.32799
16.46279
6.91611000011
28.1065
12.20589
10.0564799998
41.3414700001
11.9567299999
21.06241
16.11376
13.3065599999
7.85850999993
15.5465000001
6.85874000005
27.30403
26.69893
18.6630300001
16.3687399999
15.1959200001
13.3524999999
9.95453999995
4.26688000001
18.24555
17.31695
6.85115999996
16.5342699999
13.6049
21.1685700001
12.42103
18.5030199999
7.59073000005
15.34583
16.7618499999
5.27558000013
18.70623
14.5778899998
17.0087
8.6585100001
17.85005
8.19752000005
16.96799
19.0348
11.6491999999
18.59455
14.98572
14.05021
10.47789
8.01164000004
18.1588900001
5.98765999998
7.03037000017
11.0963700002
19.6679400001
23.10087
13.1364999999
8.15220000001
10.0927200001
9.38411999994
6.31840999995
8.63620000007
7.31838999991
7.39224000007
18.74923
15.6274400002
13.7833599999
9.95058000006
7.81574999995
15.8594900001
10.16853
7.20360999985
15.7477100001
21.23391
16.8217199999
13.74558
14.6380899999
13.0711999999
11.3653200001
17.12236
13.6900299999
10.99418
9.75392999989
9.60363000014
26.89797
6.60328999988
18.12708
16.7170299999
12.66934
10.99172
6.88413999998
6.21643999999
7.70314
7.01230000006
10.7493799998
6.87303000002
9.91231000004
15.0995499999
12.1184900001
15.9376899999
14.5070100001
13.88566
19.3098899999
21.4851700001
9.44405999989
9.67371
14.82873
8.57048999984
11.5508699999
9.80819000001
11.5679800001
7.98781000008
12.8655300001
14.05888
13.52136
7.93747
6.32708000008
9.80191000004
15.2319899999
14.2315799999
8.67172999994
3.15483000001
15.76883
17.98354
10.90752
10.434
13.7165999999
10.9402300001
13.91386
12.19343
6.5411700001
14.41915
13.16218
19.60351
18.4743499999
15.49783
9.40169000009
18.6211100001
6.11034999997
15.43324
10.2565299999
11.5317100001
12.05901
10.4113200001
8.91806000005
9.31407999992
8.54028000007
12.75703
10.1295399999
6.93839000002
12.0223200001
15.78604
9.78605
5.38138000004
11.0958
12.19343
9.17907999991
8.87656
7.88294000004
11.79744
9.69763000007
12.72802
13.6294
9.00149000005
13.48204
6.97107000009
12.54287
18.11871
10.20508
11.1297399999
9.30637999997
3.75719999999
22.65439
13.9633000001
11.5877500001
7.60460000008
9.64515
7.17550000001
10.3847400001
17.0687800001
20.8044799999
10.2060700001
10.56186
11.75442
14.3237500002
15.71774
14.0168000001
9.49673000001
4.76351999992
7.61277000001
4.10578999994
6.84294999985
14.97517
13.58474
19.1137000001
8.29819999996
7.55992000003
17.38682
18.3557899999
10.28676
18.0044699999
12.66412
12.0905200001
18.1239100001
7.46371000004
15.91322
14.45443
18.0912
9.96373000008
3.95617000002
15.43558
9.09900000005
4.65341999999
15.0157699999
8.16573000001
12.75946
11.66399
30.17923
10.85199
7.10165999993
18.2638300001
8.74367000011
17.27394
20.8640300001
12.2780599999
12.46501
9.50078999996
10.1161799998
16.4154500001
14.4540200001
14.2255200001
7.45487999998
14.83884
6.00493000005
