8.77680999995
15.5963499999
13.17108
12.0
17.5071800001
12.0684700001
9.74060999998
15.0920599999
11.3460499999
6.73490000004
5.77781999984
7.55823999993
11.7473
5.67040000006
18.77981
7.59904999996
11.0292
7.04440000001
15.19293
7.8849200001
11.8234000001
12.65074
8.11401999998
16.0665099999
15.1366500001
6.62078999996
18.6024600001
17.4495999999
11.4064600001
11.7364399999
6.06357000011
13.2822400001
9.68541999999
9.39896999998
17.57858
15.63642
10.6671
15.4905900002
12.51427
10.1265500002
6.94139000005
21.79844
9.65336999996
17.66085
22.14452
27.9819399999
6.05802999996
11.32265
8.22199000011
6.65408000012
