7.92723000003
8.61834000004
13.9036600001
9.62916999997
9.11474999995
15.5393000001
8.97224999999
9.48577000014
8.06677999999
11.2078600001
4.67046000005
7.74592000002
7.95276999997
13.5257
10.3430400001
12.29984
16.5063700001
10.5843600001
14.10013
10.94242
16.60085
7.2114599999
12.3053
9.5625900001
10.2677
6.77435999981
7.47358999995
8.66649999993
7.62809000001
10.61817
21.5370899999
8.53273000009
20.14514
15.45425
14.4389599999
9.62089999998
26.21571
20.7864700001
14.04732
11.40403
10.6082799999
9.77791000006
17.70604
10.85159
14.37639
9.66189999995
11.1322699999
6.61145000008
14.1113099999
9.19314999995
