7.83132999996
18.2709400001
6.81706000003
10.58933
11.53766
14.5973200001
6.71889999998
10.2591500001
9.56164999993
8.99934999982
19.3372399999
15.57948
16.0907599999
13.6286899999
4.00345000008
10.68629
12.0936199999
13.0533700001
12.7781500001
11.17617
12.03308
12.0186299999
9.54877000011
13.6689500001
21.1808600001
6.55767000001
20.51616
11.5602999998
17.9090999999
13.29368
18.3622199999
9.63914999994
11.6895300001
11.6052700001
22.1046499999
5.73282999988
15.8666199999
10.4183299999
10.96379
5.02576999995
14.0448800001
13.4134600002
16.1174999999
5.84399999992
14.84754
14.69254
18.8901000001
15.4114100001
9.24923999992
9.93229000003
