14.48963
13.80473
8.50661000004
10.5061300001
13.67554
12.2395199999
24.85704
13.8685299999
23.3348299999
17.42007
14.1762399999
13.65338
6.12713000004
4.47729999991
12.48314
8.30939000007
11.1113699999
16.2920600001
14.03541
18.17619
13.1692299999
9.42239999992
13.1809799999
6.52621999988
12.0344499999
10.2024800001
11.24069
7.44339999999
16.8344500001
13.4571199999
10.04108
15.7958500001
23.4604399999
9.67882999999
11.66441
8.34667
8.80009999999
13.0376
6.87416999997
10.6675199999
6.56657000002
13.42785
14.7267999999
6.36011999997
12.8830499999
7.22213000001
16.01249
11.8215899999
16.08655
12.4989200002
