8.59933
14.6726799998
7.77833
18.20945
19.5979599999
13.3294200001
13.2837799999
13.4644299999
13.3710800001
30.1814700001
8.15865000011
12.74005
14.77587
16.4184500001
11.7811400001
11.3605600001
20.1631800001
5.73019999999
9.14711999986
13.48804
8.64694999997
16.52559
6.46289000008
12.4572500001
6.32141000009
8.52642999997
4.27394999994
12.64383
9.66731000005
13.2625899999
12.5674300001
12.8002300001
13.8877099999
8.86355999985
11.88566
19.31426
19.03738
13.6303300001
10.81806
8.54607000004
15.9578
13.5034
19.85745
20.69696
7.89242999989
6.78969000001
15.62951
18.9437000001
6.62803000002
15.49738
