7.44232000003
12.09345
10.12158
14.2536800001
13.48655
9.15862999996
14.2096000001
15.24815
15.7470399999
11.9223499999
10.0296300001
14.2280599999
10.5721400001
34.0157700001
6.8128500001
14.92485
9.54032999987
19.1806600001
9.35407999996
5.82309999992
6.56649000011
15.79338
6.63092000003
19.1183300001
14.2166800001
15.52805
19.00728
18.46838
10.30094
17.73607
6.18946999987
15.15145
13.1688499999
15.4940299999
8.37648000009
16.1667000001
5.08895999996
7.63470000005
7.26869000006
10.7560699999
14.4283500001
11.9193799999
14.16333
14.1884
17.3599299999
8.64089000004
11.2241399999
6.73600999999
16.90683
3.67356999998
