13.22378
7.54313999997
5.67358000006
9.83033999999
16.0559599999
14.28705
16.6305300001
18.05027
12.5516199999
8.11155000003
9.97556000005
10.70052
12.96588
7.61268000014
10.75628
8.4143399999
18.9962599999
13.55456
14.32799
16.46279
6.91611000011
28.1065
12.20589
10.0564799998
41.3414700001
11.9567299999
21.06241
16.11376
13.3065599999
7.85850999993
15.5465000001
6.85874000005
27.30403
26.69893
18.6630300001
16.3687399999
15.1959200001
13.3524999999
9.95453999995
4.26688000001
18.24555
17.31695
6.85115999996
16.5342699999
13.6049
21.1685700001
12.42103
18.5030199999
7.59073000005
15.34583
