19.6727199999
19.75343
20.3686800001
5.00561999995
12.42032
10.29628
13.4408500001
15.3373499999
16.26303
16.4656999999
17.25625
8.89749999996
12.00994
9.56452999997
10.5501700001
17.08698
6.05572000006
14.6925700001
9.16055999999
12.80266
15.4607000001
14.07252
10.15645
10.2333
12.9342399999
6.45655
18.93564
5.63867999997
17.6931799999
14.39906
6.48799000005
16.38425
12.63001
11.7929
18.7737500001
10.16656
12.8218800001
9.68254999991
9.77870999998
18.97551
16.7641899999
14.01001
16.69564
11.5121899999
12.76757
10.1940200001
15.0209300001
15.7814699999
8.52700999996
9.16464000009
