16.35797
14.9996999999
13.01234
13.08239
18.2775999998
18.73709
11.95789
6.85509999981
9.02807999996
11.8673800001
15.71785
14.1507000001
10.71676
13.74251
7.17278000002
8.60365999991
13.7377700002
10.78487
10.3450300001
16.6413499999
15.3356800001
9.95048999996
11.05904
14.3790599999
19.4239799998
13.6829799999
13.8198900002
22.4034800001
7.30822999997
10.87228
12.0214000001
13.5017799999
13.42079
3.78791000007
14.2628200001
21.2466500001
9.42648999998
8.70499
10.3139199999
9.88497999997
15.2682899999
17.64258
16.42825
14.65582
14.16294
17.51833
8.91654000001
8.30951999989
13.13213
13.97066
