9.60409999988
17.0185700002
14.15854
15.4101699999
12.30328
13.38298
11.0554800001
19.58714
8.35291000002
7.83601999993
9.71640000003
14.94226
17.27929
10.3168899999
21.50744
11.2975900001
11.5861500001
16.84081
12.17457
12.2721899999
9.32045
19.00848
9.36178999988
11.8757999999
15.9607500001
11.96457
10.7449399999
6.85563000001
21.02144
16.6788699999
22.57106
10.94974
9.35389000003
17.6065100001
7.56707999995
13.1799400001
17.3032
15.2528799999
3.59737999993
15.6554699999
19.2070099999
11.08289
11.5385400001
31.37553
9.17495000013
12.3165900001
8.6105500001
7.47386999999
9.64104999998
11.48607
