9.96250999998
13.7056300002
19.63949
14.19866
9.37034999998
16.32489
11.20479
21.13936
12.53043
10.4753599999
16.73888
14.25524
16.42107
14.0989399999
6.99980999995
10.20643
13.1266200001
6.29309000005
16.9645299998
5.99761999992
13.6602299999
3.48633999994
15.6258
8.69570000016
15.05347
15.0018200001
6.55975999997
9.74888999993
13.0994900001
17.9168
20.17353
10.5880999999
16.1179
11.39238
9.44106999983
9.88738999993
5.51137000008
5.73556000006
12.36006
18.86428
14.6111900001
12.23456
9.98173
14.75074
16.55898
4.32621999993
14.7808699999
6.5329600001
14.64784
14.6893900001
