18.4743499999
15.49783
9.40169000009
18.6211100001
6.11034999997
15.43324
10.2565299999
11.5317100001
12.05901
10.4113200001
8.91806000005
9.31407999992
8.54028000007
12.75703
10.1295399999
6.93839000002
12.0223200001
15.78604
9.78605
5.38138000004
11.0958
12.19343
9.17907999991
8.87656
7.88294000004
11.79744
9.69763000007
12.72802
13.6294
9.00149000005
13.48204
6.97107000009
12.54287
18.11871
10.20508
11.1297399999
9.30637999997
3.75719999999
22.65439
13.9633000001
11.5877500001
7.60460000008
9.64515
7.17550000001
10.3847400001
17.0687800001
20.8044799999
10.2060700001
10.56186
11.75442
