9.10378999996
10.6321
9.75450000004
8.31359000003
20.25428
10.9209900001
5.95507000003
14.1219300001
18.34249
16.8658399999
10.8307
6.75699000002
11.0772699999
11.0403
7.39214000001
14.22843
14.1346100001
7.05559999996
8.92775000015
19.4681599999
21.70635
11.2390899999
21.67221
21.49962
12.3534899999
12.36335
5.44082000002
11.2245299999
15.0665499999
11.7832600001
13.64374
13.82408
24.13575
19.46578
5.22542000003
14.50576
15.9463999999
13.6612999999
13.84734
7.1706699999
9.76917999994
8.29927999992
11.36477
6.76481999992
15.31239
5.25780999998
17.5032
15.08406
10.91661
15.68352
