19.19141
11.5603900001
8.76410999987
11.17221
19.5266200001
14.4074000001
6.54325999995
11.07591
9.11875000002
16.55263
17.37249
12.9546500001
8.45008999994
10.7340599999
17.3292500001
10.37453
18.5078100001
4.1659299999
10.9069700002
10.77411
12.6909099998
8.73079000006
14.03522
9.71750000003
6.6131800001
8.1884499999
6.25610000012
4.32918999996
13.1967599998
20.6509900001
6.77139000001
17.2145299999
3.86152000015
13.04562
8.88604999986
6.60832
14.09762
39.3479599999
16.71207
9.39219000004
17.5627200002
8.72133999993
7.16885000013
3.92203000002
11.6073800001
9.58329999994
9.66220000002
17.36913
11.291
14.7581299997
