-733910.35207	-733711.64865	-733621.4822	-733521.39893	-733493.63749	-733470.18037	-733462.18833	-733414.2253	-733360.82415	-733347.7852	-733341.41964	-733328.75564	-733328.75564	-733328.75564	-733328.75564	-733328.75564	-733328.75564	-733328.75564	-733328.75564	-733328.75564	
-733910.35207	-733720.60997	-733632.99227	-733581.99002	-733560.77838	-733533.69605	-733522.84286	-733477.57209	-733450.61145	-733419.39587	-733385.70796	-733362.6916	-733348.17192	-733330.07454	-733323.68269	-733317.78449	-733310.5427	-733310.5427	-733310.5427	-733310.5427	
-733910.35207	-733729.42355	-733592.56879	-733512.33341	-733456.82404	-733437.14807	-733392.78583	-733377.99837	-733347.80942	-733320.69224	-733283.77922	-733274.23068	-733250.71529	-733240.83806	-733228.13657	-733214.88768	-733214.88768	-733214.88768	-733214.88768	-733214.88768	
-733910.35207	-733801.96155	-733753.94712	-733676.37777	-733572.7995	-733522.17164	-733456.28054	-733425.44198	-733402.42417	-733391.9868	-733379.21751	-733363.23979	-733352.10828	-733330.71602	-733323.38857	-733323.38857	-733323.38857	-733323.38857	-733323.38857	-733323.38857	
-733910.35207	-733766.62103	-733624.91406	-733557.65504	-733532.96161	-733527.42625	-733458.96125	-733418.96745	-733390.09049	-733373.84156	-733343.72624	-733325.72098	-733314.89701	-733297.93874	-733290.48412	-733280.23592	-733280.23592	-733280.23592	-733280.23592	-733280.23592	
-733910.35207	-733697.44869	-733617.71761	-733542.46269	-733485.84543	-733418.31657	-733396.99805	-733393.79541	-733372.3767	-733340.34109	-733328.10968	-733304.96535	-733291.03493	-733277.28156	-733266.06123	-733266.06123	-733266.06123	-733266.06123	-733266.06123	-733266.06123	
-733910.35207	-733660.83114	-733539.66398	-733475.15702	-733460.15319	-733448.90431	-733409.22634	-733409.22634	-733342.47824	-733308.47907	-733293.34844	-733253.02372	-733249.04108	-733241.258	-733241.258	-733241.258	-733241.258	-733241.258	-733241.258	-733241.258	
-733910.35207	-733759.40182	-733709.80358	-733642.52947	-733599.41045	-733555.95743	-733514.61575	-733491.09032	-733479.0441	-733451.31143	-733429.7469	-733410.30647	-733375.56967	-733357.51284	-733347.22249	-733328.44628	-733325.734	-733325.734	-733325.734	-733325.734	
-733910.35207	-733693.00068	-733579.66775	-733571.16049	-733545.18796	-733528.19479	-733486.25593	-733431.11584	-733399.59501	-733374.05579	-733360.72531	-733337.83439	-733324.98898	-733306.15813	-733292.99261	-733283.75775	-733265.82228	-733265.82228	-733265.82228	-733265.82228	
-733910.35207	-733674.31843	-733602.50338	-733558.295	-733547.477	-733503.14473	-733496.70424	-733451.58745	-733438.26759	-733427.00996	-733389.84069	-733364.57011	-733352.92988	-733337.84865	-733310.93595	-733275.9961	-733275.9961	-733253.1236	-733253.1236	-733253.1236	
-733910.35207	-733696.84599	-733598.86852	-733545.61652	-733540.47103	-733499.61724	-733471.85685	-733423.01585	-733406.44514	-733384.63192	-733356.32012	-733334.70217	-733312.21856	-733298.32756	-733288.95711	-733279.35129	-733271.04997	-733266.48013	-733266.48013	-733266.48013	
-733910.35207	-733602.19053	-733589.43188	-733539.9271	-733444.63135	-733426.93631	-733362.91077	-733346.98757	-733334.60885	-733318.59566	-733280.63755	-733246.74102	-733239.94183	-733227.08858	-733213.98659	-733200.93664	-733180.95083	-733172.3465	-733162.3376	-733162.3376	
-733910.35207	-733738.86928	-733704.16675	-733618.49569	-733526.86218	-733490.48313	-733471.95469	-733435.3774	-733421.47801	-733393.82798	-733386.35849	-733373.50997	-733354.51994	-733326.0077	-733312.87401	-733305.93305	-733294.67958	-733278.66055	-733278.66055	-733278.66055	
-733910.35207	-733671.56854	-733588.54159	-733477.20864	-733432.10541	-733421.56555	-733395.14161	-733367.21782	-733329.45743	-733302.99987	-733288.90862	-733273.34986	-733263.24046	-733251.74768	-733251.74768	-733251.74768	-733251.74768	-733251.74768	-733251.74768	-733251.74768	
-733910.35207	-733669.22491	-733529.10075	-733443.28843	-733411.15921	-733404.26935	-733371.00562	-733350.48623	-733325.24244	-733294.61371	-733262.01383	-733233.99498	-733208.8345	-733172.5756	-733157.04632	-733150.94103	-733150.94103	-733150.94103	-733150.94103	-733150.94103	
-733910.35207	-733870.36374	-733722.03003	-733514.40956	-733467.83512	-733454.54024	-733432.75654	-733401.06074	-733369.53852	-733360.62415	-733349.63656	-733335.75436	-733322.03495	-733313.89834	-733300.45581	-733300.45581	-733300.45581	-733300.45581	-733300.45581	-733300.45581	
-733910.35207	-733771.92452	-733723.17023	-733659.39054	-733618.68076	-733577.0141	-733527.41755	-733497.89541	-733462.10876	-733391.20953	-733361.32994	-733343.23009	-733326.28247	-733316.47611	-733305.15821	-733291.93043	-733276.47095	-733266.97908	-733266.97908	-733266.97908	
-733910.35207	-733784.22267	-733597.71796	-733578.59006	-733533.79307	-733529.61395	-733460.74372	-733427.6294	-733386.726	-733364.53157	-733342.58224	-733324.43198	-733303.40503	-733269.6545	-733224.13024	-733210.79286	-733198.69259	-733198.69259	-733198.69259	-733198.69259	
-733910.35207	-733734.12756	-733718.79953	-733550.07762	-733537.65263	-733497.11343	-733466.13529	-733412.82701	-733405.79469	-733391.20829	-733375.68786	-733349.69049	-733336.32277	-733309.80968	-733293.68914	-733279.21353	-733264.7729	-733253.85494	-733253.85494	-733253.85494	
-733910.35207	-733689.12533	-733673.73493	-733502.63475	-733486.12175	-733439.64412	-733406.35517	-733356.58739	-733325.21424	-733290.43763	-733276.4073	-733259.82127	-733244.51295	-733238.10563	-733228.17823	-733219.28739	-733219.28739	-733219.28739	-733219.28739	-733219.28739	
-733910.35207	-733717.06007	-733665.97341	-733560.46104	-733495.1172	-733449.13238	-733392.459	-733334.74925	-733327.02222	-733276.44798	-733265.32539	-733250.49258	-733244.24608	-733236.53056	-733232.09964	-733218.36838	-733210.61583	-733197.25303	-733197.25303	-733197.25303	
-733910.35207	-733720.96255	-733689.38765	-733570.14599	-733526.24858	-733516.12619	-733473.87821	-733451.24637	-733414.68074	-733387.42095	-733379.18461	-733357.89367	-733335.8505	-733327.11125	-733327.11125	-733327.11125	-733327.11125	-733327.11125	-733327.11125	-733327.11125	
-733910.35207	-733696.51104	-733673.70229	-733502.86194	-733481.71041	-733441.40874	-733393.40165	-733372.66451	-733352.69537	-733334.69945	-733319.61272	-733293.21359	-733268.63038	-733258.31602	-733254.16343	-733237.903	-733232.1811	-733232.1811	-733232.1811	-733232.1811	
-733910.35207	-733722.62025	-733627.96834	-733546.66581	-733516.56982	-733510.61271	-733440.01699	-733396.68053	-733360.17709	-733326.72909	-733305.70241	-733290.01283	-733266.30658	-733256.21129	-733236.0495	-733230.56676	-733218.63998	-733209.19391	-733209.19391	-733209.19391	
-733910.35207	-733712.19277	-733666.88991	-733557.37881	-733544.51388	-733509.84417	-733458.67022	-733446.51056	-733421.57154	-733392.01549	-733358.14216	-733329.02253	-733319.0591	-733305.80114	-733300.2053	-733300.2053	-733300.2053	-733300.2053	-733300.2053	-733300.2053	
-733910.35207	-733733.74194	-733714.88639	-733591.32947	-733564.09285	-733528.04027	-733465.32727	-733431.39636	-733393.00482	-733383.79264	-733373.82223	-733334.58641	-733317.6713	-733311.05696	-733297.91655	-733288.27701	-733267.60081	-733267.60081	-733267.60081	-733267.60081	
-733910.35207	-733703.43826	-733681.3132	-733498.66596	-733475.3763	-733444.36561	-733410.63946	-733375.00983	-733337.42193	-733320.4763	-733307.92503	-733298.44156	-733280.9535	-733274.90098	-733253.39904	-733235.30572	-733235.30572	-733235.30572	-733235.30572	-733235.30572	
-733910.35207	-733768.22705	-733701.32415	-733598.9186	-733514.43444	-733488.48019	-733480.80233	-733435.78495	-733419.02401	-733386.67676	-733354.58161	-733339.1547	-733317.34599	-733299.86878	-733288.10047	-733280.89664	-733268.7607	-733251.89503	-733251.89503	-733251.89503	
-733910.35207	-733837.02732	-733715.76589	-733533.53515	-733489.19777	-733483.4773	-733480.88166	-733428.91252	-733363.56252	-733349.79212	-733314.51097	-733276.36685	-733249.03584	-733231.70168	-733217.92957	-733205.22168	-733205.22168	-733205.22168	-733205.22168	-733205.22168	
-733910.35207	-733738.80607	-733664.92588	-733656.48737	-733547.61261	-733515.8745	-733475.66851	-733439.5228	-733417.65461	-733385.33038	-733376.29254	-733356.17505	-733341.71679	-733336.96301	-733336.96301	-733336.96301	-733336.96301	-733336.96301	-733336.96301	-733336.96301	
-733910.35207	-733669.24935	-733635.41303	-733478.04314	-733462.50783	-733438.20919	-733406.0611	-733357.03629	-733338.77619	-733325.97937	-733294.55504	-733279.76547	-733272.033	-733269.93871	-733251.09908	-733227.46999	-733221.85048	-733221.85048	-733221.85048	-733221.85048	
-733910.35207	-733656.53424	-733629.47003	-733461.36077	-733439.94755	-733407.82629	-733386.69359	-733364.80607	-733348.0744	-733334.63294	-733324.04294	-733309.578	-733279.29918	-733263.04919	-733247.51123	-733238.33055	-733232.34752	-733224.43189	-733224.43189	-733224.43189	
-733910.35207	-733691.75696	-733625.81779	-733617.61372	-733539.69842	-733516.94208	-733482.22398	-733448.98062	-733413.10361	-733406.18852	-733393.93692	-733388.11839	-733374.68555	-733366.10539	-733353.52228	-733335.27022	-733335.27022	-733335.27022	-733335.27022	-733335.27022	
-733910.35207	-733733.73323	-733629.81806	-733503.8501	-733460.61985	-733430.57761	-733409.18046	-733366.559	-733346.07609	-733338.75485	-733305.21525	-733289.64276	-733270.03569	-733254.72598	-733244.80349	-733240.41243	-733232.90559	-733217.38113	-733217.38113	-733217.38113	
-733910.35207	-733676.3264	-733549.21067	-733520.18276	-733450.12336	-733438.90931	-733417.9897	-733374.85422	-733352.33973	-733344.17915	-733291.67512	-733264.46227	-733220.0572	-733212.06718	-733189.14359	-733171.61009	-733162.69448	-733154.34476	-733154.34476	-733154.34476	
-733910.35207	-733753.17481	-733736.2728	-733580.1536	-733534.32498	-733525.29256	-733465.87446	-733461.57388	-733443.64353	-733426.20794	-733417.44499	-733408.26851	-733391.41773	-733369.74134	-733369.74134	-733369.74134	-733369.74134	-733369.74134	-733369.74134	-733369.74134	
-733910.35207	-733670.56421	-733651.21074	-733470.80066	-733460.91017	-733434.58887	-733426.18455	-733385.236	-733350.11719	-733324.73977	-733319.14782	-733301.30408	-733287.35601	-733278.51728	-733269.16785	-733254.47143	-733243.76539	-733243.76539	-733243.76539	-733243.76539	
-733910.35207	-733662.81825	-733645.51527	-733522.65177	-733496.23509	-733469.93862	-733433.55125	-733387.91715	-733350.21604	-733332.62735	-733303.69474	-733286.23521	-733258.81402	-733234.37145	-733211.89378	-733193.03643	-733183.4214	-733172.01653	-733164.68373	-733158.30962	
-733910.35207	-733698.95223	-733595.13983	-733518.2019	-733495.50807	-733484.90632	-733436.78895	-733412.34175	-733383.99741	-733365.07631	-733333.70795	-733316.60847	-733300.95279	-733290.14954	-733281.8709	-733271.46368	-733271.46368	-733271.46368	-733271.46368	-733271.46368	
-733910.35207	-733650.35333	-733460.9626	-733429.35923	-733395.24537	-733340.29602	-733299.0209	-733270.45073	-733253.00375	-733235.19558	-733223.80921	-733215.79453	-733196.85567	-733181.38158	-733171.31661	-733163.3882	-733156.61553	-733149.71557	-733149.71557	-733149.71557	
-733910.35207	-733625.4895	-733528.2254	-733443.17136	-733413.50249	-733394.05659	-733384.18249	-733356.56599	-733339.40051	-733307.83033	-733299.45545	-733285.93562	-733271.13861	-733256.8304	-733249.84641	-733241.10551	-733241.10551	-733241.10551	-733241.10551	-733241.10551	
-733910.35207	-733633.36145	-733599.40054	-733451.41274	-733448.5732	-733437.30637	-733391.74205	-733355.24822	-733321.77223	-733298.1495	-733274.26526	-733264.38322	-733240.16631	-733224.37663	-733215.32045	-733215.32045	-733215.32045	-733215.32045	-733215.32045	-733215.32045	
-733910.35207	-733731.14704	-733618.68826	-733508.28111	-733502.01562	-733484.5095	-733455.41475	-733391.58506	-733372.16808	-733345.5879	-733321.67768	-733298.18723	-733286.53242	-733275.84919	-733260.9392	-733231.21814	-733231.21814	-733231.21814	-733231.21814	-733231.21814	
-733910.35207	-733766.04102	-733751.59283	-733685.46148	-733667.66414	-733628.3001	-733593.86936	-733569.5196	-733538.69496	-733455.22152	-733433.70454	-733406.92381	-733380.37881	-733364.26896	-733346.06144	-733336.05272	-733329.9342	-733317.75997	-733317.75997	-733317.75997	
-733910.35207	-733725.38931	-733684.62589	-733573.61241	-733511.04447	-733479.15692	-733450.58423	-733389.24167	-733354.70566	-733340.1453	-733328.20318	-733300.51707	-733279.82148	-733273.87659	-733264.66669	-733253.23976	-733253.23976	-733253.23976	-733253.23976	-733253.23976	
-733910.35207	-733720.91826	-733604.681	-733513.14385	-733494.09731	-733465.08179	-733429.62871	-733419.32959	-733393.12272	-733358.12691	-733343.03859	-733314.69092	-733300.12019	-733291.04437	-733275.90459	-733253.97318	-733253.97318	-733253.97318	-733253.97318	-733253.97318	
-733910.35207	-733685.63829	-733592.48364	-733506.64049	-733487.21041	-733482.04258	-733440.20498	-733421.27133	-733376.99345	-733365.1365	-733349.75425	-733325.33729	-733317.95625	-733309.36321	-733295.52146	-733295.52146	-733295.52146	-733295.52146	-733295.52146	-733295.52146	
-733910.35207	-733642.12554	-733626.15481	-733506.43302	-733499.82036	-733488.48312	-733433.38525	-733390.85942	-733369.9861	-733360.58753	-733346.25196	-733334.99535	-733319.62008	-733305.4109	-733289.88475	-733280.13629	-733274.31266	-733261.99201	-733250.70365	-733250.70365	
-733910.35207	-733888.05766	-733653.88717	-733541.98836	-733481.75136	-733476.0216	-733457.36632	-733442.53753	-733412.36291	-733402.60862	-733388.90142	-733380.89791	-733376.49781	-733371.42454	-733365.38187	-733365.38187	-733365.38187	-733365.38187	-733365.38187	-733365.38187	
-733910.35207	-733610.19516	-733565.24371	-733413.58514	-733380.48313	-733334.45384	-733298.3607	-733282.65215	-733263.43217	-733240.23355	-733233.95489	-733217.51106	-733186.26135	-733173.07168	-733165.15949	-733157.01079	-733157.01079	-733157.01079	-733157.01079	-733157.01079	
-733910.35207	-733645.51796	-733620.41234	-733454.7276	-733429.18274	-733418.68667	-733386.47868	-733376.53976	-733332.96414	-733298.13487	-733273.58903	-733250.4164	-733232.28384	-733208.38655	-733180.31347	-733180.31347	-733133.03073	-733116.38195	-733100.35288	-733100.35288	
-733910.35207	-733684.18756	-733656.10801	-733464.86769	-733439.52011	-733403.3528	-733350.58515	-733329.54995	-733321.83134	-733283.96121	-733271.93925	-733245.68651	-733237.55504	-733232.26294	-733212.13811	-733202.85237	-733202.85237	-733202.85237	-733202.85237	-733202.85237	
-733910.35207	-733748.89014	-733644.30851	-733595.90707	-733571.32178	-733561.76669	-733536.23641	-733503.07257	-733478.48232	-733466.5199	-733451.5518	-733413.46831	-733397.77247	-733378.8292	-733371.33157	-733371.33157	-733371.33157	-733371.33157	-733371.33157	-733371.33157	
-733910.35207	-733710.95501	-733565.12363	-733456.3889	-733434.00202	-733402.5113	-733360.08202	-733337.97003	-733324.43151	-733299.38006	-733283.05367	-733270.81899	-733264.49462	-733254.08154	-733241.70844	-733221.86897	-733212.89556	-733206.48085	-733206.48085	-733206.48085	
-733910.35207	-733749.10628	-733714.51424	-733537.15743	-733520.25888	-733464.91389	-733408.18193	-733366.44755	-733360.61345	-733343.32946	-733312.36966	-733297.86606	-733275.81554	-733264.20628	-733255.01126	-733240.17243	-733229.88226	-733224.69666	-733224.69666	-733224.69666	
-733910.35207	-733728.33453	-733610.93691	-733483.98552	-733433.39602	-733398.59016	-733370.27507	-733359.95733	-733330.68834	-733312.46294	-733293.91089	-733278.58668	-733266.45472	-733252.3123	-733237.97142	-733218.78537	-733209.54098	-733195.02036	-733195.02036	-733195.02036	
-733910.35207	-733675.48958	-733556.73607	-733496.40316	-733473.93695	-733412.03274	-733402.59818	-733341.07169	-733318.38773	-733301.25177	-733268.51281	-733240.92828	-733224.64207	-733224.64207	-733224.64207	-733224.64207	-733224.64207	-733224.64207	-733224.64207	-733224.64207	
-733910.35207	-733673.05938	-733581.13574	-733538.36214	-733519.24	-733494.36162	-733451.84138	-733410.37084	-733374.10737	-733335.88629	-733305.95866	-733294.71237	-733288.41794	-733276.1097	-733261.69994	-733261.69994	-733235.09386	-733235.09386	-733235.09386	-733235.09386	
-733910.35207	-733843.37744	-733619.19344	-733562.15811	-733503.68006	-733489.59458	-733423.14846	-733397.3851	-733379.58882	-733361.22349	-733329.16784	-733313.69849	-733299.9673	-733291.82798	-733291.82798	-733291.82798	-733291.82798	-733291.82798	-733291.82798	-733291.82798	
-733910.35207	-733784.18525	-733661.25892	-733646.54314	-733605.09157	-733577.17332	-733502.03352	-733478.73878	-733434.52519	-733412.88779	-733379.39702	-733356.29683	-733340.7356	-733330.41243	-733307.63105	-733298.42437	-733298.42437	-733298.42437	-733298.42437	-733298.42437	
-733910.35207	-733760.85047	-733658.42346	-733556.26848	-733545.1187	-733539.10239	-733517.0021	-733484.9788	-733462.14694	-733429.02861	-733394.06771	-733379.22699	-733360.45736	-733330.65675	-733318.49359	-733318.49359	-733297.06237	-733297.06237	-733297.06237	-733297.06237	
-733910.35207	-733713.31097	-733597.06651	-733526.88431	-733472.97993	-733460.12671	-733442.35814	-733411.35193	-733389.9595	-733378.31264	-733358.38422	-733337.04373	-733315.51763	-733291.83928	-733267.26376	-733262.06223	-733253.99225	-733253.99225	-733253.99225	-733253.99225	
-733910.35207	-733861.31216	-733717.14392	-733564.56567	-733538.21042	-733512.13634	-733456.10928	-733410.75438	-733372.40438	-733340.35262	-733334.40784	-733320.08677	-733311.93636	-733298.54891	-733287.82586	-733279.04968	-733279.04968	-733279.04968	-733279.04968	-733279.04968	
-733910.35207	-733704.35993	-733602.62881	-733536.21365	-733507.73831	-733499.02632	-733448.42784	-733430.37812	-733408.1328	-733383.11819	-733352.31296	-733328.67195	-733323.60551	-733313.17507	-733298.4623	-733298.4623	-733298.4623	-733298.4623	-733298.4623	-733298.4623	
-733910.35207	-733735.8852	-733679.17186	-733515.05524	-733436.53599	-733415.44952	-733391.52299	-733366.02103	-733320.91604	-733304.27581	-733270.49332	-733256.20251	-733250.72273	-733242.70086	-733218.7639	-733207.86617	-733207.86617	-733207.86617	-733207.86617	-733207.86617	
-733910.35207	-733795.1136	-733704.71395	-733595.66108	-733587.76992	-733562.52414	-733514.77929	-733471.37013	-733436.23196	-733416.30672	-733404.20793	-733390.90667	-733371.2833	-733359.93627	-733352.81448	-733339.84347	-733323.88596	-733323.88596	-733323.88596	-733323.88596	
-733910.35207	-733726.95468	-733708.26072	-733577.66844	-733498.77986	-733465.433	-733422.7124	-733412.30407	-733386.25081	-733354.00497	-733319.00369	-733305.23711	-733281.22944	-733274.4519	-733274.4519	-733274.4519	-733274.4519	-733274.4519	-733274.4519	-733274.4519	
-733910.35207	-733688.79679	-733670.32875	-733594.47805	-733520.01058	-733476.59498	-733448.396	-733383.09076	-733371.21824	-733329.10151	-733312.91508	-733295.76145	-733282.31352	-733282.31352	-733282.31352	-733282.31352	-733282.31352	-733282.31352	-733282.31352	-733282.31352	
-733910.35207	-733742.93374	-733724.27869	-733592.84243	-733565.14279	-733535.89406	-733499.53463	-733478.42957	-733459.80845	-733427.37881	-733380.13996	-733360.77296	-733339.15069	-733326.10547	-733319.45024	-733319.45024	-733319.45024	-733319.45024	-733319.45024	-733319.45024	
-733910.35207	-733713.58888	-733680.20282	-733605.76729	-733513.33833	-733500.49357	-733472.31299	-733437.58913	-733431.48645	-733403.21427	-733374.59531	-733347.82383	-733317.47235	-733296.03647	-733281.58364	-733273.5975	-733261.88064	-733261.88064	-733261.88064	-733261.88064	
-733910.35207	-733720.08858	-733620.97882	-733561.34247	-733534.88366	-733527.34737	-733472.56451	-733426.4208	-733411.32527	-733393.53226	-733371.70047	-733340.18403	-733326.7549	-733321.1976	-733304.47334	-733291.79106	-733291.79106	-733291.79106	-733291.79106	-733291.79106	
-733910.35207	-733742.78584	-733721.34039	-733554.72689	-733493.43567	-733463.40457	-733432.53919	-733391.55835	-733372.22317	-733355.22615	-733323.26554	-733301.36484	-733282.57683	-733261.87269	-733255.03114	-733241.37622	-733241.37622	-733241.37622	-733241.37622	-733241.37622	
-733910.35207	-733760.6788	-733641.71024	-733549.55101	-733530.4619	-733521.03398	-733497.97284	-733448.63733	-733402.92837	-733379.32835	-733341.40843	-733320.05008	-733280.31359	-733258.65349	-733255.07626	-733244.07315	-733244.07315	-733244.07315	-733244.07315	-733244.07315	
-733910.35207	-733704.57792	-733637.36818	-733591.07377	-733560.21702	-733545.98581	-733477.50897	-733461.96708	-733446.37345	-733427.99984	-733410.60713	-733386.12755	-733353.35958	-733329.6249	-733304.46599	-733296.96265	-733296.96265	-733296.96265	-733296.96265	-733296.96265	
-733910.35207	-733733.38839	-733678.53236	-733642.10375	-733570.82925	-733541.99377	-733455.14273	-733434.10429	-733396.66606	-733373.40704	-733347.96455	-733328.51769	-733293.35043	-733272.18828	-733265.7139	-733243.36406	-733243.36406	-733243.36406	-733243.36406	-733243.36406	
-733910.35207	-733881.87349	-733709.43279	-733560.57451	-733556.60954	-733516.38264	-733468.33258	-733430.17342	-733392.08831	-733381.7826	-733370.78834	-733361.61268	-733338.38797	-733327.51749	-733299.19659	-733281.84577	-733272.13442	-733263.87016	-733263.87016	-733263.87016	
-733910.35207	-733718.18971	-733688.28902	-733525.74692	-733509.31799	-733458.51799	-733406.88924	-733400.93405	-733370.80912	-733335.83606	-733286.04202	-733260.83455	-733242.3886	-733222.54558	-733212.39653	-733202.3747	-733195.3608	-733195.3608	-733195.3608	-733195.3608	
-733910.35207	-733785.29411	-733716.60256	-733615.80066	-733553.76897	-733546.16799	-733530.91701	-733495.34033	-733465.91009	-733428.83259	-733415.72671	-733397.12479	-733380.66335	-733349.51764	-733328.93511	-733301.97167	-733279.04648	-733269.41551	-733248.80043	-733242.0837	
-733910.35207	-733776.92165	-733657.54985	-733526.68204	-733513.20701	-733468.53005	-733436.28761	-733386.32718	-733377.8557	-733352.58729	-733330.97247	-733322.11866	-733314.21972	-733304.20665	-733298.84361	-733286.82392	-733276.36109	-733258.73862	-733246.9322	-733246.9322	
-733910.35207	-733714.44997	-733646.23869	-733582.15729	-733497.86578	-733470.80282	-733464.00337	-733408.96983	-733378.8178	-733364.92899	-733343.63514	-733328.53846	-733328.53846	-733328.53846	-733328.53846	-733328.53846	-733328.53846	-733328.53846	-733328.53846	-733328.53846	
-733910.35207	-733747.35415	-733674.37413	-733623.59327	-733521.49647	-733480.95916	-733429.61745	-733410.2065	-733378.82955	-733361.86459	-733344.6805	-733327.29828	-733321.65223	-733317.90013	-733311.18128	-733311.18128	-733311.18128	-733311.18128	-733311.18128	-733311.18128	
-733910.35207	-733801.94629	-733681.21131	-733544.70595	-733493.82669	-733478.39214	-733446.39286	-733434.0649	-733394.20626	-733358.14768	-733324.88632	-733300.93566	-733276.08156	-733258.50726	-733241.90831	-733229.27101	-733219.57242	-733212.55366	-733201.1836	-733201.1836	
-733910.35207	-733629.65036	-733618.20869	-733613.62708	-733557.31265	-733502.56526	-733463.61578	-733441.72726	-733408.99459	-733394.97717	-733358.97212	-733348.82167	-733321.15714	-733291.22532	-733271.25358	-733271.25358	-733271.25358	-733271.25358	-733271.25358	-733271.25358	
-733910.35207	-733730.15013	-733651.16697	-733549.27251	-733481.46766	-733460.48598	-733416.30942	-733377.08602	-733359.52581	-733337.28839	-733326.86841	-733297.78345	-733283.00321	-733267.6316	-733245.66723	-733232.6756	-733223.92134	-733223.92134	-733223.92134	-733223.92134	
-733910.35207	-733776.34334	-733650.60068	-733559.68857	-733507.31417	-733474.51969	-733433.98244	-733424.58165	-733401.45918	-733392.14156	-733359.89684	-733344.77591	-733330.0014	-733312.80047	-733289.66619	-733261.04507	-733248.79242	-733248.79242	-733248.79242	-733248.79242	
-733910.35207	-733750.00461	-733737.74053	-733614.78332	-733588.06105	-733566.68	-733524.01955	-733517.98845	-733484.51302	-733451.14926	-733431.19668	-733407.72079	-733396.53724	-733387.43917	-733366.11482	-733358.53717	-733358.53717	-733337.06217	-733324.24107	-733324.24107	
-733910.35207	-733687.92711	-733597.80778	-733562.18154	-733528.32159	-733520.54887	-733486.78478	-733416.22566	-733368.29514	-733362.17074	-733329.28534	-733323.74918	-733306.81924	-733300.01079	-733287.66092	-733274.31455	-733250.6121	-733241.74844	-733241.74844	-733241.74844	
-733910.35207	-733784.52575	-733700.31634	-733552.72671	-733508.29367	-733483.02307	-733459.93216	-733435.06692	-733410.3427	-733399.38623	-733367.90246	-733342.39163	-733324.70328	-733302.39103	-733296.22731	-733291.70282	-733280.9177	-733270.59434	-733270.59434	-733270.59434	
-733910.35207	-733635.30045	-733518.44347	-733459.35289	-733405.27806	-733388.78537	-733347.39808	-733333.92505	-733318.05275	-733289.13308	-733271.75039	-733252.52353	-733249.25266	-733236.62294	-733216.43043	-733205.73033	-733189.17885	-733177.60912	-733160.90618	-733160.90618	
-733910.35207	-733722.4411	-733704.3958	-733596.0804	-733583.12844	-733539.16467	-733477.68062	-733452.46258	-733398.82688	-733385.54503	-733348.25655	-733326.16516	-733290.09806	-733281.83091	-733256.37639	-733243.21273	-733238.68104	-733225.27902	-733213.06322	-733205.40834	
-733910.35207	-733696.7085	-733637.6814	-733516.23324	-733474.43932	-733454.54366	-733446.79495	-733446.79495	-733386.12003	-733353.14987	-733338.31772	-733314.7061	-733297.61684	-733289.4075	-733289.4075	-733289.4075	-733289.4075	-733289.4075	-733289.4075	-733289.4075	
-733910.35207	-733695.10633	-733680.14979	-733529.93875	-733518.09649	-733505.1645	-733438.67382	-733392.17852	-733363.74456	-733352.72003	-733316.48304	-733305.1573	-733277.88801	-733256.87992	-733243.46473	-733235.12851	-733222.7602	-733217.59657	-733199.52633	-733199.52633	
-733910.35207	-733720.18823	-733598.65794	-733514.92671	-733503.9876	-733483.5531	-733444.7987	-733423.43204	-733406.78139	-733372.59641	-733340.7134	-733319.56242	-733305.4075	-733305.4075	-733292.63174	-733265.46811	-733265.46811	-733265.46811	-733265.46811	-733265.46811	
-733910.35207	-733667.60689	-733645.3104	-733455.74582	-733411.24131	-733392.55947	-733352.80152	-733329.28635	-733316.98497	-733291.83709	-733281.46171	-733263.04379	-733245.06587	-733238.62529	-733220.78642	-733196.7472	-733196.7472	-733196.7472	-733196.7472	-733196.7472	
-733910.35207	-733695.17997	-733597.53765	-733591.17514	-733549.5443	-733530.05345	-733478.73622	-733458.72362	-733414.96454	-733396.78138	-733374.75018	-733350.45231	-733330.76744	-733307.81537	-733298.86187	-733287.00465	-733287.00465	-733264.18038	-733244.99199	-733244.99199	
-733910.35207	-733894.65164	-733713.26976	-733521.31064	-733511.44515	-733477.11577	-733434.86489	-733415.90002	-733396.9169	-733361.64184	-733348.47139	-733328.76023	-733314.43217	-733307.8669	-733301.93815	-733291.73424	-733291.73424	-733291.73424	-733291.73424	-733291.73424	
-733910.35207	-733687.19764	-733550.45336	-733508.4334	-733475.68172	-733465.58267	-733458.30267	-733425.63923	-733397.19564	-733372.84243	-733347.66307	-733330.89388	-733325.1321	-733308.75506	-733293.8857	-733275.39971	-733265.39574	-733254.88798	-733244.848	-733244.848	
-733910.35207	-733746.61555	-733640.39821	-733516.18974	-733494.8201	-733442.17772	-733408.32834	-733397.7194	-733383.87735	-733347.33109	-733322.62576	-733295.55311	-733269.14635	-733256.19975	-733245.38174	-733228.66644	-733205.24679	-733205.24679	-733205.24679	-733205.24679	
-733910.35207	-733664.23291	-733567.80909	-733464.37705	-733433.30665	-733408.05467	-733389.204	-733353.89882	-733315.16347	-733281.43399	-733267.94884	-733253.18299	-733220.37219	-733210.10691	-733201.83433	-733190.10434	-733190.10434	-733190.10434	-733190.10434	-733190.10434	
-733910.35207	-733690.07348	-733609.83686	-733569.40764	-733520.74361	-733484.3376	-733454.50198	-733395.79296	-733382.66847	-733368.87973	-733350.54716	-733323.51836	-733292.24466	-733276.09607	-733267.70633	-733251.14811	-733244.9537	-733235.0268	-733235.0268	-733235.0268	
