-733910.35207	-733625.4895	-733528.2254	-733443.17136	-733413.50249	-733394.05659	-733384.18249	-733356.56599	-733339.40051	-733307.83033	-733299.45545	-733285.93562	-733271.13861	-733256.8304	-733249.84641	-733241.10551	-733241.10551	-733241.10551	-733241.10551	-733241.10551	
-733910.35207	-733633.36145	-733599.40054	-733451.41274	-733448.5732	-733437.30637	-733391.74205	-733355.24822	-733321.77223	-733298.1495	-733274.26526	-733264.38322	-733240.16631	-733224.37663	-733215.32045	-733215.32045	-733215.32045	-733215.32045	-733215.32045	-733215.32045	
-733910.35207	-733731.14704	-733618.68826	-733508.28111	-733502.01562	-733484.5095	-733455.41475	-733391.58506	-733372.16808	-733345.5879	-733321.67768	-733298.18723	-733286.53242	-733275.84919	-733260.9392	-733231.21814	-733231.21814	-733231.21814	-733231.21814	-733231.21814	
-733910.35207	-733766.04102	-733751.59283	-733685.46148	-733667.66414	-733628.3001	-733593.86936	-733569.5196	-733538.69496	-733455.22152	-733433.70454	-733406.92381	-733380.37881	-733364.26896	-733346.06144	-733336.05272	-733329.9342	-733317.75997	-733317.75997	-733317.75997	
-733910.35207	-733725.38931	-733684.62589	-733573.61241	-733511.04447	-733479.15692	-733450.58423	-733389.24167	-733354.70566	-733340.1453	-733328.20318	-733300.51707	-733279.82148	-733273.87659	-733264.66669	-733253.23976	-733253.23976	-733253.23976	-733253.23976	-733253.23976	
-733910.35207	-733720.91826	-733604.681	-733513.14385	-733494.09731	-733465.08179	-733429.62871	-733419.32959	-733393.12272	-733358.12691	-733343.03859	-733314.69092	-733300.12019	-733291.04437	-733275.90459	-733253.97318	-733253.97318	-733253.97318	-733253.97318	-733253.97318	
-733910.35207	-733685.63829	-733592.48364	-733506.64049	-733487.21041	-733482.04258	-733440.20498	-733421.27133	-733376.99345	-733365.1365	-733349.75425	-733325.33729	-733317.95625	-733309.36321	-733295.52146	-733295.52146	-733295.52146	-733295.52146	-733295.52146	-733295.52146	
-733910.35207	-733642.12554	-733626.15481	-733506.43302	-733499.82036	-733488.48312	-733433.38525	-733390.85942	-733369.9861	-733360.58753	-733346.25196	-733334.99535	-733319.62008	-733305.4109	-733289.88475	-733280.13629	-733274.31266	-733261.99201	-733250.70365	-733250.70365	
-733910.35207	-733888.05766	-733653.88717	-733541.98836	-733481.75136	-733476.0216	-733457.36632	-733442.53753	-733412.36291	-733402.60862	-733388.90142	-733380.89791	-733376.49781	-733371.42454	-733365.38187	-733365.38187	-733365.38187	-733365.38187	-733365.38187	-733365.38187	
-733910.35207	-733610.19516	-733565.24371	-733413.58514	-733380.48313	-733334.45384	-733298.3607	-733282.65215	-733263.43217	-733240.23355	-733233.95489	-733217.51106	-733186.26135	-733173.07168	-733165.15949	-733157.01079	-733157.01079	-733157.01079	-733157.01079	-733157.01079	
