-733910.35207	-733760.85047	-733658.42346	-733556.26848	-733545.1187	-733539.10239	-733517.0021	-733484.9788	-733462.14694	-733429.02861	-733394.06771	-733379.22699	-733360.45736	-733330.65675	-733318.49359	-733318.49359	-733297.06237	-733297.06237	-733297.06237	-733297.06237	
-733910.35207	-733713.31097	-733597.06651	-733526.88431	-733472.97993	-733460.12671	-733442.35814	-733411.35193	-733389.9595	-733378.31264	-733358.38422	-733337.04373	-733315.51763	-733291.83928	-733267.26376	-733262.06223	-733253.99225	-733253.99225	-733253.99225	-733253.99225	
-733910.35207	-733861.31216	-733717.14392	-733564.56567	-733538.21042	-733512.13634	-733456.10928	-733410.75438	-733372.40438	-733340.35262	-733334.40784	-733320.08677	-733311.93636	-733298.54891	-733287.82586	-733279.04968	-733279.04968	-733279.04968	-733279.04968	-733279.04968	
-733910.35207	-733704.35993	-733602.62881	-733536.21365	-733507.73831	-733499.02632	-733448.42784	-733430.37812	-733408.1328	-733383.11819	-733352.31296	-733328.67195	-733323.60551	-733313.17507	-733298.4623	-733298.4623	-733298.4623	-733298.4623	-733298.4623	-733298.4623	
-733910.35207	-733735.8852	-733679.17186	-733515.05524	-733436.53599	-733415.44952	-733391.52299	-733366.02103	-733320.91604	-733304.27581	-733270.49332	-733256.20251	-733250.72273	-733242.70086	-733218.7639	-733207.86617	-733207.86617	-733207.86617	-733207.86617	-733207.86617	
-733910.35207	-733795.1136	-733704.71395	-733595.66108	-733587.76992	-733562.52414	-733514.77929	-733471.37013	-733436.23196	-733416.30672	-733404.20793	-733390.90667	-733371.2833	-733359.93627	-733352.81448	-733339.84347	-733323.88596	-733323.88596	-733323.88596	-733323.88596	
-733910.35207	-733726.95468	-733708.26072	-733577.66844	-733498.77986	-733465.433	-733422.7124	-733412.30407	-733386.25081	-733354.00497	-733319.00369	-733305.23711	-733281.22944	-733274.4519	-733274.4519	-733274.4519	-733274.4519	-733274.4519	-733274.4519	-733274.4519	
-733910.35207	-733688.79679	-733670.32875	-733594.47805	-733520.01058	-733476.59498	-733448.396	-733383.09076	-733371.21824	-733329.10151	-733312.91508	-733295.76145	-733282.31352	-733282.31352	-733282.31352	-733282.31352	-733282.31352	-733282.31352	-733282.31352	-733282.31352	
-733910.35207	-733742.93374	-733724.27869	-733592.84243	-733565.14279	-733535.89406	-733499.53463	-733478.42957	-733459.80845	-733427.37881	-733380.13996	-733360.77296	-733339.15069	-733326.10547	-733319.45024	-733319.45024	-733319.45024	-733319.45024	-733319.45024	-733319.45024	
-733910.35207	-733713.58888	-733680.20282	-733605.76729	-733513.33833	-733500.49357	-733472.31299	-733437.58913	-733431.48645	-733403.21427	-733374.59531	-733347.82383	-733317.47235	-733296.03647	-733281.58364	-733273.5975	-733261.88064	-733261.88064	-733261.88064	-733261.88064	
