-733910.35207	-733720.08858	-733620.97882	-733561.34247	-733534.88366	-733527.34737	-733472.56451	-733426.4208	-733411.32527	-733393.53226	-733371.70047	-733340.18403	-733326.7549	-733321.1976	-733304.47334	-733291.79106	-733291.79106	-733291.79106	-733291.79106	-733291.79106	
-733910.35207	-733742.78584	-733721.34039	-733554.72689	-733493.43567	-733463.40457	-733432.53919	-733391.55835	-733372.22317	-733355.22615	-733323.26554	-733301.36484	-733282.57683	-733261.87269	-733255.03114	-733241.37622	-733241.37622	-733241.37622	-733241.37622	-733241.37622	
-733910.35207	-733760.6788	-733641.71024	-733549.55101	-733530.4619	-733521.03398	-733497.97284	-733448.63733	-733402.92837	-733379.32835	-733341.40843	-733320.05008	-733280.31359	-733258.65349	-733255.07626	-733244.07315	-733244.07315	-733244.07315	-733244.07315	-733244.07315	
-733910.35207	-733704.57792	-733637.36818	-733591.07377	-733560.21702	-733545.98581	-733477.50897	-733461.96708	-733446.37345	-733427.99984	-733410.60713	-733386.12755	-733353.35958	-733329.6249	-733304.46599	-733296.96265	-733296.96265	-733296.96265	-733296.96265	-733296.96265	
-733910.35207	-733733.38839	-733678.53236	-733642.10375	-733570.82925	-733541.99377	-733455.14273	-733434.10429	-733396.66606	-733373.40704	-733347.96455	-733328.51769	-733293.35043	-733272.18828	-733265.7139	-733243.36406	-733243.36406	-733243.36406	-733243.36406	-733243.36406	
-733910.35207	-733881.87349	-733709.43279	-733560.57451	-733556.60954	-733516.38264	-733468.33258	-733430.17342	-733392.08831	-733381.7826	-733370.78834	-733361.61268	-733338.38797	-733327.51749	-733299.19659	-733281.84577	-733272.13442	-733263.87016	-733263.87016	-733263.87016	
-733910.35207	-733718.18971	-733688.28902	-733525.74692	-733509.31799	-733458.51799	-733406.88924	-733400.93405	-733370.80912	-733335.83606	-733286.04202	-733260.83455	-733242.3886	-733222.54558	-733212.39653	-733202.3747	-733195.3608	-733195.3608	-733195.3608	-733195.3608	
-733910.35207	-733785.29411	-733716.60256	-733615.80066	-733553.76897	-733546.16799	-733530.91701	-733495.34033	-733465.91009	-733428.83259	-733415.72671	-733397.12479	-733380.66335	-733349.51764	-733328.93511	-733301.97167	-733279.04648	-733269.41551	-733248.80043	-733242.0837	
-733910.35207	-733776.92165	-733657.54985	-733526.68204	-733513.20701	-733468.53005	-733436.28761	-733386.32718	-733377.8557	-733352.58729	-733330.97247	-733322.11866	-733314.21972	-733304.20665	-733298.84361	-733286.82392	-733276.36109	-733258.73862	-733246.9322	-733246.9322	
-733910.35207	-733714.44997	-733646.23869	-733582.15729	-733497.86578	-733470.80282	-733464.00337	-733408.96983	-733378.8178	-733364.92899	-733343.63514	-733328.53846	-733328.53846	-733328.53846	-733328.53846	-733328.53846	-733328.53846	-733328.53846	-733328.53846	-733328.53846	
