-729880.86812	-729852.02177	-729830.16536	-729822.86222	-729798.94437	-729778.12149	-729764.10785	-729749.05671	-729738.54952	-729725.2544	-729714.04037	-729701.61726	-729689.62885	-729680.70855	-729671.75971	-729664.80376	-729657.26584	-729647.12857	-729632.73323	-729625.24142	-729617.0374	-729605.89696	-729596.56198	-729582.59029	-729573.96471	
-729880.86812	-729835.40515	-729816.18072	-729806.37868	-729779.68949	-729754.05975	-729747.48677	-729732.72646	-729727.34218	-729719.22566	-729710.1675	-729697.83008	-729688.91037	-729683.91099	-729672.46698	-729666.02804	-729651.03918	-729646.23116	-729639.13433	-729631.9627	-729624.93077	-729609.96952	-729599.15957	-729589.21824	-729585.60115	
-729880.86812	-729869.09136	-729827.60325	-729810.33785	-729790.21684	-729780.47798	-729756.62774	-729748.49287	-729736.74372	-729723.43779	-729703.8806	-729699.9754	-729685.71478	-729673.30965	-729664.47006	-729649.39824	-729639.25851	-729630.72282	-729625.4687	-729614.76008	-729603.86557	-729590.20309	-729582.64596	-729576.37777	-729572.4971	
-729880.86812	-729866.24587	-729846.63658	-729836.54071	-729819.96599	-729803.05105	-729793.34465	-729780.69805	-729765.96869	-729750.33499	-729734.46826	-729720.08151	-729699.5326	-729689.58891	-729679.00819	-729667.51914	-729657.72104	-729648.22076	-729639.19635	-729627.34648	-729617.36724	-729606.02104	-729597.67061	-729585.45478	-729573.43558	
-729880.86812	-729860.92358	-729843.42827	-729825.47876	-729812.47691	-729798.06492	-729778.00091	-729765.50719	-729755.68502	-729741.45394	-729727.69498	-729713.39594	-729704.72564	-729692.32364	-729678.98141	-729670.5004	-729660.89277	-729653.67484	-729643.39033	-729636.68551	-729629.55061	-729618.40907	-729610.68645	-729600.25701	-729593.7843	
-729880.86812	-729844.66629	-729823.75157	-729804.0547	-729789.51699	-729769.67176	-729765.4455	-729761.67936	-729744.27196	-729730.14281	-729721.77649	-729706.36829	-729695.7959	-729692.54226	-729685.94676	-729679.23939	-729667.76413	-729659.12059	-729645.10334	-729634.19168	-729626.86801	-729619.19999	-729605.90052	-729599.19644	-729594.59026	
-729880.86812	-729859.5305	-729822.25321	-729785.9951	-729768.7381	-729760.3899	-729742.42799	-729730.16346	-729719.59214	-729701.8985	-729694.63483	-729689.85496	-729682.16927	-729673.45351	-729665.11002	-729657.14393	-729649.60748	-729634.23802	-729625.48407	-729617.5661	-729610.51305	-729603.69143	-729597.14477	-729588.61438	-729583.4669	
-729880.86812	-729875.21465	-729840.53848	-729812.76554	-729805.34536	-729797.84758	-729776.23628	-729763.5832	-729751.79648	-729741.27375	-729732.30026	-729720.69713	-729700.44734	-729693.50488	-729677.85081	-729663.90677	-729655.65337	-729649.51901	-729642.11874	-729633.38085	-729627.13234	-729614.18636	-729605.39269	-729595.47707	-729589.31111	
-729880.86812	-729867.21217	-729847.5293	-729830.57918	-729800.36299	-729787.04003	-729775.50108	-729760.71636	-729746.84561	-729733.27175	-729725.08821	-729715.0454	-729707.10301	-729701.1326	-729688.9815	-729680.65641	-729666.77979	-729660.25683	-729652.46393	-729642.16009	-729636.08946	-729625.68621	-729620.79225	-729614.48124	-729603.29938	
-729880.86812	-729861.70885	-729822.32727	-729807.11217	-729793.91284	-729786.00652	-729772.86747	-729760.25111	-729753.35298	-729743.8018	-729736.76312	-729722.97691	-729713.35875	-729705.6027	-729697.52614	-729682.97215	-729675.99277	-729664.34589	-729651.46884	-729641.59247	-729637.15254	-729634.45617	-729621.6257	-729615.08435	-729604.3615	
