-729880.86812	-729857.81819	-729831.17264	-729808.71147	-729793.87756	-729790.15688	-729780.11752	-729773.66277	-729760.3061	-729747.64647	-729733.69577	-729724.29058	-729714.58002	-729702.51349	-729688.93853	-729681.30121	-729672.22144	-729660.71714	-729656.69107	-729643.89419	-729633.3104	-729624.33506	-729615.86272	-729609.08655	-729602.14474	
-729880.86812	-729869.4913	-729862.74221	-729832.89049	-729801.07434	-729773.1093	-729767.79893	-729758.21077	-729742.08265	-729730.78355	-729719.71619	-729701.32264	-729685.63532	-729676.90425	-729663.57857	-729656.16833	-729638.98742	-729627.84697	-729615.84072	-729607.10054	-729598.50792	-729593.75056	-729585.90782	-729578.4364	-729568.64597	
-729880.86812	-729860.28687	-729831.86649	-729806.39814	-729792.80291	-729771.81117	-729754.08045	-729739.82109	-729728.4663	-729716.18168	-729707.58135	-729700.49157	-729691.20557	-729682.06303	-729670.97959	-729664.46313	-729660.35374	-729651.70149	-729646.18615	-729639.43116	-729628.29271	-729622.30558	-729616.5821	-729610.74146	-729599.6681	
-729880.86812	-729865.70525	-729835.80634	-729819.69197	-729810.49508	-729797.97403	-729786.20197	-729773.01615	-729757.92584	-729745.91986	-729734.95903	-729724.64359	-729712.99999	-729706.37714	-729694.99306	-729682.80844	-729674.4143	-729668.47518	-729661.02893	-729647.38597	-729639.54519	-729633.71706	-729625.04253	-729618.57539	-729607.61799	
-729880.86812	-729871.20825	-729824.42126	-729806.57678	-729797.46586	-729783.87099	-729770.21743	-729762.32709	-729750.77467	-729739.6912	-729732.47868	-729720.27153	-729706.54065	-729693.68771	-729682.53507	-729670.80195	-729658.55029	-729652.25565	-729641.98471	-729629.82465	-729621.58599	-729610.35209	-729603.79308	-729587.06439	-729578.24242	
-729880.86812	-729853.77943	-729828.51464	-729820.97214	-729788.80266	-729771.1053	-729757.85504	-729740.99698	-729727.0087	-729716.96389	-729707.82379	-729692.55739	-729682.97416	-729670.72664	-729664.77109	-729656.08744	-729647.2246	-729639.00734	-729627.03893	-729610.99344	-729604.43643	-729592.43375	-729578.48692	-729572.22665	-729565.11075	
-729880.86812	-729849.96061	-729830.39496	-729805.53209	-729787.88137	-729783.3666	-729770.77313	-729758.99755	-729734.32017	-729724.64283	-729710.88094	-729701.58746	-729693.88479	-729686.62604	-729676.42427	-729664.79866	-729653.60875	-729645.41746	-729636.61576	-729631.94514	-729619.8978	-729615.38672	-729604.91453	-729594.00167	-729586.25192	
-729880.86812	-729863.25	-729829.00579	-729818.55774	-729794.42955	-729775.7337	-729757.73463	-729745.66454	-729735.5114	-729721.55078	-729708.94619	-729697.20488	-729693.01167	-729676.90278	-729664.62787	-729657.4044	-729647.39947	-729631.71684	-729629.19214	-729619.73262	-729609.72804	-729601.66404	-729593.71393	-729581.21076	-729574.23857	
-729880.86812	-729863.73284	-729855.06852	-729839.466	-729821.8802	-729797.65913	-729782.7884	-729766.47091	-729743.05139	-729732.36917	-729714.52357	-729706.24177	-729689.37811	-729678.66984	-729672.05412	-729660.91338	-729651.76831	-729635.46727	-729630.03176	-729617.92532	-729612.47296	-729603.98125	-729595.98706	-729586.45324	-729583.27226	
-729880.86812	-729846.25686	-729817.73679	-729799.72329	-729791.10546	-729771.20969	-729759.19948	-729750.81899	-729740.25603	-729726.56416	-729717.99861	-729704.22863	-729693.24425	-729679.04199	-729673.07407	-729665.56622	-729653.35791	-729646.44438	-729635.74105	-729628.57355	-729622.67908	-729611.73001	-729603.95879	-729597.31305	-729588.62677	
