-729880.86812	-729852.62666	-729821.36449	-729810.44803	-729795.53181	-729779.1553	-729765.59734	-729748.12037	-729727.64327	-729712.44915	-729707.4399	-729694.10749	-729678.10709	-729670.89144	-729659.9061	-729657.65795	-729649.16415	-729641.37073	-729638.32687	-729626.34372	-729623.32537	-729618.31105	-729608.87559	-729601.78837	-729589.20306	
-729880.86812	-729865.29184	-729830.10032	-729805.38017	-729788.62203	-729767.73826	-729761.25885	-729740.98964	-729727.97759	-729715.9534	-729699.60927	-729692.02403	-729676.41727	-729668.06261	-729658.58713	-729652.37054	-729643.41592	-729635.82854	-729626.49231	-729619.13572	-729614.31042	-729607.05116	-729597.8882	-729594.73659	-729585.66258	
-729880.86812	-729843.71499	-729824.15407	-729816.05869	-729802.37392	-729790.79615	-729776.44118	-729760.9965	-729751.10004	-729733.25963	-729720.95178	-729711.0791	-729700.46512	-729690.90461	-729679.98521	-729670.77878	-729662.6577	-729657.00662	-729651.72414	-729644.93061	-729636.04068	-729620.12633	-729608.04976	-729600.69985	-729591.20135	
-729880.86812	-729869.25572	-729822.17129	-729804.74157	-729778.49586	-729767.34181	-729758.87059	-729739.5296	-729725.25446	-729709.68855	-729703.09897	-729692.2958	-729677.4322	-729668.86673	-729664.20113	-729655.42788	-729644.11483	-729637.48193	-729630.88075	-729620.33295	-729614.0475	-729606.24832	-729596.55181	-729583.74046	-729579.91151	
-729880.86812	-729860.50812	-729834.13735	-729813.32872	-729801.84332	-729781.85267	-729755.08175	-729739.01535	-729731.44095	-729711.62073	-729703.83685	-729689.56207	-729676.41399	-729663.36384	-729653.41978	-729646.63121	-729638.57938	-729627.36379	-729619.38319	-729610.1749	-729602.0375	-729593.52127	-729589.2255	-729581.29099	-729575.86562	
-729880.86812	-729868.40197	-729825.03471	-729809.58614	-729802.00081	-729794.20812	-729781.04411	-729770.33187	-729757.3762	-729746.63324	-729729.12431	-729723.18321	-729704.59609	-729689.16458	-729675.93764	-729664.50174	-729651.383	-729637.65131	-729630.04898	-729624.40601	-729618.71896	-729612.1565	-729602.16214	-729593.99283	-729587.72183	
-729880.86812	-729869.04997	-729833.87532	-729822.79944	-729809.64743	-729791.40016	-729772.60491	-729763.72635	-729750.21127	-729737.39698	-729719.35482	-729710.46922	-729704.04772	-729693.40991	-729686.01168	-729677.65234	-729671.71636	-729663.97261	-729653.77456	-729647.15091	-729640.14673	-729630.79626	-729624.53151	-729615.00408	-729610.78312	
-729880.86812	-729867.61207	-729835.33958	-729808.48377	-729800.66688	-729790.29373	-729773.15274	-729761.63993	-729755.95673	-729745.86493	-729730.55051	-729718.06055	-729706.71548	-729690.34173	-729680.06877	-729668.2562	-729661.1878	-729648.90507	-729642.14602	-729629.51332	-729618.54889	-729603.7337	-729598.80564	-729592.77787	-729587.68436	
-729880.86812	-729864.45709	-729849.90212	-729830.42378	-729804.22753	-729786.75902	-729767.75808	-729757.02431	-729750.39523	-729733.96339	-729720.17224	-729708.91976	-729701.96552	-729693.30475	-729684.45289	-729673.49558	-729668.55986	-729660.93704	-729653.46965	-729644.06433	-729637.5101	-729630.43584	-729624.02258	-729614.95688	-729607.01215	
-729880.86812	-729873.42091	-729863.45294	-729825.90943	-729796.9007	-729783.8565	-729774.98633	-729757.13255	-729753.14991	-729738.55169	-729720.19868	-729700.24254	-729687.63262	-729680.2409	-729667.40089	-729654.84899	-729644.6689	-729637.18633	-729628.35557	-729616.32476	-729607.83902	-729601.18694	-729596.14858	-729588.43051	-729580.92921	
