-729880.86812	-729876.66686	-729840.63014	-729811.92143	-729803.27822	-729789.6143	-729772.6408	-729747.85247	-729733.86877	-729719.03915	-729703.45146	-729694.15695	-729681.61096	-729671.69771	-729663.79745	-729656.58992	-729645.84089	-729634.18905	-729625.67621	-729610.8623	-729601.91823	-729593.70196	-729581.9539	-729574.66833	-729566.03148	
-729880.86812	-729869.49317	-729839.72749	-729820.91323	-729797.53161	-729777.80797	-729767.55395	-729745.73515	-729738.46564	-729732.49148	-729724.04129	-729716.76044	-729710.81012	-729703.07727	-729693.33187	-729682.72725	-729672.36059	-729665.24526	-729657.23032	-729651.58233	-729645.86042	-729638.69581	-729628.99219	-729617.00503	-729612.09483	
-729880.86812	-729865.94903	-729849.36526	-729831.74064	-729810.13161	-729804.92632	-729796.20235	-729781.31342	-729766.58019	-729744.59477	-729736.26792	-729726.17796	-729715.83715	-729706.41915	-729696.40156	-729679.80209	-729669.72451	-729657.83642	-729653.30646	-729643.38725	-729634.07183	-729625.76089	-729622.29933	-729614.80663	-729604.94633	
-729880.86812	-729866.44732	-729852.66697	-729830.30019	-729806.41884	-729781.70585	-729766.118	-729757.82567	-729747.30011	-729735.97867	-729733.94003	-729729.61189	-729716.64487	-729706.62176	-729697.18993	-729679.58934	-729665.07797	-729656.23972	-729649.4766	-729644.03765	-729637.07615	-729621.82531	-729614.70899	-729610.15279	-729601.10037	
-729880.86812	-729870.29397	-729815.36772	-729803.9426	-729791.48636	-729773.6543	-729756.10271	-729747.90774	-729741.92118	-729728.63548	-729714.41265	-729702.13182	-729691.00943	-729681.7574	-729674.00113	-729665.06265	-729659.07	-729644.45843	-729638.20847	-729629.61282	-729612.69258	-729608.53566	-729602.17424	-729589.73711	-729584.13616	
-729880.86812	-729860.28378	-729834.36686	-729826.99247	-729805.58447	-729784.3681	-729776.61957	-729762.04697	-729743.23902	-729732.91138	-729719.5112	-729706.16167	-729692.02019	-729676.55534	-729664.82551	-729654.50009	-729648.87583	-729637.72924	-729629.84447	-729623.17997	-729613.81198	-729606.61539	-729599.78839	-729590.04658	-729580.75577	
-729880.86812	-729841.78826	-729820.7557	-729812.33474	-729792.3071	-729781.62845	-729772.56284	-729760.0769	-729747.89211	-729731.49956	-729722.25774	-729705.18859	-729692.32444	-729684.79864	-729675.71407	-729666.81429	-729660.75424	-729649.99186	-729642.19704	-729632.23364	-729623.82996	-729616.7717	-729610.71472	-729601.28311	-729588.15614	
-729880.86812	-729873.20569	-729860.36841	-729840.61867	-729827.80179	-729803.78656	-729791.19062	-729780.00132	-729771.34768	-729759.39874	-729752.3124	-729745.52869	-729733.10334	-729721.65966	-729711.4778	-729699.5797	-729683.96072	-729667.03131	-729655.17765	-729642.87384	-729631.87455	-729624.73131	-729614.52051	-729610.32261	-729603.28091	
-729880.86812	-729862.6417	-729839.72713	-729825.78525	-729807.12427	-729795.08261	-729778.67747	-729764.91284	-729750.43091	-729738.43036	-729716.53127	-729705.78358	-729691.93826	-729684.92811	-729677.25545	-729665.4705	-729657.8537	-729648.66195	-729637.75056	-729634.69983	-729623.39324	-729615.07539	-729611.57078	-729607.34231	-729597.47106	
-729880.86812	-729854.26546	-729837.90729	-729825.35876	-729817.20491	-729804.2121	-729781.44057	-729759.8557	-729742.35889	-729728.93503	-729712.45787	-729698.36513	-729689.29529	-729683.80274	-729667.60308	-729652.55825	-729638.78003	-729630.64307	-729614.72094	-729603.38298	-729597.77231	-729590.92793	-729583.19518	-729576.14125	-729568.74539	
