-729880.86812	-729861.41464	-729834.62643	-729819.33824	-729811.51843	-729801.88547	-729776.62744	-729752.7523	-729734.25244	-729724.92299	-729709.74012	-729703.38725	-729690.70289	-729679.3831	-729669.75786	-729654.11084	-729641.1159	-729629.52998	-729622.66597	-729615.94166	-729609.88931	-729599.96177	-729592.62008	-729583.68102	-729575.71652	
-729880.86812	-729867.05718	-729854.18715	-729818.84446	-729785.88673	-729776.04577	-729766.10031	-729760.01453	-729748.79844	-729728.5151	-729714.48807	-729700.84888	-729680.35573	-729667.07454	-729655.51925	-729647.14044	-729640.21518	-729630.23232	-729620.42803	-729609.08917	-729602.81242	-729594.49308	-729588.72534	-729580.46896	-729573.28395	
-729880.86812	-729870.7627	-729822.28027	-729803.68647	-729789.70774	-729771.34515	-729762.49605	-729748.55044	-729734.00888	-729720.26482	-729713.9833	-729704.21055	-729686.58863	-729677.7183	-729663.56413	-729650.08778	-729646.38438	-729637.85122	-729631.51975	-729614.33876	-729603.44413	-729594.61622	-729583.04578	-729573.55726	-729561.81084	
-729880.86812	-729857.63862	-729843.92823	-729814.20468	-729797.01699	-729770.75369	-729764.0148	-729755.61132	-729729.54528	-729724.69353	-729715.01115	-729706.51125	-729697.24453	-729686.97436	-729679.95999	-729672.35376	-729655.12912	-729647.51861	-729639.71235	-729631.00491	-729620.69017	-729606.88598	-729597.15551	-729587.33583	-729577.4506	
-729880.86812	-729863.63678	-729819.62112	-729802.87794	-729786.55135	-729774.3084	-729760.88815	-729747.05759	-729733.61403	-729722.50968	-729707.98419	-729696.74962	-729682.89772	-729673.56145	-729662.31367	-729658.97339	-729654.15917	-729644.10228	-729634.57495	-729624.85501	-729615.83388	-729605.82909	-729598.17751	-729591.96088	-729587.31493	
-729880.86812	-729853.89058	-729831.66485	-729811.19413	-729801.55998	-729778.02021	-729766.50655	-729749.23223	-729737.02628	-729726.47598	-729711.27131	-729692.32176	-729677.97111	-729663.04337	-729650.27546	-729638.029	-729633.67034	-729624.5579	-729619.62371	-729608.19531	-729602.88077	-729593.86536	-729591.53629	-729587.94035	-729581.7531	
-729880.86812	-729868.59335	-729842.73922	-729825.29667	-729810.30712	-729797.93602	-729783.24012	-729774.5072	-729757.34317	-729744.28851	-729735.70512	-729720.81945	-729706.15095	-729693.93894	-729688.07702	-729678.86248	-729663.31446	-729653.06676	-729642.73069	-729633.00962	-729624.11389	-729617.16496	-729613.87285	-729605.92873	-729596.95681	
-729880.86812	-729840.78346	-729820.30851	-729810.41063	-729797.69774	-729767.38944	-729753.48088	-729745.06934	-729733.9888	-729717.25122	-729702.87196	-729691.74136	-729679.92727	-729670.48774	-729659.16035	-729654.12009	-729644.32997	-729635.57306	-729627.42318	-729618.09477	-729612.87596	-729604.08073	-729595.06379	-729589.69475	-729584.6475	
-729880.86812	-729869.53651	-729844.56504	-729815.2829	-729796.63035	-729790.47819	-729773.67706	-729761.03617	-729739.03229	-729727.738	-729710.86566	-729695.75487	-729685.31392	-729670.78295	-729658.15177	-729647.68309	-729639.37679	-729633.61031	-729623.0769	-729618.75088	-729610.6742	-729604.31931	-729594.86534	-729585.96403	-729580.19016	
-729880.86812	-729870.58372	-729840.11807	-729818.72218	-729789.33443	-729776.92549	-729755.82733	-729734.71235	-729726.96608	-729708.96954	-729704.78446	-729686.07239	-729672.02876	-729665.12136	-729657.49231	-729652.12906	-729647.07381	-729640.05697	-729631.25231	-729618.65638	-729609.16715	-729601.31585	-729593.56895	-729588.32032	-729570.50721	
