5
10 10 1
0 330 308 339 278 317 290 311 344 306
1534.7567 0 224 222 195 202 185 214 238 216
1234.2046 493.79562 0 232 234 218 177 17.488954 241 11.268276
1546.6781 478.30469 521.47874 0 218 228 236 224 55 225
1052.596 358.48196 550.94536 488.27879 0 210 196 223 233 217
1408.5869 400.34399 476.84571 526.90958 437.63313 0 180 208 248 198
1181.2061 326.13932 274.26021 564.10627 385.59297 301.20962 0 167 239 168
1235.6227 437.11588 8.3198523 474.84752 481.41947 422.55359 240.58712 0 229 12.036312
1781.1831 599.28002 592.55832 33.943927 579.82713 667.75942 617.243 524.74984 0 229
1189.2992 450.90719 5.2476128 483.57828 457.79599 377.96966 239.68965 5.4080094 526.07526 0
10 10 2
0 236 296 314 313 315 299 294 342 314
610.76396 0 212 227 214 250 222 208 222 214
1110.7449 441.86958 0 282 213 225 158 17.10876 265 20.397694
1225.2195 490.40495 935.38416 0 231 291 275 281 64 291
1311.0061 461.82884 436.70402 537.62592 0 208 193 207 254 213
1258.822 730.0765 543.45904 1064.5884 405.59586 0 224 229 319 247
1051.8541 497.84185 221.26666 850.55804 358.41288 486.21311 0 161 303 169
1042.8928 414.10028 8.291544 920.66656 401.75303 571.63244 222.93658 0 279 22.27216
1617.9672 485.28857 768.96469 40.835076 720.94003 1541.9648 1174.0091 856.29884 0 282
1327.4124 473.28976 9.9822671 1016.5967 439.9239 705.60139 255.20529 10.705672 900.3769 0
10 10 3
0 341 325 333 289 321 308 320 355 340
2131.1983 0 197 214 188 246 222 209 205 202
1726.2008 369.9341 0 239 213 211 149 18.680986 253 17.877598
1618.3721 465.606 613.41935 0 239 258 249 237 61 238
1177.7699 334.43938 439.95212 670.42694 0 195 203 207 255 224
1462.5832 642.65683 415.52598 791.00026 384.5653 0 211 212 258 231
1243.1215 487.57655 184.24002 653.42303 404.42099 415.26401 0 152 246 163
1624.2052 434.35738 8.5735961 595.75009 410.32196 406.09766 189.29317 0 261 19.096119
2122.2816 423.98165 670.29494 40.278685 774.45064 773.72677 664.43868 726.64319 0 252
1980.8233 395.39649 8.1003462 618.37167 495.76736 506.39869 216.80939 8.9120178 669.21646 0
10 10 4
0 318 260 330 308 292 354 272 335 272
1384.6885 0 225 238 227 289 232 230 238 237
756.48404 500.71768 0 221 172 192 164 13.142401 246 11.268276
1443.3472 579.10919 443.42312 0 248 228 261 214 63 208
1326.2532 535.62173 255.52315 577.21274 0 204 195 185 255 175
1046.4473 1065.0582 330.96945 460.36463 385.89336 0 247 200 260 193
2087.6251 569.36584 224.22534 742.76773 366.38022 622.1625 0 174 264 165
873.81781 523.98451 5.5428539 409.69059 300.17031 364.94467 248.98762 0 235 14.350135
1571.9112 613.69039 575.46244 40.116621 626.38119 661.35136 782.23712 513.69541 0 233
836.18909 582.6546 4.601172 389.21209 260.29238 336.58934 224.93031 6.0282702 517.89348 0
10 10 5
0 291 261 276 237 336 252 272 291 268
1084.684 0 202 220 170 193 190 212 226 222
775.51535 430.88266 0 240 172 238 153 15.668855 256 17.877598
815.28702 485.52866 575.80649 0 213 272 215 255 53 256
562.86367 257.57643 255.11887 409.39601 0 180 173 181 217 178
2018.4144 347.81261 583.72977 879.44197 295.11498 0 201 233 278 236
760.7549 360.71146 198.02286 443.52677 261.56619 364.96021 0 153 232 158
868.73745 472.68251 7.057256 652.36733 286.66953 566.43442 200.84109 0 270 19.096119
942.10358 513.3005 713.9947 33.923769 427.55644 932.83564 523.99858 804.18555 0 266
819.78469 525.35951 8.1211847 666.91101 274.34893 586.01171 213.66172 8.7927289 775.6771 0
