5
10 10 1
0 88 82 120 82 25.976436 83 84 28.363566 27.746967
67.233876 0 58 155 41.212717 88 66 68 93 95
59.944774 35.242144 0 167 41.212717 82 16.017052 18.274878 83 82
115.41555 211.91393 243.79753 0 167 115 162 163 119 118
58.738639 21.764659 22.12598 242.4864 0 80 46 47 79 78
11.525999 67.968877 60.360401 106.37975 58.568723 0 82 81 16.73683 16.372986
61.034002 43.026515 7.144738 227.0016 25.851485 61.831085 0 16.017052 85 83
61.881439 44.071646 8.177189 229.79569 26.90618 59.337042 7.0960465 0 87 82
12.822882 75.169893 62.183844 114.56144 57.839985 7.1807281 65.713915 67.894692 0 11.774653
12.642384 78.867725 60.736439 113.95579 56.620875 7.0171629 63.692812 62.001293 4.9292908 0
10 10 2
0 100 73 136 80 23.790211 75 70 29.638176 27.746967
90.162231 0 67 164 42.128555 89 64 66 92 90
53.489484 43.766308 0 142 50 66 14.995005 13.434454 72 70
156.86512 242.54736 179.81608 0 145 124 141 144 121 130
61.339813 22.741824 29.009462 183.02561 0 71 48 51 77 73
11.660423 73.164332 45.056554 131.82375 49.794526 0 69 66 12.577203 10.549249
55.573998 41.10298 6.4468292 176.47586 27.735171 48.373033 0 11.268276 73 73
50.18976 43.489529 5.8516159 183.35598 30.092536 44.757768 4.8188316 0 71 69
14.991357 77.508226 51.316301 127.04773 56.640165 5.7320283 53.170484 50.954802 0 9.6614044
14.053243 75.644745 49.629823 144.10676 53.024761 4.7214254 51.908945 47.718811 4.236334 0
10 10 3
0 99 87 127 99 23.790211 91 85 28.363566 25.411731
80.359052 0 73 139 45 91 71 67 88 89
68.526439 49.881129 0 149 63 91 17.877598 14.669027 96 88
134.09336 159.65849 191.67694 0 141 119 156 145 124 118
83.110312 24.885987 41.156233 166.29614 0 95 67 63 95 90
11.68802 69.937775 72.049181 118.31216 77.700778 0 92 85 20.850976 18.274878
73.879849 49.302407 8.2592421 207.38257 45.084632 73.879302 0 10.319917 97 92
66.006919 44.62784 6.6194714 179.61599 40.497199 64.519691 4.5326319 0 94 86
14.039305 68.108341 79.109715 129.2958 78.849776 9.6648667 81.303629 76.280997 0 10.783676
12.549008 68.918363 70.302123 119.02874 71.398839 8.4624348 74.962874 67.882718 4.6255478 0
10 10 4
0 105 100 133 99 28.993868 97 93 28.363566 27.746967
94.682636 0 76 215 38.582937 107 76 69 106 106
83.68333 53.295848 0 172 68 99 14.995005 11.268276 100 96
151.26967 458.488 258.1196 0 194 137 180 169 129 132
84.877262 20.457433 43.901591 356.23322 0 97 65 59 97 90
14.582401 96.096526 82.604577 159.62817 80.62354 0 97 91 16.73683 13.434454
80.647956 53.108616 6.5714476 290.21796 40.738642 79.99934 0 11.023314 98 92
74.798954 46.436382 4.7209354 257.85735 35.147846 71.872828 4.6756295 0 94 88
14.413323 94.993226 83.114036 141.67345 80.588209 7.5859223 81.293628 75.197836 0 8.4677563
13.759726 94.072261 77.941226 148.38964 71.657247 5.875356 72.046954 67.34019 3.6340732 0
10 10 5
0 106 89 124 90 25.411731 93 96 30.296802 25.411731
99.682921 0 72 184 42.128555 106 71 72 111 104
70.226568 53.717409 0 160 56 82 18.274878 16.73683 84 80
124.69209 307.09064 213.1566 0 145 120 161 164 122 123
73.311294 25.443984 36.064532 175.83466 0 88 56 55 93 87
12.336631 99.24021 60.578919 117.47363 68.132101 0 88 91 19.520477 14.995005
74.93373 53.223658 8.5434691 211.10444 35.098909 66.847151 0 15.328227 88 84
79.172085 53.537544 7.9023388 221.97397 34.147864 71.087808 7.0269279 0 92 87
15.503213 110.02563 63.597129 120.19915 75.823602 9.0719796 67.832861 74.021068 0 12.303786
12.461284 96.371591 57.062445 120.46473 67.229752 6.693822 62.485726 65.912199 5.4469284 0
