5
10 10 1
0 276 146 310 155 181 155 179 308 296
876.40939 0 299 187 302 359 277 320 184 187
189.55732 1116.3777 0 321 64 76 57 65 332 309
1214.767 296.64039 1441.4313 0 333 367 315 322 18.274878 10.319917
217.8145 1215.2512 40.531807 1605.7891 0 82 65 73 335 326
308.83092 1904.6742 53.265653 2162.9964 61.007573 0 63 75 375 350
210.33004 907.773 34.077191 1280.6626 41.534252 39.644166 0 47 333 305
301.54574 1461.1595 41.107736 1380.4609 50.126885 53.192181 26.12278 0 334 311
1151.0905 286.22535 1480.359 8.1116318 1547.1161 2040.6513 1381.0053 1412.5819 0 17.10876
1036.0079 291.14767 1230.3033 4.3573938 1415.7927 1783.8769 1111.1513 1172.7467 7.6417573 0
10 10 2
0 304 198 319 206 222 205 189 300 331
1176.9889 0 342 163 335 351 323 299 163 172
361.62431 1782.0706 0 323 81 84 60 63 312 323
1281.0695 227.07068 1421.6667 0 361 331 277 309 14.038175 8.8482827
403.99298 1544.1662 63.07667 1840.1033 0 96 74 75 362 368
503.24944 1952.5002 67.694592 1516.8451 84.772223 0 74 72 329 338
398.40903 1426.513 39.405434 858.7858 54.624544 55.541868 0 53 278 289
332.11101 1134.4625 42.00383 1165.9608 55.748151 53.358008 32.738337 0 306 311
1148.2098 229.20547 1276.846 6.2042388 1788.9458 1489.356 862.45132 1133.9629 0 14.669027
1440.4339 256.98126 1385.6332 3.8654426 1913.9957 1556.1194 948.63443 1175.1075 6.5707567 0
10 10 3
0 359 173 358 184 217 178 182 379 357
1913.5266 0 290 181 318 324 292 286 192 185
274.02992 993.96938 0 291 63 81 59 53 283 295
2001.5412 277.83132 1003.2963 0 329 382 311 308 12.856697 8.6559287
317.00499 1310.2109 40.282302 1418.2997 0 87 66 67 327 321
471.31886 1362.0046 59.420662 2196.4002 67.027645 0 74 81 394 374
283.9331 980.32974 36.304908 1211.005 42.465521 51.953452 0 54 306 303
307.79711 960.18757 31.791074 1196.9247 44.423127 61.264333 32.223963 0 313 314
2411.0093 320.16263 958.49183 5.5955029 1474.1438 2514.8767 1204.0937 1258.4753 0 15.328227
1975.1942 293.03033 1061.2155 3.6735148 1353.0575 2060.773 1125.4636 1265.029 6.7772555 0
10 10 4
0 344 183 352 198 189 180 179 352 352
2056.189 0 348 225 286 339 310 299 222 233
304.8178 2093.0965 0 333 73 78 58 56 332 333
2178.3155 518.27378 1788.6643 0 343 364 335 296 15.668855 12.303786
363.12512 1077.4826 52.760033 1995.8392 0 89 63 70 337 334
329.86653 1872.8957 58.883284 2473.1876 71.663083 0 72 79 362 354
293.32824 1509.3738 37.137189 1996.5031 42.288028 50.914661 0 46 335 332
292.82389 1297.3298 35.927944 1299.261 49.039215 59.39936 26.682111 0 287 280
2167.8611 484.55337 1724.2294 7.2118085 1782.1621 2544.99 1919.6245 1123.8628 0 15.328227
2169.2685 543.82813 1741.0067 5.5107046 1777.8248 2343.5403 1878.4303 1101.1901 6.9692044 0
10 10 5
0 271 185 271 182 185 169 188 277 293
872.0287 0 233 176 231 251 253 246 175 180
287.53168 521.09168 0 271 71 80 60 58 260 276
800.40721 258.98095 753.40093 0 295 293 297 272 12.856697 11.518682
286.33257 526.63251 45.73579 956.53253 0 79 70 63 288 309
301.22456 664.57294 54.972121 958.61624 54.152424 0 64 63 281 302
242.01707 700.1202 35.781234 1024.2162 45.516406 40.034825 0 52 292 300
319.91721 636.60883 35.360709 824.70757 39.814629 39.711837 29.54326 0 276 282
888.8197 261.76159 702.14154 5.9465484 922.96451 895.41674 1025.6407 870.64174 0 16.372986
987.38545 275.33775 810.70503 5.0522723 1123.4296 1048.0708 1065.729 913.75049 7.7254139 0
