5
10 10 1
0 359 110 101 81 105 345 335 108 326
1901.4323 0 325 293 327 303 69 62 307 69
95.561363 1387.2132 0 75 91 38.582937 307 312 42.128555 315
82.512646 994.71662 49.538722 0 81 80 277 286 81 290
57.094198 1408.8102 66.886701 56.358906 0 83 313 309 83 312
87.944809 1030.3294 19.76312 55.954059 58.493012 0 280 269 11.518682 283
1811.6583 47.514147 1296.9453 920.77712 1255.1424 925.69108 0 65 291 44.021739
1501.1796 42.407607 1276.0029 903.77092 1144.8827 797.44898 44.486132 0 286 61
93.591151 1142.3398 21.650769 57.360051 58.689461 4.7677786 1093.6897 972.60843 0 282
1596.9054 49.417795 1369.6183 1022.1396 1353.9026 943.28487 25.571544 41.489102 994.8853 0
10 10 2
0 397 109 113 93 118 395 437 119 441
2902.5502 0 340 335 382 356 79 60 346 79
100.34138 1674.213 0 81 80 37.744178 354 360 35.335726 387
107.29802 1698.4709 60.729082 0 75 81 362 345 80 351
75.878422 2271.4461 57.6565 53.897356 0 89 415 416 89 419
113.97031 2061.834 20.575907 60.453001 71.509536 0 384 375 11.023314 431
2587.9977 55.565721 1877.4564 2049.3201 2899.3125 2563.5272 0 65 381 56
3637.3286 36.544395 1923.8464 1766.1069 3000.617 2331.1801 40.622656 0 365 69
116.21498 1920.1723 18.741793 58.932706 70.288342 4.8323043 2397.7295 2134.2834 0 420
3995.9223 56.35672 2246.0702 1888.5352 3081.3521 3358.0107 34.096705 45.013064 3037.5028 0
10 10 3
0 365 105 94 75 102 384 323 99 360
2434.1598 0 381 327 337 350 65 59 342 77
93.574442 2695.787 0 81 89 41.212717 384 356 38.582937 375
77.516043 1734.0736 60.267268 0 79 84 331 324 76 352
54.697008 1835.9591 69.307461 56.181266 0 93 340 323 89 372
91.061575 2181.8122 22.384567 61.74498 72.879244 0 333 335 13.434454 352
2827.9218 40.566059 2667.4924 1661.0694 1843.5712 1718.4444 0 50 329 42.128555
1632.6405 36.092331 2017.4255 1538.7441 1529.3531 1823.5882 28.83847 0 332 60
86.883325 1977.7701 20.903631 53.613066 68.370466 5.9753937 1670.5764 1703.4665 0 362
2261.4065 52.410225 2446.6344 2082.8304 2573.0273 2163.1614 21.372052 36.77062 2257.1893 0
10 10 4
0 482 124 112 89 125 492 499 133 489
8483.9254 0 530 384 401 458 60 54 464 67
129.06192 10695.427 0 91 86 51 519 587 48 539
102.25665 2977.6029 74.286555 0 80 93 366 442 95 390
69.607704 3618.299 69.32574 59.48598 0 79 407 461 84 431
129.43843 5867.7444 30.784199 77.161514 60.399452 0 437 479 11.518682 445
7416.2298 37.541095 7717.523 2089.4089 2967.6226 4073.7308 0 41.212717 433 41.212717
7573.8795 33.167224 14533.205 4341.7572 4764.1481 5880.5884 22.995744 0 458 45
146.14614 5867.6446 29.110608 79.675383 66.076105 5.1591601 3903.3408 5182.4306 0 444
8400.6583 45.124285 10028.973 2898.2772 3787.7844 4706.5667 22.708906 25.915246 4694.9403 0
10 10 5
0 387 110 115 98 113 471 357 122 470
3287.9299 0 362 320 334 345 71 49 392 81
102.63964 2264.0629 0 86 95 46 445 325 47 438
108.29055 1715.8217 67.512679 0 87 85 389 289 82 384
82.494225 1896.3221 81.279029 69.491213 0 91 384 318 94 394
106.62302 2010.7116 26.1539 64.813017 73.347408 0 407 332 15.328227 395
5582.6621 53.708371 5588.6834 3433.2689 3017.1887 3941.0688 0 48 485 52
2308.4982 30.058292 1780.0906 1250.9152 1566.2038 1823.1873 30.111113 0 378 64
122.61789 3422.3926 27.51362 62.442774 78.248908 6.6811259 7271.7318 2995.9738 0 481
5558.8759 67.361266 5225.5159 3004.3314 3268.8457 3392.3171 33.583924 45.19642 6992.468 0
