48
8 8 1
0 9.8761023 18.680986 19.096119 23.790211 39.440336 43.064745 55
0.69569516 0 16.372986 17.877598 23.790211 39.440336 44.021739 56
1.3883576 1.2026857 0 20.397694 24.859302 38.582937 44.021739 56
1.4765595 1.3542668 1.5671608 0 20.397694 40.316788 47 62
1.8714081 1.890013 1.9645178 1.6275766 0 40.316788 44.021739 59
3.343732 3.3338389 3.2899167 3.5356706 3.5296381 0 46 55
3.7746422 3.9049501 3.9058809 4.2960686 3.9968917 4.1635442 0 57
5.0810872 5.2426686 5.2502799 6.0758025 5.6187522 5.067673 5.4060908 0
8 8 2
0 8.4677563 14.038175 17.10876 19.096119 32.361806 43.064745 67
0.68805859 0 12.856697 14.350135 17.488954 32.361806 42.128555 65
1.1710891 1.0770878 0 14.995005 18.680986 32.361806 40.316788 67
1.4775289 1.2252809 1.2793774 0 15.668855 33.080957 41.212717 68
1.662672 1.5037962 1.6312154 1.3484422 0 32.361806 41.212717 68
3.0358418 3.0729114 3.0818077 3.160337 3.0472669 0 40.316788 64
4.3878204 4.2308119 4.0536596 4.1341326 4.1833315 4.0112665 0 68
7.7438863 7.4944647 7.8445051 7.8923204 8.0034724 7.1847794 7.9126707 0
8 8 3
0 11.774653 16.73683 19.520477 22.767097 43.064745 49 66
1.1807536 0 16.73683 18.680986 22.767097 42.128555 49 64
1.7151662 1.7449955 0 19.520477 21.314331 43.064745 51 64
2.0745221 1.9610953 2.0896216 0 19.520477 43.064745 51 69
2.491251 2.4799191 2.3128942 2.0948693 0 43.064745 51 67
5.3373221 5.0887224 5.2093798 5.3455211 5.2439048 0 52 68
6.3330458 6.326016 6.5414789 6.6731601 6.608891 6.7128196 0 68
9.3004246 9.0030544 8.9398961 10.038075 9.5321288 9.8452919 9.8341032 0
8 8 4
0 9.0449112 14.995005 16.73683 19.520477 33.080957 36.923652 54
0.67971568 0 13.732998 15.668855 17.488954 33.816089 37.744178 56
1.1718382 1.0658779 0 17.488954 19.954266 33.080957 37.744178 56
1.333842 1.245348 1.4036604 0 15.668855 33.080957 36.923652 56
1.5855592 1.4256414 1.6238162 1.2495205 0 34.567558 39.440336 56
2.9162477 2.9309872 2.8571231 2.9260718 3.1098601 0 39.440336 53
3.3847597 3.4578803 3.5082539 3.4077683 3.7491196 3.6690723 0 56
5.3898116 5.5628491 5.5713569 5.6020369 5.7528282 5.2042595 5.6412014 0
8 8 5
0 10.549249 17.10876 19.520477 21.787983 37.744178 44.021739 57
1.0038742 0 14.038175 19.520477 19.954266 37.744178 42.128555 57
1.6897602 1.3852001 0 19.520477 20.397694 36.120964 43.064745 57
1.9995842 1.9593016 1.9879766 0 20.397694 37.744178 45 57
2.3036103 2.0470338 2.0942224 2.0774094 0 36.923652 42.128555 58
4.3283168 4.2433746 4.0376282 4.3231272 4.1770777 0 38.582937 54
5.2076591 5.0106044 5.0999581 5.4653082 5.0658315 4.4390089 0 57
7.2988487 7.1666031 7.1898552 7.1470895 7.3621909 6.7273679 7.2152136 0
8 8 6
0 12.036312 17.488954 19.520477 19.520477 36.923652 43.064745 61
2.8730826 0 17.877598 18.680986 20.397694 37.744178 48 59
4.3592958 4.492949 0 20.397694 20.850976 38.582937 43.064745 63
5.0237118 4.7146633 5.2271144 0 20.397694 41.212717 49 64
4.9805116 5.2732692 5.3731577 5.2931196 0 43.064745 45 68
10.279997 10.630914 10.895197 11.948572 12.735737 0 40.316788 60
12.392691 14.348881 12.539987 14.82055 13.415558 11.478919 0 71
19.346754 18.636528 20.246032 21.120182 22.9441 18.765716 24.281957 0
8 8 7
0 10.095571 16.372986 17.877598 19.520477 33.816089 41.212717 55
0.48163164 0 13.434454 15.328227 17.10876 32.361806 39.440336 56
0.82419292 0.65044185 0 16.73683 19.520477 32.361806 39.440336 57
0.89452295 0.76214816 0.84326772 0 16.73683 33.080957 40.316788 55
0.98210561 0.84632211 1.004895 0.83247628 0 33.080957 40.316788 56
1.8442727 1.7321032 1.7783233 1.8106328 1.7829463 0 40.316788 53
2.4247961 2.346559 2.322295 2.360996 2.3862501 2.3359758 0 56
3.5208881 3.5690968 3.6869489 3.5141703 3.5511218 3.2663862 3.6226183 0
8 8 8
0 10.095571 19.096119 22.767097 24.859302 57 55 67
1.8033244 0 14.350135 19.520477 22.27216 53 52 67
3.6720559 2.6535754 0 20.850976 24.859302 54 55 66
4.5149323 3.7252752 4.0562378 0 21.314331 57 56 67
5.0195095 4.2944523 4.980675 4.162922 0 57 56 70
13.467521 12.302541 12.545909 13.691611 13.663698 0 55 56
13.087667 12.255335 12.887322 13.364927 13.430022 12.76662 0 61
16.600135 16.503419 16.28339 16.669345 17.570158 12.541978 14.341576 0
8 8 9
0 9.2459092 14.350135 21.314331 24.318882 46 51 64
1.2285808 0 13.434454 18.274878 21.787983 43.064745 50 67
1.9936419 1.8442122 0 21.314331 22.767097 43.064745 50 66
3.0937401 2.6574951 3.1459271 0 23.273033 44.021739 48 70
3.6754202 3.2375217 3.4041079 3.51413 0 43.064745 47 71
7.6996315 7.1395136 7.2313868 7.4560032 7.1798332 0 49 64
8.8241698 8.6857647 8.6822172 8.4524317 8.2052236 8.4075605 0 64
11.733415 12.553637 12.425234 13.488275 13.688501 11.694114 12.010655 0
8 8 10
0 9.0449112 14.350135 15.668855 17.877598 28.363566 48 57
0.7894132 0 13.732998 14.038175 16.017052 28.993868 48 58
1.3053515 1.2369793 0 16.017052 18.680986 31.658288 49 58
1.3988646 1.2599801 1.4621444 0 15.668855 28.363566 47 58
1.6333197 1.4718374 1.7466529 1.428493 0 28.363566 47 59
2.7498361 2.8858493 3.1857285 2.7981231 2.8368409 0 47 57
5.4736665 5.6052149 5.6960038 5.3595893 5.3645414 5.3789884 0 63
6.6551525 6.8037351 6.8247483 6.7889159 6.9322748 6.5658254 7.8076547 0
8 8 11
0 10.549249 16.73683 19.954266 24.859302 41.212717 50 65
1.755805 0 13.434454 17.488954 22.27216 39.440336 53 67
2.875434 2.2786383 0 17.488954 22.27216 41.212717 52 70
3.501897 3.0295425 3.0919979 0 19.096119 41.212717 50 69
4.5309758 4.0589446 3.9971004 3.3321123 0 38.582937 52 70
8.3460385 7.8391591 8.2373814 8.2629966 7.5594608 0 48 68
10.508892 11.640789 11.239288 10.514682 11.31193 10.126918 0 68
14.943072 15.865298 16.700666 16.417824 16.8279 16.127234 16.435243 0
8 8 12
0 7.9274297 15.328227 16.73683 18.274878 33.080957 36.120964 59
2.1610875 0 14.669027 16.73683 19.520477 37.744178 33.080957 57
4.3024679 4.1164346 0 17.10876 21.314331 36.120964 36.923652 55
4.8349906 4.7567276 4.9241173 0 17.10876 30.296802 37.744178 56
5.2806269 5.6821515 6.3789984 4.9442716 0 33.816089 34.567558 59
10.506377 12.181415 11.776015 9.4707121 10.918388 0 38.582937 59
12.094405 10.844645 12.302563 12.748575 11.387886 12.943259 0 65
21.184182 20.489815 19.410542 19.808382 21.188855 21.317619 24.824506 0
8 8 13
0 8.2836747 12.036312 15.328227 17.488954 34.567558 47 48
2.034797 0 14.669027 16.372986 19.096119 37.744178 47 48
3.009933 3.8009954 0 19.096119 21.314331 36.120964 46 51
3.9399532 4.3025206 5.1521504 0 17.10876 36.923652 44.021739 50
4.5934007 5.2006319 5.7483399 4.4940753 0 39.440336 49 50
10.213415 11.425979 10.734641 11.047383 11.915351 0 44.021739 49
15.71111 15.907143 15.32983 14.321305 16.303374 14.423826 0 66
14.611305 14.69396 16.032272 15.755521 15.588245 15.154349 23.627991 0
8 8 14
0 8.4677563 15.328227 21.787983 23.273033 57 45 60
1.7928921 0 14.669027 19.954266 21.314331 54 44.021739 60
3.4140754 3.2229039 0 21.787983 23.790211 50 45 58
5.1522938 4.5918478 5.0122197 0 19.096119 50 51 63
5.5166944 4.9782027 5.6207368 4.4631748 0 50 50 61
16.242116 15.20855 13.509163 13.499972 13.641678 0 49 50
12.167851 11.964143 12.109164 14.370671 14.075854 13.500461 0 55
17.478419 17.371517 16.540745 18.545205 17.823824 13.368005 15.537939 0
8 8 15
0 10.319917 16.017052 18.680986 19.954266 33.816089 36.120964 48
1.6536258 0 16.73683 19.954266 20.397694 34.567558 36.923652 50
2.6127716 2.7599343 0 17.10876 19.520477 36.120964 36.923652 45
3.1749369 3.4214247 2.8630371 0 17.877598 35.335726 40.316788 48
3.4537663 3.5207563 3.2816814 3.059448 0 38.582937 40.316788 49
6.2358124 6.4560888 6.6509511 6.6095912 7.3499076 0 37.744178 47
6.6940648 6.9078515 6.9185586 7.7499594 7.9101715 7.0410645 0 53
9.7090615 10.043629 8.8166602 9.6110033 10.031711 9.1240515 10.853602 0
8 8 16
0 12.036312 17.10876 17.10876 23.273033 36.120964 45 64
0.91198302 0 15.668855 15.328227 20.850976 36.923652 45 63
1.3380659 1.2211202 0 16.73683 20.850976 35.335726 45 63
1.3326482 1.1974943 1.2973076 0 21.314331 37.744178 47 66
1.9264534 1.7098325 1.7013703 1.7326332 0 37.744178 45 66
3.1035403 3.2267141 3.0290028 3.3527835 3.3172947 0 42.128555 62
4.2266792 4.2912628 4.1576134 4.539991 4.2926026 3.8568096 0 68
6.7001158 6.5595167 6.4530115 6.995354 7.0225563 6.2706154 7.2519313 0
8 8 17
0 12.303786 18.680986 19.954266 21.787983 43.064745 50 55
1.4595751 0 16.017052 16.73683 20.397694 42.128555 50 55
2.2830678 1.9626778 0 19.954266 23.273033 43.064745 49 53
2.5123258 2.0525521 2.5347278 0 22.27216 44.021739 51 60
2.8589342 2.6149365 3.0132819 2.9057124 0 47 54 64
6.1244877 6.0986106 6.0934743 6.399699 7.0995268 0 53 53
7.596751 7.7315504 7.5399703 7.9499461 8.5706315 8.2182062 0 64
8.3074524 8.423619 7.9586742 9.4996378 10.597957 7.8407104 10.343892 0
8 8 18
0 11.268276 17.488954 18.274878 22.27216 51 50 63
1.3628432 0 14.669027 15.668855 18.680986 49 49 62
2.1687758 1.8066476 0 18.274878 21.314331 51 50 66
2.300376 1.9362564 2.3196126 0 20.850976 50 47 67
2.8848716 2.339795 2.7214992 2.673097 0 46 49 62
7.8076915 7.4027273 7.7423828 7.6238166 6.7186205 0 57 62
7.7534547 7.5906857 7.784819 7.2357009 7.579862 9.1541486 0 63
10.538337 10.252448 11.108763 11.45604 10.182201 10.209968 10.593355 0
8 8 19
0 12.303786 19.954266 22.27216 22.767097 51 53 68
1.4727903 0 15.668855 19.096119 19.520477 51 52 66
2.5562446 1.918945 0 19.096119 23.273033 50 54 66
2.8645558 2.4129206 2.3867291 0 18.680986 49 56 69
2.9761931 2.4448144 3.0038666 2.3451231 0 48 56 63
7.8705506 7.9700169 7.7095265 7.4880209 7.2550875 0 52 66
8.4892721 8.1827565 8.6993228 9.1446575 9.1479979 8.2203505 0 64
11.541313 11.04475 11.061452 11.930761 10.557441 11.200773 10.913269 0
8 8 20
0 8.1035948 14.995005 14.669027 17.877598 38.582937 46 71
0.9272009 0 12.303786 13.142401 17.488954 36.120964 48 72
1.8444219 1.4731336 0 15.328227 18.680986 36.923652 47 72
1.8030219 1.5960515 1.8779305 0 17.10876 36.923652 47 68
2.2439663 2.1539504 2.3248404 2.142409 0 37.744178 49 71
5.4357696 5.0424065 5.1244812 5.2152578 5.2293131 0 49 65
6.9335231 7.2890515 7.0493137 7.1373225 7.4984769 7.4015726 0 70
12.568458 12.627374 12.631508 11.771751 12.385181 10.95018 12.380507 0
8 8 21
0 9.2459092 14.350135 17.10876 17.877598 58 45 63
0.58872486 0 14.350135 16.017052 17.488954 57 44.021739 63
0.93823769 0.92811987 0 16.372986 15.328227 58 45 63
1.1448151 1.0671178 1.0822111 0 14.995005 59 45 66
1.1989079 1.1713916 1.01719 0.99301515 0 58 44.021739 65
4.8631004 4.8022897 4.9546701 5.0314781 4.8973192 0 58 67
3.5824792 3.5247667 3.619211 3.6227641 3.4831008 4.94048 0 59
5.4912212 5.52324 5.5854065 5.9606184 5.7694889 5.949526 5.1125748 0
8 8 22
0 9.4513739 14.669027 19.096119 19.096119 37.744178 42.128555 63
1.0605281 0 14.995005 17.488954 17.877598 38.582937 42.128555 64
1.7026214 1.7480852 0 19.954266 20.850976 40.316788 41.212717 62
2.2801144 2.0676231 2.43601 0 16.372986 40.316788 41.212717 63
2.2814065 2.1566973 2.5239554 1.9665971 0 43.064745 39.440336 65
5.017093 5.1669435 5.4576558 5.5262779 5.943986 0 40.316788 62
5.7668789 5.7797031 5.6872108 5.7092893 5.3791792 5.5204721 0 64
9.6757608 9.9493859 9.6315716 9.8757695 10.290805 9.4009245 10.02457 0
8 8 23
0 13.142401 18.274878 20.397694 23.273033 42.128555 49 69
1.2058051 0 17.877598 19.520477 23.790211 44.021739 52 73
1.7384045 1.7005804 0 21.314331 22.767097 44.021739 50 70
1.9566035 1.8726824 2.0654358 0 20.397694 42.128555 51 70
2.2546546 2.3059619 2.1969196 1.9665795 0 42.128555 51 69
4.5974487 4.8763238 4.9565954 4.5890153 4.6330455 0 44.021739 66
5.7502493 6.1435769 5.9002617 6.0003218 6.0245451 4.9880004 0 68
8.9112679 9.7044634 9.1085192 9.1105279 9.0112707 8.3783208 8.7784336 0
8 8 24
0 9.8761023 16.372986 19.520477 21.787983 50 49 54
3.1072239 0 14.669027 21.314331 20.397694 50 49 56
5.2422662 4.6820737 0 21.787983 19.520477 51 47 51
6.5422344 7.204366 7.4604536 0 21.787983 51 53 54
7.4210782 7.0943456 6.6315784 7.7307994 0 52 51 62
19.861331 19.763415 20.489393 20.451935 21.134141 0 50 54
19.849476 19.696972 18.526806 21.739706 20.954384 20.018469 0 55
21.684437 22.364352 19.766286 21.505735 25.998917 21.358199 21.744642 0
8 8 25
0 8.8482827 14.669027 16.017052 19.520477 37.744178 38.582937 48
1.1790728 0 15.328227 15.328227 19.954266 36.923652 38.582937 49
1.9895207 2.1181704 0 16.017052 20.397694 33.816089 37.744178 47
2.1849795 2.1075512 2.2008415 0 15.328227 35.335726 38.582937 49
2.7511751 2.7992224 2.8686277 2.0839379 0 34.567558 38.582937 49
5.9382126 5.8036197 5.2029482 5.569976 5.3684692 0 38.582937 51
6.181153 6.2442957 6.0360476 6.0625418 6.0510108 6.1548199 0 53
7.8009604 8.047257 7.5204955 8.0928704 7.9940464 8.3743359 8.9348338 0
8 8 26
0 7.7550943 13.732998 15.668855 17.10876 43.064745 44.021739 62
0.73542607 0 11.774653 14.350135 16.017052 41.212717 43.064745 61
1.3674551 1.1469474 0 17.10876 18.680986 41.212717 42.128555 60
1.56839 1.4479456 1.745312 0 16.017052 41.212717 45 60
1.7385656 1.6254756 1.9250265 1.610192 0 41.212717 45 61
5.0615076 4.8553242 4.8285366 4.8659258 4.8431321 0 43.064745 58
5.3520297 5.1546465 4.933763 5.4400265 5.5062601 5.0573751 0 60
8.2599633 8.0480933 7.7910843 7.8860508 8.086162 7.3674057 7.9493466 0
8 8 27
0 13.142401 17.10876 20.397694 21.314331 37.744178 50 58
2.4541337 0 14.038175 17.10876 20.397694 35.335726 52 60
3.1795801 2.6230492 0 17.488954 23.790211 36.923652 46 58
3.9584998 3.2364788 3.2643688 0 20.397694 39.440336 48 62
4.2129124 3.9722299 4.7101746 3.9861937 0 41.212717 49 64
8.1234063 7.6013061 7.8804998 8.6908757 9.2092665 0 47 57
11.879933 12.455894 10.675546 11.413209 11.849101 11.017699 0 69
13.843677 14.74096 13.737979 15.328407 16.110738 13.361473 17.997925 0
8 8 28
0 9.8761023 14.995005 18.680986 19.096119 40.316788 44.021739 60
0.81993842 0 14.669027 18.680986 19.520477 40.316788 46 61
1.2804115 1.2394418 0 18.680986 20.397694 42.128555 43.064745 61
1.6352511 1.6209976 1.6317227 0 19.954266 43.064745 43.064745 66
1.6629133 1.7373391 1.7921956 1.7827847 0 42.128555 45 63
4.0067126 4.0058009 4.23448 4.2980177 4.2222503 0 46 57
4.4440521 4.7721345 4.3885364 4.3905609 4.6344965 4.7040478 0 63
6.7361108 6.8481668 6.8055729 7.6641477 7.1384849 6.2158772 7.2443501 0
8 8 29
0 8.2836747 14.995005 17.877598 17.488954 35.335726 46 69
1.5728985 0 13.434454 18.274878 16.73683 37.744178 49 70
2.9560052 2.6500355 0 17.877598 17.877598 38.582937 48 68
3.6454394 3.7306905 3.6206454 0 17.488954 40.316788 51 66
3.4996709 3.3588716 3.6282499 3.5290974 0 38.582937 47 67
7.6866665 8.3382248 8.6240542 9.145966 8.7650978 0 44.021739 63
10.937463 11.827261 11.540593 12.504082 11.326843 10.20857 0 62
19.100945 19.401118 18.613075 17.998808 18.453737 16.667206 16.384841 0
8 8 30
0 10.319917 16.73683 17.488954 23.273033 50 47 68
0.78465741 0 14.350135 17.10876 22.767097 50 49 68
1.3086264 1.110269 0 17.10876 22.767097 52 50 67
1.4067038 1.3518108 1.3626336 0 21.787983 55 50 69
1.92762 1.8864443 1.9117837 1.8478601 0 56 52 73
4.77705 4.710474 4.999171 5.3740868 5.5765376 0 51 65
4.4756246 4.6651722 4.8658351 4.8714623 5.1767902 4.869986 0 64
7.2986992 7.3151212 7.0625339 7.4121571 8.0918997 6.633169 6.5871205 0
8 8 31
0 10.783676 17.10876 20.850976 23.273033 45 54 53
1.0273153 0 14.995005 20.397694 21.787983 45 54 56
1.686982 1.4489041 0 19.520477 21.787983 44.021739 52 56
2.0856626 2.0357611 1.9730108 0 18.680986 47 51 58
2.4284943 2.2120952 2.2375906 1.8702477 0 45 52 59
5.1325429 5.2571899 5.0080832 5.5139258 5.2816668 0 49 52
6.6275853 6.7619308 6.3156508 6.3264464 6.4946583 5.7659831 0 54
6.350221 6.8213086 6.7667642 7.1520876 7.4052312 6.0727695 6.5992454 0
8 8 32
0 10.095571 19.096119 17.877598 23.790211 41.212717 50 68
1.8214527 0 16.372986 15.668855 19.954266 39.440336 49 66
3.7110478 3.1282968 0 17.488954 20.850976 44.021739 50 67
3.5036912 3.0334077 3.407091 0 19.096119 45 47 66
4.7491384 3.9918143 4.1627618 3.7550654 0 44.021739 51 69
9.1359009 8.6633732 9.8486892 10.160781 10.088639 0 49 68
11.821637 11.543472 11.997123 10.978248 12.360156 11.290339 0 67
17.631747 16.943226 17.322994 16.938369 18.499008 17.339473 17.498992 0
8 8 33
0 9.2459092 12.577203 15.668855 17.877598 42.128555 51 74
0.79409809 0 12.856697 16.017052 17.10876 43.064745 51 75
1.1146404 1.1279781 0 16.73683 18.274878 43.064745 52 73
1.4091272 1.4286569 1.4911572 0 17.10876 43.064745 53 73
1.6409245 1.5387275 1.6594297 1.549109 0 40.316788 52 74
4.4778171 4.5268221 4.5487407 4.4977969 4.25422 0 50 66
5.6667904 5.7300452 5.8615506 5.9880582 5.9160186 5.5595782 0 64
9.4533405 9.6411606 9.2136647 9.3110497 9.4822394 8.0475062 7.6251561 0
8 8 34
0 12.303786 17.488954 19.954266 22.27216 42.128555 50 66
1.4207377 0 14.350135 17.488954 17.877598 42.128555 48 62
2.0694364 1.6597699 0 17.488954 18.680986 42.128555 48 62
2.4155933 2.0671747 2.0693244 0 16.73683 42.128555 47 69
2.6931335 2.1332977 2.2236279 2.0065183 0 41.212717 47 67
5.865897 5.8582887 5.7344154 5.9298082 5.6425603 0 44.021739 65
7.3810787 6.9691064 6.9197237 6.9039144 6.7410286 6.1608685 0 67
10.72983 9.8481202 9.812638 11.371302 10.827847 10.426359 10.902954 0
8 8 35
0 9.2459092 15.668855 19.520477 19.954266 35.335726 39.440336 60
0.48936485 0 14.350135 19.096119 18.274878 36.923652 40.316788 61
0.87354342 0.79019837 0 18.680986 19.520477 36.120964 40.316788 63
1.1065422 1.0843743 1.0702541 0 18.274878 36.923652 41.212717 62
1.1292967 1.0248837 1.1126953 1.0401465 0 36.120964 41.212717 64
2.2032779 2.3155656 2.2925091 2.3716568 2.2653516 0 38.582937 63
2.5350918 2.653919 2.5935355 2.7311673 2.6928805 2.497489 0 61
4.3727261 4.4691431 4.6412949 4.6124184 4.7563609 4.6538442 4.5346507 0
8 8 36
0 7.9274297 14.995005 16.372986 18.274878 41.212717 46 67
0.55436623 0 13.434454 17.488954 18.274878 41.212717 46 69
1.1038174 0.99345645 0 19.096119 18.680986 42.128555 46 71
1.2001383 1.3054823 1.4368994 0 17.488954 40.316788 47 69
1.3743902 1.3908313 1.4244584 1.3194572 0 42.128555 46 70
3.5626937 3.6091592 3.7023688 3.4905249 3.669624 0 42.128555 65
4.1980684 4.1912697 4.2173948 4.3034538 4.1454529 3.6786217 0 69
6.7465362 6.9756684 7.2804094 7.0281121 7.1882303 6.376886 7.0125502 0
8 8 37
0 8.2836747 15.328227 15.328227 18.680986 44.021739 48 55
1.5739823 0 14.669027 17.10876 17.488954 43.064745 46 54
3.0693037 2.9408102 0 16.73683 17.877598 43.064745 47 57
3.0591748 3.5041294 3.4220194 0 16.017052 41.212717 47 55
3.7565469 3.5761262 3.6701581 3.2228599 0 37.744178 45 56
10.535236 10.30747 10.270612 9.6000367 8.579026 0 59 58
12.413664 11.712073 12.074151 12.180041 11.643561 16.229617 0 74
13.91515 13.487647 14.585356 13.660978 14.098333 14.762168 21.982864 0
8 8 38
0 7.7550943 11.268276 14.995005 16.372986 35.335726 41.212717 62
0.3641236 0 10.319917 14.350135 15.328227 36.120964 41.212717 62
0.54049986 0.48677238 0 13.434454 15.328227 36.120964 40.316788 61
0.74322584 0.70060425 0.65294365 0 15.328227 36.120964 40.316788 62
0.80919091 0.76077542 0.76235079 0.74833282 0 36.120964 42.128555 63
1.9740628 2.0165393 2.0077571 2.0235082 2.0448405 0 43.064745 65
2.4172694 2.4285065 2.3783878 2.3907409 2.4743498 2.5524718 0 63
4.0845806 4.065938 3.9729783 4.0260943 4.1760145 4.3402636 4.1863229 0
8 8 39
0 10.095571 17.10876 19.520477 22.767097 42.128555 43.064745 64
0.75454783 0 16.73683 18.680986 23.273033 42.128555 42.128555 64
1.3520689 1.2918614 0 19.096119 21.787983 39.440336 41.212717 63
1.5570053 1.4785686 1.5243744 0 19.954266 40.316788 41.212717 65
1.8662669 1.8951012 1.7801498 1.6073791 0 37.744178 42.128555 64
3.7984426 3.8043819 3.5476753 3.6930683 3.3669495 0 42.128555 64
4.0287762 3.8942019 3.8170698 3.8340522 3.8982879 3.9102578 0 60
6.7864919 6.7966832 6.6152489 6.8865947 6.7967297 6.7362225 6.2397181 0
8 8 40
0 9.8761023 14.038175 17.877598 23.790211 42.128555 46 54
0.99987782 0 13.434454 17.488954 24.859302 42.128555 49 57
1.476873 1.4282682 0 16.017052 21.787983 40.316788 48 54
1.9308734 1.9195101 1.7111041 0 18.680986 42.128555 49 57
2.7285989 2.8646812 2.4784884 2.0732006 0 46 48 59
5.2620013 5.3440232 4.9998187 5.3808598 5.9841741 0 43.064745 52
6.0380133 6.5039297 6.3504061 6.6219428 6.3653369 5.4802321 0 55
7.1693398 7.7239881 7.08866 7.8128346 8.0866202 6.8218393 7.3055065 0
8 8 41
0 9.0449112 16.017052 20.850976 20.850976 42.128555 49 66
0.95932579 0 14.995005 21.787983 20.850976 43.064745 52 65
1.8055897 1.6823037 0 19.096119 19.954266 42.128555 48 67
2.4574874 2.539325 2.2271134 0 19.954266 47 54 73
2.4408087 2.4324924 2.3066545 2.3309146 0 47 51 70
5.5458672 5.7224014 5.5795607 6.3845849 6.3531966 0 41.212717 65
6.8709795 7.3147147 6.6505505 7.8234756 7.2981754 5.4596399 0 66
10.039955 9.8476626 10.300985 11.892491 11.094703 9.7826076 10.208282 0
8 8 42
0 10.549249 17.10876 19.954266 30.296802 46 51 66
1.4157182 0 16.017052 19.096119 30.970064 45 49 66
2.4443004 2.2376778 0 19.954266 31.658288 44.021739 51 62
2.9592905 2.757734 2.9083742 0 26.55369 50 50 66
4.9805645 5.0691838 5.1544172 4.2422627 0 61 60 82
7.6330492 7.485902 7.2741152 8.5048522 11.589106 0 47 59
8.8150343 8.3871207 8.8513521 8.7283529 11.646398 7.7069617 0 66
12.44296 12.224729 11.314746 12.445894 17.576015 10.323072 12.294445 0
8 8 43
0 7.9274297 14.669027 16.73683 21.314331 36.120964 43.064745 58
0.92537186 0 13.732998 14.995005 18.680986 35.335726 45 55
1.7684994 1.6714738 0 16.017052 19.954266 37.744178 44.021739 60
2.0782148 1.8263933 1.9884843 0 20.850976 39.440336 41.212717 60
2.7306973 2.3542122 2.5348178 2.6707359 0 38.582937 44.021739 60
4.9944412 4.906067 5.3327296 5.5334118 5.5467352 0 46 56
6.3288702 6.6079424 6.5305366 6.0470567 6.4967979 6.7473064 0 57
9.2256342 8.5588458 9.5885595 9.5575245 9.7359682 8.7254387 9.0122528 0
8 8 44
0 9.4513739 14.038175 17.10876 17.488954 34.567558 50 60
0.71918481 0 14.669027 16.372986 17.488954 35.335726 49 62
1.1042294 1.1606465 0 16.73683 18.680986 35.335726 49 61
1.3890114 1.3147269 1.3384191 0 18.274878 36.923652 50 63
1.4103744 1.4201072 1.5123614 1.4759984 0 35.335726 48 62
3.0657342 3.11646 3.1588848 3.3426498 3.138211 0 47 54
4.9255844 4.808022 4.7555243 4.9277688 4.7069637 4.4660015 0 53
6.1381098 6.4760493 6.3245494 6.5847148 6.3624408 5.2664804 5.2760588 0
8 8 45
0 11.268276 19.520477 23.790211 24.859302 48 49 64
0.88214146 0 17.877598 22.27216 24.318882 49 50 64
1.5705661 1.4530355 0 24.859302 23.790211 48 48 61
1.9931408 1.8587767 2.0955688 0 23.273033 50 51 64
2.105233 2.0620719 2.01003 1.9688782 0 48 51 62
4.677297 4.7679265 4.6411848 4.9307643 4.6549467 0 53 58
4.88206 4.9465388 4.7256302 5.1411328 5.0967071 5.3581116 0 65
6.9154243 6.8765677 6.3688058 6.9685118 6.6588565 6.0156408 6.9683886 0
8 8 46
0 9.2459092 13.732998 18.274878 21.314331 36.923652 44.021739 69
1.3806843 0 12.303786 17.10876 19.520477 36.923652 42.128555 71
2.1359204 1.8895325 0 16.017052 20.397694 36.120964 42.128555 71
2.9638045 2.7338735 2.5655553 0 19.954266 38.582937 43.064745 76
3.5227057 3.2038133 3.3770097 3.3268592 0 42.128555 46 77
6.594322 6.5325484 6.4138343 6.9372203 7.9149928 0 40.316788 64
8.1900623 7.7200082 7.820931 8.1313945 8.8990502 7.3276608 0 71
15.009415 15.516994 15.436632 17.362615 17.819344 13.240695 15.685189 0
8 8 47
0 9.8761023 16.017052 19.954266 19.520477 41.212717 45 61
0.70847184 0 14.038175 17.488954 17.488954 41.212717 47 60
1.1937536 1.0157138 0 17.877598 18.274878 39.440336 45 60
1.527439 1.3020721 1.3438531 0 18.274878 42.128555 49 62
1.4829529 1.3112826 1.3770385 1.3859467 0 40.316788 46 61
3.5803667 3.6105294 3.3945017 3.6803436 3.4827176 0 47 61
4.0649887 4.3045687 4.0915558 4.5967899 4.2174981 4.2685855 0 66
5.9356966 5.8347697 5.7877117 6.1094763 6.0208936 5.8629825 6.7066516 0
8 8 48
0 8.2836747 14.995005 19.520477 21.314331 47 51 59
0.97212655 0 12.856697 16.73683 19.096119 47 51 60
1.8322951 1.5461742 0 17.488954 21.314331 45 51 62
2.4763938 2.0968226 2.1671958 0 21.314331 49 48 62
2.740667 2.3918469 2.7285268 2.7171518 0 48 52 62
7.0646315 7.02318 6.5974645 7.3229154 7.1404823 0 57 64
7.8181407 7.9278218 7.950434 7.2694475 8.0567246 9.0841349 0 65
9.6157454 9.8187456 10.153307 10.248914 10.235979 10.51207 10.926084 0
