1
20 20 1
0 383 314 226 390 263 327 101 114 67 226 356 102 315 355 294 296 13.434454 305 304
2172.4103 0 320 294 463 312 344 345 382 341 300 89 326 325 54 334 314 382 343 346
1365.8861 1420.8415 0 323 387 156 181 303 326 313 303 373 293 187 332 160 85 323 175 163
479.85509 996.11679 1532.2889 0 422 269 253 197 189 192 17.488954 312 194 249 274 281 308 212 289 280
3083.0543 5021.1251 2879.2867 3870.0091 0 320 303 367 426 361 394 427 387 353 425 318 345 395 327 324
857.17355 1330.0195 206.756 825.92712 1474.1941 0 133 282 297 283 276 314 287 152 308 40.316788 129 279 43.064745 44.021739
1516.195 2080.7848 287.04741 775.22719 1350.457 152.11905 0 309 340 323 260 370 299 72 340 153 135 331 153 145
88.41802 1750.5302 1241.0409 359.14011 2865.1839 1006.4084 1319.0932 0 66 90 199 354 31.658288 297 349 336 276 97 338 319
111.03662 2192.7908 1526.6004 326.94171 4108.1592 1129.1804 1682.0564 43.181514 0 107 202 366 57 319 336 329 275 109 345 327
46.756404 1489.4927 1275.0284 345.89081 2223.6993 1014.0126 1530.8516 72.474455 101.24428 0 189 338 89 305 341 316 298 62 328 315
491.042 1043.1018 1239.8731 8.0835088 3030.724 865.27989 795.92282 378.14694 391.25372 334.59423 0 336 195 265 278 284 295 210 298 274
2033.2522 62.873215 2257.5209 1125.0472 4616.743 1213.3776 2356.5575 2049.6061 2120.0298 1596.7223 1448.4339 0 329 342 63 367 330 364 357 354
91.054129 1410.3848 1144.9301 343.31461 3300.481 1019.6002 1203.1237 15.899933 35.263393 71.325767 357.09293 1560.3019 0 300 298 336 289 97 335 319
1375.7853 1812.4375 319.94732 747.30147 2264.5833 208.9287 51.67812 1219.1682 1463.9546 1332.6915 836.50369 1899.5011 1278.9921 0 361 160 154 323 168 161
1900.6075 29.937473 1710.2208 817.84958 3782.5102 1306.5091 2115.8381 2073.3484 1600.487 1670.538 915.50459 37.287418 1260.2979 2549.6105 0 339 303 360 321 338
1126.2285 1718.4729 217.26993 972.25507 1520.5788 22.709363 199.69689 1640.2722 1482.4973 1304.5318 1010.8965 1990.4055 1566.0652 228.00523 1870.392 0 125 310 24.859302 27.143772
1149.7766 1416.9336 65.398253 1284.9702 1838.533 142.43994 154.5509 954.30159 1013.7246 1226.1758 1122.6344 1526.8687 1058.471 208.9817 1347.8577 134.08915 0 302 135 131
6.3790953 2244.7675 1447.2624 419.12915 3185.4492 1028.1782 1591.2238 83.555147 102.09837 41.581244 412.40263 2140.7926 84.134076 1490.4245 1982.5012 1355.9689 1237.0633 0 318 311
1271.8815 1960.1434 266.03192 1047.324 1588.1217 24.823762 208.31427 1702.7646 1813.3675 1481.6333 1127.611 1853.2222 1533.3232 261.15 1636.6853 12.574819 157.85562 1460.3843 0 24.859302
1241.4258 1853.9326 230.03246 941.69844 1568.516 25.895009 183.74231 1440.7059 1491.7286 1299.4508 882.64503 1762.5632 1361.7085 238.03405 1828.1719 14.503544 151.37742 1370.5613 12.972133 0
