1
20 20 1
0 355 269 325 276 329 147 300 335 122 325 362 334 317 307 316 281 326 309 314
2184.9785 0 306 312 300 284 303 298 335 282 100 113 98 304 305 108 305 281 343 305
988.95782 1286.5105 0 250 183 179 232 177 223 258 250 334 278 279 196 299 183 274 228 168
1776.4403 1390.1458 759.01912 0 284 278 240 257 351 280 286 311 298 71 297 344 280 68 343 263
1044.8374 1223.9974 329.94355 1175.9814 0 171 218 225 109 261 262 280 274 236 96 281 2.1203782 255 108 220
1668.9089 1004.2142 289.26859 959.88365 270.36865 0 246 125 220 243 258 292 258 276 192 286 175 283 230 122
206.62055 1180.5226 606.72229 670.36789 560.99853 720.78667 0 242 260 108 269 315 287 250 225 294 222 253 268 240
1369.0462 1234.8691 288.60128 805.18504 552.63335 126.43421 655.80796 0 252 276 266 317 263 274 223 287 226 282 256 9.6614044
1782.3435 1776.6234 490.44991 2176.4638 104.44218 512.81358 800.98765 733.86993 0 307 281 330 275 294 55 270 110 296 11.023314 242
133.36858 970.08746 790.47104 1028.5879 872.60838 633.47885 101.27777 992.853 1406.6747 0 275 330 285 289 276 281 264 278 305 286
1564.3817 85.732808 709.94479 1164.2602 829.42705 727.77331 851.08403 891.35718 965.23204 864.64534 0 119 85 263 243 100 263 263 296 268
2255.4985 106.5238 1618.2529 1366.1419 1011.0048 1102.5029 1453.4921 1429.6052 1574.81 1622.6753 113.55042 0 109 296 312 101 290 277 341 324
1725.963 83.576532 904.77006 1301.7861 964.75921 791.82833 987.29576 877.80438 937.90603 1058.0571 66.239283 99.909107 0 281 235 108 277 273 287 265
1503.4772 1280.1152 1029.9362 46.522986 638.49595 922.64734 751.78006 945.75017 1096.4591 1176.0418 823.08647 1204.2123 1054.1767 0 254 319 239 12.036312 288 285
1353.1206 1201.5806 347.90261 1292.3433 81.742895 348.61627 544.4703 525.44805 33.508369 1074.8703 635.29973 1230.0797 584.40126 752.57278 0 257 98 261 52 211
1491.5581 98.106617 1112.854 2003.8798 1043.0792 947.39979 1145.3792 1129.9449 891.96031 1021.0144 84.417776 86.804877 101.77057 1434.8776 743.39668 0 291 305 295 305
1119.5775 1302.7643 330.24864 1136.3169 0.90847768 290.208 584.99845 565.43235 106.76301 924.83433 845.08259 1131.7902 1015.3999 665.05976 84.790642 1163.8464 0 259 109 224
1609.5835 1020.6412 969.92312 43.233896 831.4211 980.81933 769.79806 1037.7677 1105.9633 1016.5656 814.22476 1005.3626 955.28723 5.0315428 808.89251 1257.4205 870.72376 0 292 286
1422.5915 1907.0451 516.52267 1905.1595 102.37784 573.35728 863.0877 765.20286 4.824002 1401.7612 1110.9706 1775.494 1085.0523 1006.1153 30.884199 1201.8155 104.6574 1027.0799 0 245
1510.456 1364.1057 257.3718 837.22858 512.43344 121.80351 627.84146 4.0397151 667.82546 1101.8762 887.94917 1563.3149 897.15644 1076.6356 452.13864 1395.4197 542.11824 1094.3127 683.63644 0
