1
20 20 1
0 319 229 213 222 248 136 257 232 100 246 278 237 224 193 253 220 204 238 252
1567.4142 0 278 228 242 277 264 341 280 272 105 122 116 229 252 109 243 232 275 351
523.05272 1042.6008 0 230 176 147 189 171 186 193 247 249 244 230 165 227 173 237 189 176
448.77102 600.85934 553.36245 0 242 239 220 290 236 210 249 240 202 64 195 212 237 63 236 308
479.22725 619.84259 264.28575 636.95008 0 179 190 217 112 232 241 247 250 242 76 232 1.9850771 246 115 218
638.2043 955.73307 173.95019 591.25392 280.31352 0 189 138 194 195 245 248 247 223 167 237 175 226 194 140
147.63025 776.6648 309.62465 477.17947 315.86978 327.36235 0 244 216 107 227 243 211 199 193 230 187 200 221 245
746.61388 2177.1962 245.89872 1042.9945 452.37415 150.01687 648.06094 0 220 221 278 310 314 244 208 317 210 241 223 7.4215812
535.63803 987.43511 300.57379 584.10044 102.63442 347.11345 434.33911 469.26495 0 236 273 278 243 229 51 262 112 232 7.2602425 220
84.057294 850.74234 322.2422 440.491 520.37517 358.48914 97.792178 481.6506 526.94374 0 227 240 204 190 205 243 228 189 243 214
696.38191 100.29565 711.74245 786.41355 658.9666 668.16512 531.28786 1037.9289 891.53901 518.47724 0 100 84 246 230 83 237 242 271 279
903.96364 131.68595 692.59926 674.68633 695.98298 696.65964 615.51294 1396.4908 947.32789 607.13195 90.082873 0 107 248 229 75 240 248 265 314
597.73607 117.44229 668.96373 404.42972 670.14912 673.91191 452.53233 1573.9731 646.80365 402.77387 63.529241 101.26652 0 209 220 99 246 203 239 314
487.40333 605.99522 554.15946 41.553421 587.75582 507.69083 358.12212 644.1391 519.50104 337.94645 753.94632 768.77899 452.31511 0 210 235 239 16.017052 228 260
343.06409 712.77611 232.04158 356.48078 54.060696 246.63961 335.27581 404.88472 29.779269 397.74752 578.91429 575.86833 489.65565 415.08735 0 223 76 205 52 210
729.47619 107.32407 572.72925 481.89109 568.44125 603.86952 543.47602 1607.7853 800.29234 616.43525 64.751829 55.744029 85.634654 639.27682 505.44108 0 225 231 263 321
465.67887 626.86445 252.72268 605.87047 0.80168648 268.07743 303.68116 417.50997 101.24046 501.07446 623.03199 648.5949 638.05091 569.23291 53.56977 532.61645 0 242 114 211
404.69946 646.26342 602.53807 40.327839 633.47675 519.53182 370.64354 634.66417 544.21133 334.57412 718.55573 743.34033 420.24393 7.2001186 394.02797 618.24208 608.32422 0 231 257
571.37768 919.50863 314.51218 578.54953 107.15178 350.9126 463.2362 487.6423 3.0141952 566.25666 887.16099 848.37397 613.75851 511.56199 29.79835 787.97053 105.67261 533.07064 0 223
715.94697 2381.4204 263.47255 1234.4018 464.3449 152.93454 655.99418 3.0557445 467.57863 448.94166 1008.7587 1427.3434 1553.1988 768.045 413.79304 1645.4718 428.24401 757.45191 483.65947 0
