1
20 20 1
0 266 212 257 213 262 111 304 235 104 285 306 249 246 248 297 215 247 229 301
878.52279 0 233 275 229 270 267 279 229 283 102 112 105 329 247 104 229 309 226 281
439.63245 563.96217 0 203 162 169 189 189 195 224 256 241 229 223 203 231 162 235 190 189
695.96654 968.51312 392.7325 0 232 212 227 285 250 232 287 291 275 63 264 279 233 69 260 286
416.83836 526.86352 213.94513 580.42435 0 175 182 210 84 212 243 250 226 231 78 219 0.7547157 252 83 216
786.31683 876.64083 252.96003 469.4935 273.61448 0 228 124 207 223 247 303 268 213 187 266 178 235 211 127
103.78843 858.26104 309.07709 495.96061 291.32171 528.97019 0 251 207 104 254 265 228 227 205 251 183 239 207 248
1236.4213 935.87216 328.35296 1032.384 414.20192 120.8072 698.18547 0 246 268 264 315 267 289 240 267 212 298 240 5.7010209
562.56938 536.86466 351.37472 693.14502 60.238228 441.25578 386.35776 683.63188 0 241 276 262 239 266 57 244 85 251 8.6559287 253
88.777963 1107.174 498.72476 564.34682 440.24798 545.46143 87.648822 881.05802 646.33552 0 279 276 239 242 249 265 215 253 234 260
1102.1972 85.351717 701.65688 1069.277 630.2183 654.5119 714.19861 758.77361 878.71068 1010.3377 0 121 96 309 288 114 244 308 274 270
1325.3345 107.01719 607.52097 1092.932 655.96886 1175.6128 776.66479 1316.0863 746.63939 1005.8102 122.1121 0 120 307 258 77 251 314 258 311
692.52619 88.836337 512.96087 936.30356 510.16239 843.07465 529.70015 845.3247 580.5202 639.49543 76.576987 120.17631 0 319 261 101 226 317 242 257
652.32768 1647.9851 514.93489 40.346007 576.62959 464.86579 534.22823 1093.9503 850.0162 648.84569 1315.5173 1299.2062 1519.2871 0 282 308 232 17.488954 277 282
650.45031 684.12634 385.33243 871.43052 54.459013 333.46372 385.90715 613.33277 33.079907 746.50319 1086.4151 722.28878 746.35793 1047.8707 0 246 79 290 58 246
1115.852 91.832171 550.19141 927.2612 477.81144 829.17059 650.57014 836.14178 627.00468 862.39217 108.59228 56.082818 86.383974 1348.6651 648.9046 0 218 302 245 270
423.26059 523.66256 214.47847 582.00073 0.28311623 282.91533 294.86197 421.39602 60.739756 451.77702 633.24253 661.59216 511.2456 585.18133 55.062735 474.89943 0 253 84 218
649.24836 1364.3981 598.70683 46.617809 734.76616 607.36373 616.37912 1226.8967 757.09587 693.54486 1383.5963 1401.7256 1535.6701 7.9970347 1126.9673 1361.6181 736.9595 0 268 292
541.90564 515.15452 331.07444 801.75923 59.283889 457.39931 390.20691 634.76957 3.5072893 600.59526 863.42729 715.91427 591.85238 995.08003 33.899513 628.12283 59.775523 967.76547 0 243
1219.8487 1002.4768 332.03997 1063.9565 443.89743 125.44195 689.1381 2.2176504 738.71254 833.14874 838.25728 1296.2441 774.17342 1038.926 659.43326 886.7385 451.37188 1175.9545 662.02257 0
