1
20 20 1
0 285 257 266 237 267 121 257 259 98 251 269 270 257 256 245 236 262 259 260
1051.8803 0 263 260 339 276 228 336 332 230 106 110 97 288 295 110 334 276 322 330
734.91221 777.41858 0 281 170 186 201 209 207 210 257 233 303 273 191 228 171 291 206 211
888.54879 782.63861 845.8754 0 254 292 240 287 300 280 263 270 305 73 288 268 254 77 298 297
621.49327 1685.7428 251.49372 686.42946 0 195 217 227 104 235 273 248 351 265 83 278 0.78863132 276 105 228
837.83898 916.49244 298.12126 999.26055 360.48453 0 209 115 212 211 244 258 271 283 186 248 196 292 215 113
120.47953 519.69395 372.83195 576.35955 487.37805 434.35851 0 217 206 98 241 222 244 227 197 224 217 229 203 219
781.07409 1777.0682 415.13207 1114.1859 548.00478 108.61746 473.69295 0 229 236 326 298 318 294 216 301 226 315 235 12.577203
709.52819 1481.5472 404.36338 1061.1793 93.111969 418.3991 405.45013 512.14462 0 239 283 273 365 303 47 288 105 304 8.8482827 235
79.810726 540.31388 420.11049 959.36622 594.69629 451.103 80.372507 590.97357 581.42198 0 216 213 237 275 224 209 233 271 232 221
694.8591 94.993825 717.95174 772.55315 966.52228 669.35249 595.19505 1586.7334 1033.5016 460.34027 0 101 80 243 279 92 270 249 283 316
834.9713 99.982871 572.63156 801.98877 677.23334 709.7084 474.95995 1215.7496 923.96399 427.27859 88.963995 0 110 289 261 78 246 280 265 292
858.4338 79.638362 1123.4368 1274.4135 2025.1849 865.45019 611.80658 1361.8313 2305.4306 561.78026 60.609307 98.184937 0 309 325 104 349 323 353 312
744.89893 1002.4377 850.5167 50.554412 798.7959 1001.9064 508.64041 1172.4243 1228.3807 941.02616 633.58385 1060.7663 1257.5474 0 289 302 267 14.350135 306 292
691.05732 1010.6353 314.53247 924.21759 63.314476 315.29187 359.69893 441.24353 27.577004 495.90374 944.37047 776.06601 1670.0779 1033.1808 0 257 84 308 50 217
635.42073 102.34922 515.20555 847.49474 1026.2139 675.6658 489.11066 1255.3498 1096.4062 408.54443 75.895262 56.560097 91.485859 1324.455 796.65846 0 278 291 281 290
615.24178 1620.2187 254.41066 683.06819 0.31282038 360.98474 484.29449 538.81157 94.040361 585.61234 938.98383 661.51317 1992.8752 814.0078 65.057803 1015.3711 0 278 106 226
759.9543 915.45137 1027.9427 54.82505 935.55569 1108.5849 518.73883 1435.9951 1270.9355 875.12076 693.47152 934.61805 1464.4555 6.4441146 1226.7674 1179.3928 951.85102 0 313 313
704.58864 1345.198 397.48514 1047.6984 94.88769 427.41482 398.76303 538.23798 3.7322666 533.76015 1002.7841 839.31893 2015.7809 1261.1454 29.678763 1018.5425 95.825774 1355.5189 0 239
804.35349 1674.8037 439.71714 1235.9401 565.8372 106.66818 490.47794 5.6042436 562.23372 523.50155 1471.8413 1122.8519 1322.3296 1167.9277 454.9122 1127.7548 555.97643 1441.2856 578.36714 0
