1
20 20 1
0 325 366 174 321 293 315 109 118 57 163 275 91 306 285 335 302 11.268276 332 336
1425.0938 0 401 296 441 385 365 373 380 346 287 73 313 329 61 477 406 320 456 453
2180.9716 3000.785 0 335 378 185 183 436 456 416 325 313 400 184 373 192 97 361 194 200
267.9867 985.49021 1658.393 0 340 288 314 185 207 183 19.520477 283 177 336 311 282 300 179 312 298
1564.7831 5209.219 2482.9406 1958.8054 0 282 307 352 398 316 336 390 306 313 399 266 282 320 302 278
1129.4479 2528.2116 300.80335 1046.1411 1019.7834 0 144 333 353 347 277 310 312 160 334 56 162 281 58 53
1452.003 2324.9242 302.73743 1518.2364 1403.1107 187.94955 0 308 396 344 304 329 330 79 337 139 163 308 147 144
95.762565 2177.9919 3866.1194 295.50187 2174.6901 1698.6988 1324.084 0 61 101 184 309 30.296802 319 343 328 371 108 344 354
112.58133 2221.4212 4717.0208 394.11395 2998.3142 1991.9435 2958.1934 38.596895 0 100 209 303 53 406 337 371 406 120 380 377
35.203961 1780.4107 3248.1693 290.82191 1447.5805 1859.6808 1915.8553 84.700241 84.847441 0 185 298 78 324 338 367 343 57 351 360
228.53957 941.75914 1403.9416 9.317153 1738.7245 920.18753 1333.2902 291.00216 401.21373 295.78372 0 266 169 316 293 274 290 172 306 294
842.80847 49.66989 1371.806 885.3368 2657.5422 1307.4279 1606.2296 1203.3283 1116.0097 1074.901 754.88223 0 251 276 56 348 342 271 344 338
71.225433 1263.3572 2775.3266 273.35432 1347.3173 1456.119 1652.4699 15.256076 31.560811 56.917523 244.92599 664.46553 0 326 289 314 345 96 316 328
1373.4014 1645.09 308.68461 1802.0569 1320.9992 231.59179 60.563296 1466.8879 3177.7978 1696.2292 1443.8009 935.13102 1539.2476 0 293 163 164 284 167 170
1017.3131 39.435278 2302.6358 1221.2404 3174.9499 1663.1204 1675.4741 1613.2255 1545.8109 1636.6606 1059.8159 34.090919 998.04644 1128.5247 0 376 428 285 357 366
1889.491 6400.1923 334.67547 1008.542 959.94892 36.200899 173.80997 1602.3554 2418.6378 2237.9377 959.87563 2112.5091 1449.8046 243.21084 2558.2666 0 171 328 28.993868 25.411731
1251.3798 2847.7218 84.598801 1199.4891 1043.3659 220.057 226.66549 2348.4141 3124.3559 1738.9779 1061.6649 1633.9754 1797.2296 236.86793 3461.4041 254.89616 0 294 174 179
4.7251016 1412.6273 2159.5567 287.10866 1536.3972 958.06455 1380.3957 94.003177 115.97847 34.67329 258.07632 830.30043 76.953566 1096.2105 1031.0173 1696.4543 1177.6609 0 334 320
1770.0159 4994.0992 341.25309 1382.9589 1362.5511 38.269766 196.84066 1861.2181 2769.4119 1908.046 1303.3361 1911.5396 1482.4666 260.53485 2080.3878 15.524213 261.29164 1756.9819 0 19.954266
1846.3965 4559.9641 371.3334 1194.5374 1105.6555 34.215649 187.3027 2063.5848 2697.0214 1987.3765 1161.8252 1735.4192 1675.9496 267.76925 2141.745 13.06588 283.24188 1485.5068 9.7978394 0
