1
20 20 1
0 308 267 175 323 310 302 101 111 57 160 314 101 323 313 330 262 11.023314 328 319
1074.2713 0 303 279 374 339 330 300 305 337 289 76 262 321 54 344 283 308 343 362
805.27893 1263.2005 0 301 321 196 168 264 290 272 293 337 234 175 304 219 76 289 199 206
271.52405 944.60263 1043.3653 0 325 265 285 168 193 192 21.314331 318 154 319 282 278 284 184 299 304
1331.1034 2525.5615 1326.0368 1396.9933 0 251 284 308 349 285 343 351 304 316 403 291 260 340 309 302
1361.836 1743.3418 350.76155 930.37486 704.09137 0 154 335 364 299 276 357 292 166 337 49 156 308 51 49
1250.2632 1701.9723 245.03713 984.70396 955.66874 209.34578 0 311 373 324 281 318 286 83 294 187 138 315 175 198
83.812936 1144.7779 780.35135 253.30564 1231.1494 1932.6993 1367.7242 0 69 97 167 304 39.440336 337 319 335 278 102 317 318
96.08043 1068.1836 1026.4733 333.56731 1773.7511 2315.6842 2359.7344 45.484169 0 111 178 307 64 375 329 384 329 116 406 401
34.374035 1401.5021 809.49557 335.17446 905.44108 1233.9022 1579.294 80.16131 99.77296 0 191 326 94 340 330 336 259 58 330 328
220.51653 975.45056 1021.7685 10.41551 1696.9913 1039.6891 979.95414 241.76066 268.81409 327.55963 0 320 153 323 276 290 288 172 305 309
1140.4366 53.524565 1649.8776 1394.5667 2177.2925 1992.9531 1486.3672 1014.4026 1055.1772 1169.3228 1348.8368 0 292 328 67 389 271 314 362 403
81.284959 743.21598 554.969 205.40396 1248.0018 1221.4395 1048.1742 21.096834 39.813592 74.950538 198.58724 936.36655 0 306 275 318 245 105 311 310
1429.9308 1513.7017 267.11058 1462.6084 1420.0028 255.80537 60.270097 1703.7125 2248.5823 1730.7501 1476.86 1716.8923 1256.0741 0 274 184 154 324 180 196
1107.6229 32.864755 1186.6804 953.45878 3201.0438 1719.2185 1123.5763 1278.3475 1291.939 1343.7462 862.92002 44.904165 802.36801 961.8472 0 363 247 316 338 347
1606.9829 1733.8735 449.18214 1080.4134 1071.3572 27.719882 311.79139 1967.6006 2563.4784 1681.0654 1142.0853 2558.1089 1529.4624 320.16207 2001.5047 0 180 321 25.976436 25.411731
730.40233 982.13408 50.946651 942.09596 713.11377 211.92375 153.31932 905.08358 1491.4482 735.09866 964.43772 861.31005 662.47619 193.92778 651.45259 273.91584 0 288 168 177
4.5446388 1073.1492 979.86418 303.88623 1518.2619 1327.8995 1430.1384 84.476396 104.5057 35.100781 256.46234 1102.1407 88.112521 1452.8257 1127.3314 1448.7461 938.06632 0 320 314
1691.0913 1795.1305 351.91105 1296.4049 1248.698 28.796797 263.91048 1778.0369 3225.0482 1683.9656 1288.4375 2149.5167 1536.3141 295.90202 1670.309 11.69444 236.44184 1467.0297 0 21.314331
1530.2426 2115.8162 384.33669 1361.9064 1200.376 27.359853 356.15329 1662.1189 2941.1491 1637.8186 1382.7848 2830.7691 1421.2261 366.62151 1812.5833 11.615552 267.05113 1428.8347 9.4270145 0
