1
20 20 1
0 303 317 194 319 305 306 89 106 55 188 254 83 312 253 326 314 11.268276 384 328
1193.7723 0 327 298 365 330 294 342 352 320 327 75 287 318 61 354 328 313 352 337
1392.7289 1560.4418 0 342 352 183 179 334 344 389 327 388 380 176 341 203 78 329 213 219
337.28486 1112.0968 1902.9883 0 366 325 327 210 218 193 20.397694 278 201 343 284 334 332 198 342 312
1439.3898 2253.8617 2152.9359 2244.6622 0 284 338 342 362 323 365 330 355 350 318 297 377 309 282 292
1344.7279 1677.6817 296.63248 1547.1033 1165.3934 0 155 292 307 339 319 331 262 158 309 58 157 311 61 58
1331.1994 1081.5009 286.56328 1583.1475 1749.5 202.67671 0 270 309 329 322 281 272 67 285 164 157 316 180 173
66.151475 1727.3704 1667.3696 416.74861 2011.8594 1204.7894 885.72144 0 62 102 201 301 35.335726 264 297 312 303 96 334 298
91.836971 1895.8169 1881.4917 472.76188 2091.4687 1444.9324 1352.1619 38.617395 0 114 219 327 58 299 317 334 323 108 374 321
32.406008 1377.6384 3019.0127 358.49422 1527.4401 1846.0104 1674.6036 85.873298 107.36252 0 193 278 90 355 257 381 364 59 417 367
322.46721 1480.426 1597.1696 9.5764132 2139.5146 1446.1191 1483.1991 382.99987 475.7886 362.40502 0 299 189 356 306 313 321 192 321 298
668.85198 56.132526 2642.1066 901.16657 1758.8616 1633.1833 876.93738 1136.2787 1308.241 901.50846 1131.9788 0 261 313 60 338 322 261 374 349
59.80756 1004.1493 2378.8891 367.04567 2013.726 920.45676 945.00798 17.673144 35.476147 69.367775 329.26247 756.03696 0 259 245 312 317 90 342 294
1343.2504 1427.2745 280.8198 2034.5701 1974.1718 208.86032 45.319037 830.16647 1226.7008 2210.8349 2044.8299 1317.7623 824.21784 0 315 151 169 314 174 156
732.10605 41.199841 1842.6202 967.52888 1514.4963 1369.4924 946.14068 1065.1059 1297.3715 777.5715 1219.3257 39.406091 645.31909 1312.1368 0 304 308 254 325 319
1452.9375 1992.8594 384.91605 1617.6655 1176.7362 36.322254 225.92274 1272.7506 1504.9998 2437.9055 1398.983 1571.4429 1285.7296 193.57752 1265.9704 0 178 319 27.143772 22.767097
1396.2699 1632.0871 57.303868 1616.0921 2350.9277 212.56595 210.41383 1255.0699 1491.0524 2565.1072 1479.2109 1488.2884 1447.1303 251.39977 1291.2368 278.50497 0 309 185 186
4.8684894 1270.1255 1543.4223 359.68247 1282.5369 1344.9728 1393.2135 75.250469 94.673622 35.679603 344.7426 716.07041 68.326362 1315.8556 716.32942 1322.8131 1304.1213 0 370 322
2499.6731 2111.041 421.89212 1642.4317 1110.77 38.670997 285.01151 1702.3397 2249.2102 3237.0252 1428.1591 2269.2738 1841.6836 256.90629 1662.415 13.488042 313.41826 2201.5774 0 15.668855
1569.5912 1814.8137 449.42066 1312.9087 1217.9295 35.881164 257.10627 1216.9023 1446.9487 2323.3015 1187.0159 1810.0087 1132.4232 204.75413 1451.2029 10.821086 316.89764 1427.5671 7.1306995 0
