1
20 20 1
0 293 226 248 277 308 140 311 272 107 328 288 312 250 256 313 274 258 266 295
1088.6926 0 211 232 238 261 239 267 230 226 101 130 94 236 249 98 235 233 238 274
546.05953 412.50995 0 217 152 162 192 182 163 189 238 248 216 194 163 201 153 209 159 176
639.25603 535.418 477.16462 0 213 225 208 249 214 192 231 273 222 71 230 224 213 69 217 259
913.70339 523.99082 194.71586 441.47223 0 171 218 212 100 225 257 269 255 216 90 245 0.38183746 223 101 209
1203.9672 669.46771 219.58948 499.55764 257.9856 0 263 119 186 240 276 273 265 221 174 252 171 227 195 120
166.10336 603.96104 344.3215 397.14726 444.70128 744.21381 0 238 194 92 244 264 281 215 210 253 217 211 198 250
1491.7061 826.94324 295.73847 685.81751 435.70104 114.47644 657.52529 0 207 248 273 316 287 263 215 273 210 270 213 11.268276
829.69758 483.81411 224.23424 419.00386 82.651118 306.21723 329.66957 426.35443 0 221 255 284 254 221 45 240 101 221 6.5046591 207
98.677983 482.07213 333.06042 320.69807 493.02902 580.81036 71.638484 679.46314 467.12165 0 221 211 237 217 211 227 223 220 217 245
1580.5342 87.618861 568.26347 552.98507 733.23261 766.80899 638.60443 869.86626 746.18399 476.10073 0 102 90 259 247 95 254 247 257 288
1136.1665 153.75983 716.89586 890.68385 999.95241 935.18934 908.30157 1653.8714 1081.9274 428.11866 96.54767 0 108 276 290 84 269 269 281 327
1433.6424 78.20147 468.81215 502.26907 732.8537 724.59402 931.96429 1039.741 702.10082 568.68581 71.288786 109.97035 0 246 255 97 255 240 252 298
666.92507 571.78067 355.9986 49.073695 434.85804 460.67622 435.05312 760.68653 449.00581 431.71563 728.28033 1000.8716 675.35805 0 238 245 217 17.488954 221 268
729.58073 585.23374 219.48896 522.19484 69.725485 262.10426 383.81643 453.57073 24.358722 415.12517 664.32765 1154.8872 719.00241 550.64522 0 257 90 236 42.128555 212
1384.9106 85.766951 397.21971 513.17869 657.99267 679.70394 767.5783 936.88411 645.46948 502.91085 79.008226 68.699495 80.903996 667.66307 762.26282 0 243 245 244 287
891.10704 513.21041 195.45123 441.17272 0.14794027 257.87043 436.73576 427.59674 82.962569 481.27212 714.25453 998.12572 731.68138 443.65037 69.104964 642.64156 0 225 101 207
712.13559 562.4206 416.24025 46.618676 467.34896 495.95086 414.83107 813.23479 450.48913 431.65806 642.05147 885.25543 614.04789 8.1840883 540.39243 657.30951 476.82093 0 222 275
780.72462 527.89454 213.91416 439.15434 82.722487 336.70507 347.97926 461.0852 2.6680215 443.17032 738.29884 1037.4587 663.38863 458.09014 22.657574 654.06233 83.03061 465.38925 0 215
1263.5463 920.8997 278.01071 763.44246 423.71303 116.17051 750.22727 4.7030836 419.12536 662.10531 1045.0704 1965.8741 1209.6405 801.46711 424.74264 1142.0407 413.16985 869.2807 458.79762 0
