1
20 20 1
0 336 366 219 353 330 338 100 112 54 206 360 94 322 270 318 312 11.518682 307 334
1617.4076 0 395 278 308 278 322 304 307 310 294 73 309 290 59 292 309 324 278 303
1971.0548 2771.9376 0 303 337 172 203 350 394 342 329 387 380 186 393 179 89 366 168 184
447.7877 936.75062 1221.7488 0 378 271 273 189 222 212 19.954266 306 201 258 311 265 270 210 271 291
2064.7294 1180.165 1675.9977 2690.0142 0 280 286 385 420 341 390 322 342 255 306 317 302 354 299 310
1581.3923 886.2078 254.34188 799.59748 946.89191 0 147 340 333 301 289 290 334 141 283 50 141 320 48 53
1804.297 1551.1066 387.45627 876.00765 1101.5677 183.27988 0 332 358 323 277 321 327 91 291 155 148 328 152 157
81.976646 1310.2543 2020.1031 331.68962 3147.8643 1774.5661 1686.2656 0 66 90 172 344 30.296802 296 279 299 301 96 313 363
100.64805 1281.2957 2875.9778 475.50685 3869.3699 1618.6996 2299.4873 41.980212 0 97 220 317 59 293 286 322 301 111 326 361
30.948505 1411.2784 1710.5851 426.66903 2013.9728 1189.0288 1575.3527 69.938406 80.140661 0 207 325 81 299 279 302 293 55 292 314
399.7911 1111.6258 1609.9534 8.9320934 3199.171 988.95011 935.36159 266.80057 479.91937 411.65537 0 331 192 258 309 263 279 201 271 290
2221.9774 52.635477 2423.3333 1215.8235 1424.7361 1103.7865 1765.3492 1962.7764 1479.4224 1743.2147 1610.4468 0 333 279 64 307 342 347 281 307
73.438778 1347.8867 2535.3644 382.63003 2114.9676 1703.5641 1510.7344 14.491275 36.079039 57.983222 343.87717 1821.1476 0 289 274 305 298 89 315 362
1505.1672 1045.3681 309.94419 768.49685 729.43533 173.03981 73.747881 1221.2153 1129.1977 1219.5326 794.65181 1011.2993 1051.3063 0 296 131 147 311 128 142
866.31057 37.526761 2590.0659 1255.2706 1277.4532 911.80882 1195.1721 949.17634 1039.1103 1005.9574 1257.1639 42.442186 871.20517 1133.1305 0 319 309 266 293 322
1354.913 1068.833 272.42579 763.74957 1353.0189 29.808071 210.31964 1216.4933 1487.4997 1167.256 779.63889 1304.8714 1254.9745 150.12453 1259.1009 0 151 314 23.273033 26.55369
1225.1554 1258.0884 70.142674 840.8048 1249.8387 167.62527 182.64908 1186.9944 1211.9511 1102.6483 917.98081 1783.7766 1144.8207 188.43813 1322.8573 189.02452 0 314 137 154
4.9347402 1468.1366 2095.1594 401.23947 2091.6215 1418.9603 1688.2836 75.467759 99.661049 30.841772 369.74321 1935.6295 66.940107 1340.8822 824.40366 1288.3024 1283.4994 0 302 337
1316.8146 962.94769 237.76075 844.65009 1135.2153 27.968568 196.04754 1504.4898 1617.1021 1102.3391 883.04077 1020.7634 1513.6134 142.07696 1049.4475 11.162774 153.86265 1216.0105 0 17.877598
1803.1453 1232.665 296.44091 1061.3566 1302.2574 31.212777 215.86381 2629.6095 2439.3827 1441.8897 1133.0367 1361.6338 2654.8998 172.77465 1443.1162 13.186421 196.75572 1780.9249 8.1611141 0
