1
20 20 1
0 286 362 194 370 280 333 98 110 55 191 354 91 311 309 320 382 10.095571 294 301
1290.742 0 332 310 384 300 319 294 278 322 317 80 257 340 62 309 326 297 296 292
2825.5025 1462.8349 0 384 533 205 214 404 363 426 357 369 352 205 301 222 98 380 221 232
359.97525 1269.0024 2483.2151 0 409 274 290 199 210 205 18.274878 299 184 293 278 264 289 207 293 260
2660.3555 2799.3723 8601.92 3427.0814 0 350 284 295 280 373 406 395 272 262 456 343 413 389 351 333
998.53878 1198.3009 400.2151 930.67683 1847.7253 0 145 282 272 291 259 286 268 157 273 55 178 289 57 59
1667.1205 1275.9663 432.44119 954.14365 1023.8613 179.41137 0 324 308 359 283 299 285 66 267 168 162 331 182 185
81.938701 1148.1812 3525.3027 383.48164 1242.3472 1040.0371 1443.1275 0 72 96 192 330 36.120964 307 296 295 326 99 293 311
100.0723 1029.2906 2378.5096 437.33091 1037.4293 891.28659 1259.7043 49.710582 0 119 216 337 61 302 287 291 308 109 283 291
33.245635 1790.5204 4877.7271 418.08769 2547.368 1209.8944 2173.1233 79.435964 116.10698 0 198 379 90 336 314 306 419 60 312 314
340.88043 1423.5781 2049.5016 8.2885686 3253.2694 786.13115 879.4678 351.17329 460.49744 385.68943 0 307 177 293 288 250 270 197 270 247
2493.9117 57.477234 2179.7173 1162.0763 3111.2664 1095.1344 1142.2972 1823.4334 1908.4477 3055.4667 1283.18 0 297 325 75 290 334 371 276 282
71.861797 795.32338 2200.778 324.67263 974.78097 905.04928 1046.0951 18.63578 38.80743 71.365692 290.28424 1295.654 0 270 272 290 288 92 283 282
1426.6408 1628.933 396.83187 1086.5665 815.49448 209.34786 43.566957 1252.4126 1170.0022 1809.4098 1057.5578 1514.1515 910.74327 0 271 175 165 337 177 180
1559.6007 39.837829 1235.5387 944.27127 4701.8633 911.44956 816.53357 1211.878 1134.1212 1714.6045 1066.5158 52.724846 957.0692 885.32858 0 312 307 332 299 305
1402.9456 1273.5508 482.13124 853.75789 1658.7751 33.939431 246.62653 1166.8405 1024.6866 1410.5551 698.90179 1048.3435 1059.5432 271.47272 1282.9032 0 195 331 35.335726 34.567558
3100.0487 1494.7184 80.14272 1043.7357 3224.8199 289.54704 222.18804 1796.2227 1441.8487 4266.3829 899.08112 1707.6339 1236.1619 233.22264 1302.8618 355.35193 0 394 187 201
4.3868062 1517.0412 3324.4637 419.34987 3233.3319 1088.4523 1673.6502 84.398944 100.16375 37.979816 369.43386 3018.9273 73.892669 1805.6686 1957.0586 1560.643 3314.0279 0 306 305
1143.6872 1031.5003 472.61398 1147.2982 1702.2738 35.922846 292.23445 1128.2862 936.73273 1497.5766 862.08544 853.38126 959.06577 271.1357 1044.9936 19.077618 323.39211 1284.948 0 23.273033
1227.1087 1094.2252 579.01554 827.54397 1540.1751 38.331243 318.96378 1308.0357 1047.4028 1609.2655 689.61196 1013.7778 963.72311 297.04184 1164.721 18.816967 398.08054 1271.6226 11.808513 0
