2
20 20 1
0 304 261 305 214 236 139 311 283 113 315 334 273 317 247 301 213 303 293 301
1266.6368 0 284 336 296 296 197 274 322 246 85 109 100 310 288 114 300 310 330 288
766.59297 993.65308 0 238 174 162 188 218 206 206 257 267 234 254 178 246 178 249 218 212
1190.4672 1847.088 584.65379 0 211 266 254 333 273 236 290 294 291 81 238 303 213 87 284 327
454.06553 1132.688 269.13393 432.97846 0 181 185 246 120 191 234 267 234 252 97 260 0.39032273 248 122 242
602.04504 1142.8978 232.35942 753.6665 312.00961 0 201 126 226 222 300 308 291 292 214 304 182 294 228 126
158.57146 388.56133 305.71609 629.412 321.11221 388.72983 0 237 233 102 196 227 191 242 214 221 189 237 238 235
1272.0111 924.0326 486.03525 1474.3453 617.20229 136.79427 563.93535 0 254 257 271 317 255 369 250 296 249 348 261 7.2602425
995.56628 1584.3102 405.19403 818.19084 115.78237 505.03471 531.43089 718.67378 0 259 273 291 262 284 51 287 122 286 11.268276 270
107.92376 712.38903 403.24669 587.31455 337.58491 502.02295 90.104339 709.35133 732.75257 0 266 281 223 245 207 244 192 238 257 269
1362.6588 68.78157 698.32861 1028.0629 601.59084 1171.7466 378.61101 860.09213 862.1936 797.20016 0 104 76 279 231 95 237 280 263 275
1545.5187 104.478 791.40577 1099.0653 825.03104 1268.6056 522.45629 1299.9147 1074.8883 925.00168 91.583067 0 112 258 252 83 270 269 273 310
983.57218 92.391053 588.87061 1076.2223 582.94487 1076.8938 348.23007 771.32516 789.62581 531.3051 55.980521 108.09776 0 257 241 103 236 264 248 249
1274.0689 1312.8617 676.57322 58.269666 672.64624 992.94825 588.50895 2029.7691 920.59006 608.2704 891.36038 735.19863 714.12901 0 262 261 254 15.668855 293 375
684.03525 1116.2003 278.02522 588.46148 75.974057 445.0369 423.79824 725.5891 28.842151 425.73718 545.19411 709.91197 628.77981 752.32783 0 247 98 257 55 254
1236.9298 112.15105 614.52416 1196.402 749.07382 1313.617 501.65292 1140.7127 1033.2397 643.65205 79.860253 63.319674 91.356697 761.88554 641.08376 0 265 256 280 300
446.7983 1180.9661 282.76577 445.52796 0.15531509 317.48941 338.88822 636.94071 120.12217 342.1147 623.47456 856.21662 592.78965 686.17831 78.458973 793.12255 0 249 124 244
1118.6956 1390.7184 655.7861 64.038134 676.84597 1047.9015 560.93229 1792.5032 966.82786 593.01751 952.52662 852.74933 781.17517 7.0251516 744.35548 736.83747 687.34763 0 285 354
1092.0648 1704.0546 457.58687 933.63895 119.31674 524.2825 573.14068 781.90192 4.6533033 747.22876 793.4017 945.32236 704.54234 1042.7576 32.24226 959.29346 123.81994 993.397 0 274
1148.774 1030.5055 451.89281 1392.3471 607.95637 136.29688 554.57715 3.1117967 825.9144 793.64511 878.29522 1197.8253 724.29029 2181.302 756.77089 1159.1551 622.28454 1938.537 882.64656 0
20 20 2
0 293 226 248 277 308 140 311 272 107 328 288 312 250 256 313 274 258 266 295
1088.6926 0 211 232 238 261 239 267 230 226 101 130 94 236 249 98 235 233 238 274
546.05953 412.50995 0 217 152 162 192 182 163 189 238 248 216 194 163 201 153 209 159 176
639.25603 535.418 477.16462 0 213 225 208 249 214 192 231 273 222 71 230 224 213 69 217 259
913.70339 523.99082 194.71586 441.47223 0 171 218 212 100 225 257 269 255 216 90 245 0.38183746 223 101 209
1203.9672 669.46771 219.58948 499.55764 257.9856 0 263 119 186 240 276 273 265 221 174 252 171 227 195 120
166.10336 603.96104 344.3215 397.14726 444.70128 744.21381 0 238 194 92 244 264 281 215 210 253 217 211 198 250
1491.7061 826.94324 295.73847 685.81751 435.70104 114.47644 657.52529 0 207 248 273 316 287 263 215 273 210 270 213 11.268276
829.69758 483.81411 224.23424 419.00386 82.651118 306.21723 329.66957 426.35443 0 221 255 284 254 221 45 240 101 221 6.5046591 207
98.677983 482.07213 333.06042 320.69807 493.02902 580.81036 71.638484 679.46314 467.12165 0 221 211 237 217 211 227 223 220 217 245
1580.5342 87.618861 568.26347 552.98507 733.23261 766.80899 638.60443 869.86626 746.18399 476.10073 0 102 90 259 247 95 254 247 257 288
1136.1665 153.75983 716.89586 890.68385 999.95241 935.18934 908.30157 1653.8714 1081.9274 428.11866 96.54767 0 108 276 290 84 269 269 281 327
1433.6424 78.20147 468.81215 502.26907 732.8537 724.59402 931.96429 1039.741 702.10082 568.68581 71.288786 109.97035 0 246 255 97 255 240 252 298
666.92507 571.78067 355.9986 49.073695 434.85804 460.67622 435.05312 760.68653 449.00581 431.71563 728.28033 1000.8716 675.35805 0 238 245 217 17.488954 221 268
729.58073 585.23374 219.48896 522.19484 69.725485 262.10426 383.81643 453.57073 24.358722 415.12517 664.32765 1154.8872 719.00241 550.64522 0 257 90 236 42.128555 212
1384.9106 85.766951 397.21971 513.17869 657.99267 679.70394 767.5783 936.88411 645.46948 502.91085 79.008226 68.699495 80.903996 667.66307 762.26282 0 243 245 244 287
891.10704 513.21041 195.45123 441.17272 0.14794027 257.87043 436.73576 427.59674 82.962569 481.27212 714.25453 998.12572 731.68138 443.65037 69.104964 642.64156 0 225 101 207
712.13559 562.4206 416.24025 46.618676 467.34896 495.95086 414.83107 813.23479 450.48913 431.65806 642.05147 885.25543 614.04789 8.1840883 540.39243 657.30951 476.82093 0 222 275
780.72462 527.89454 213.91416 439.15434 82.722487 336.70507 347.97926 461.0852 2.6680215 443.17032 738.29884 1037.4587 663.38863 458.09014 22.657574 654.06233 83.03061 465.38925 0 215
1263.5463 920.8997 278.01071 763.44246 423.71303 116.17051 750.22727 4.7030836 419.12536 662.10531 1045.0704 1965.8741 1209.6405 801.46711 424.74264 1142.0407 413.16985 869.2807 458.79762 0
