1
20 20 1
0 323 365 187 448 347 332 97 108 64 183 329 96 361 317 387 348 11.774653 365 368
1603.8504 0 388 288 439 389 349 333 344 328 290 81 368 405 69 451 401 317 397 401
2829.9158 2811.1287 0 299 291 173 191 401 367 378 296 328 383 218 375 198 85 338 170 172
328.09668 931.98495 1146.3512 0 379 318 335 179 187 177 16.73683 300 194 293 296 358 280 182 321 316
4316.8283 4240.7121 1004.4478 2517.4447 0 274 251 415 457 440 367 400 426 290 405 298 300 424 305 288
1898.2883 2472.3272 251.31388 1358.2999 856.18553 0 144 332 334 329 297 309 336 183 323 48 146 336 42.128555 38.582937
1589.4225 2131.7892 331.91905 1615.5068 724.01191 172.54641 0 395 365 339 306 307 366 85 342 172 177 326 153 148
85.502758 1589.714 3003.5072 280.04926 3352.3121 1593.5367 2825.8839 0 68 99 180 316 43.064745 389 319 377 391 103 373 373
100.82704 1718.9669 2489.6034 308.50391 5362.5901 1640.8971 2611.7123 45.121999 0 99 184 321 68 409 330 379 397 112 369 380
40.172067 1623.8249 2544.1667 280.29951 4073.1704 1617.0361 1726.3889 83.290915 83.987902 0 174 291 94 349 302 388 331 64 373 368
315.73809 981.65982 1107.1772 7.675187 2132.9589 1075.8394 1191.4543 283.85879 299.03786 267.45237 0 292 191 309 296 335 272 180 309 308
1801.4558 59.815214 1410.8156 1110.5526 2800.6705 1225.6745 1298.9865 1375.6503 1488.478 1240.0796 1063.4452 0 328 359 75 379 341 319 357 357
82.111777 2247.1485 2909.435 334.61949 3643.2493 1600.8376 2334.7664 23.951982 44.076516 76.132528 325.13869 1605.1691 0 379 356 375 363 102 389 372
1895.2643 2770.6593 428.9362 1101.1242 995.59073 287.01023 62.996207 2516.6018 3393.5502 1785.9896 1236.7666 1902.4008 2318.4324 0 364 194 194 350 196 185
1339.586 46.175355 2030.3932 1020.717 2965.7873 1303.5625 1626.5787 1261.312 1424.8072 1155.387 975.94657 53.306238 1844.9444 1903.8591 0 371 368 315 348 359
2504.8867 4321.5967 337.26932 1888.9293 1047.3286 26.830382 259.27159 2262.2789 2301.0056 2391.832 1500.9774 2148.6127 2118.2975 332.07733 1923.3494 0 175 392 33.080957 29.638176
2175.4753 2738.6084 64.458306 958.82617 1090.5959 178.58596 280.08936 2724.3418 3233.0196 1876.3607 873.0954 1477.8808 2449.2197 333.20498 1826.6238 255.34939 0 339 166 162
5.0676102 1491.308 2188.9183 306.07551 3656.0741 1770.7731 1489.8948 95.070343 108.527 40.499207 306.29808 1649.9694 92.349186 1697.7056 1299.7188 2589.5197 2051.4809 0 357 359
2232.5373 2557.3616 241.41194 1307.8028 1202.382 22.790121 200.68275 2212.4347 2243.8532 2238.3644 1142.7331 1767.3472 2470.5512 332.55962 1530.4194 17.012878 225.94569 2083.783 0 15.328227
2241.0274 2640.8846 246.81095 1272.4663 1013.7906 20.252448 186.6374 2190.0962 2487.304 2119.3406 1155.6403 1756.3151 2120.1713 293.59128 1664.8919 14.840409 218.6163 2095.0571 6.9354717 0
