1
20 20 1
0 343 263 281 259 240 138 266 289 120 370 372 352 266 268 324 260 276 283 266
1961.08 0 260 293 266 292 262 291 320 254 110 106 107 329 288 96 266 343 326 286
841.13177 767.76408 0 217 175 142 183 167 219 203 251 261 231 248 190 237 175 261 219 175
998.08758 1202.5744 473.87925 0 223 231 237 220 234 269 305 291 288 72 225 273 223 73 240 222
753.2779 897.61831 256.40348 507.29176 0 174 189 191 89 248 238 257 234 254 88 230 0.77148716 256 93 201
635.64267 1185.554 166.32154 550.49641 257.15362 0 167 108 198 191 299 285 267 240 192 246 174 240 206 109
167.74408 809.32419 296.9997 598.08358 334.59311 244.9685 0 214 209 95 241 251 263 212 184 226 188 223 214 213
880.22247 1104.8019 234.26459 476.04891 321.22457 93.527833 432.41731 0 201 230 297 320 278 233 188 264 189 236 208 9.8761023
1114.7684 1722.8176 455.13952 588.47565 67.053567 368.9964 416.43876 380.36462 0 251 345 336 311 257 36.923652 271 87 259 6.2249218 207
124.72587 847.83455 394.52837 865.46334 682.57971 347.64729 80.280322 538.83524 716.14339 0 282 325 268 236 231 225 248 248 253 226
2831.4366 101.58925 657.5891 1233.2033 658.52846 1097.2334 669.31413 987.32784 2225.8462 1091.0743 0 101 83 305 290 101 239 324 357 308
2338.9943 97.226566 793.59142 1094.6537 816.37092 1034.3522 730.01146 1278.7385 2023.9169 1638.5 89.098652 0 117 348 282 87 257 367 349 333
1970.0405 94.753644 514.43231 971.30444 593.57692 825.26928 818.88695 830.09972 1415.3701 876.7214 62.147309 112.48975 0 318 269 109 235 319 321 276
817.83595 1607.2703 638.34137 49.156453 692.10013 585.82636 442.13166 533.67404 753.43399 600.3084 1226.2513 1792.0596 1295.0906 0 242 301 254 11.268276 263 243
865.78126 1166.2112 308.53849 502.84758 63.619664 321.80507 308.52069 309.22802 18.486247 578.57099 1223.1549 1146.4407 876.86676 645.95347 0 245 86 240 39.440336 195
1534.4852 78.354353 593.48051 886.04707 585.67936 684.09226 532.75338 780.7298 981.6856 570.05093 87.110081 69.347116 98.485578 1119.8771 702.1893 0 230 319 275 256
756.5117 899.45548 257.04103 508.52536 0.3004085 259.27607 332.12252 313.86145 64.631441 678.30821 661.09754 818.15097 596.19146 693.20025 61.379157 588.96848 0 256 91 198
902.95151 1869.6617 755.29192 50.851595 720.13063 600.9126 502.8883 551.16011 755.89007 694.20106 1481.4244 2088.5887 1309.6076 4.9426566 628.2824 1357.4408 721.28856 0 267 246
1061.518 1818.1338 449.62482 622.79001 72.708363 408.07423 444.41345 423.65068 2.5607827 738.61307 2527.5393 2263.4915 1534.8747 819.31162 20.208192 1010.8372 70.04735 832.04766 0 214
882.43317 1070.5806 255.2316 486.45843 356.15989 95.122552 429.53927 4.1158981 406.64951 522.66783 1073.419 1411.9474 822.52196 565.23022 336.27952 709.54405 348.21838 582.021 452.54488 0
