1
20 20 1
0 287 209 248 203 218 105 295 271 97 273 292 280 257 224 294 201 245 263 292
949.23772 0 259 292 224 278 261 314 271 263 116 130 115 313 224 117 225 315 262 320
379.52855 748.19032 0 238 145 157 170 190 194 177 222 251 238 261 166 214 144 247 194 191
627.06118 987.31894 591.69666 0 200 220 199 286 257 186 285 307 287 68 233 267 201 70 251 299
371.69606 500.3858 174.40493 370.34694 0 166 165 210 97 177 218 222 215 213 83 192 1.6288066 209 99 216
438.52059 873.15734 198.03328 469.64812 226.70798 0 169 135 212 189 264 263 280 251 180 290 168 239 212 136
92.93448 761.20609 237.90132 372.00186 231.84012 238.33892 0 252 218 79 258 283 246 203 193 253 166 193 213 253
1024.4972 1427.8156 321.57562 1002.5971 410.95729 145.39421 624.47177 0 265 275 361 349 397 299 221 310 211 286 271 6.9480109
797.18884 990.34832 340.3007 778.32674 82.245523 390.26938 476.70578 795.97072 0 252 288 283 273 246 63 265 98 243 8.4677563 272
78.501603 729.41483 262.50907 313.62441 270.73806 305.08787 57.631478 815.82828 643.23511 0 265 257 252 205 209 236 177 197 247 269
828.93087 110.6135 472.62792 1003.1763 477.41301 829.90946 718.81722 2385.8145 1099.0678 746.24645 0 113 93 298 235 103 219 294 292 364
969.16676 140.9161 672.34576 1161.4271 500.57011 878.03619 926.34773 1930.6585 1123.4263 760.77381 106.34651 0 118 337 229 86 225 330 290 358
872.18616 107.96695 585.17603 1037.5551 442.5587 896.13447 679.65729 3308.4259 954.79902 686.30311 73.513865 110.34086 0 288 234 102 217 275 271 403
700.48157 1238.1607 745.38066 45.478025 411.87699 674.39281 393.5244 1154.3915 665.64731 382.97571 1085.4813 1479.4222 1034.8491 0 236 271 215 9.4513739 245 307
462.62711 533.54191 235.85689 540.7829 63.975374 269.3965 323.20824 485.68391 40.524224 392.663 602.21057 570.40833 591.98073 554.3505 0 215 84 237 62 229
910.39756 113.42694 452.22159 857.50028 340.99392 957.81013 684.90159 1359.9892 899.1866 568.51409 89.041416 65.037662 87.535483 843.47237 481.11319 0 194 263 259 311
366.51549 509.68967 173.14763 381.23644 0.6733467 231.76806 235.60851 418.30365 83.619174 271.65695 488.78447 518.6196 455.01657 423.74981 65.076368 352.22243 0 211 100 216
622.17997 1259.2056 647.56736 47.800765 390.71668 592.79246 349.2623 1009.9223 636.32766 350.13396 1026.0351 1358.6619 922.71657 4.1763206 558.03493 762.35651 401.57128 0 242 294
748.14281 918.6659 344.32858 709.18755 83.932403 392.62067 447.36785 870.01325 3.5127588 615.49111 1125.0375 1162.6691 947.35215 643.57977 39.491672 826.21152 85.328406 615.37658 0 279
1010.3274 1518.2287 325.39132 1122.8561 444.16291 147.44517 635.0599 2.8476613 854.44283 780.26603 2383.5903 2008.2008 3418.3793 1250.2689 535.69416 1355.1902 452.84278 1095.0037 937.42041 0
