1
20 20 1
0 340 252 306 267 344 117 261 352 117 304 305 336 320 285 293 271 324 350 270
1775.7113 0 346 273 277 304 223 407 343 267 116 149 121 344 321 110 281 355 322 376
668.91022 1749.4622 0 246 184 201 190 188 218 219 275 366 295 243 200 291 184 244 211 190
1204.0881 1080.6206 694.33038 0 244 289 200 299 271 252 274 294 249 68 241 233 246 71 255 303
806.50649 1010.5625 315.6159 674.85029 0 207 159 208 99 208 256 265 245 217 90 240 1.1713583 226 99 199
1567.479 1128.9353 365.11876 1094.5422 410.12773 0 262 134 216 333 308 326 338 302 222 307 206 310 212 124
119.85515 524.6015 343.9179 416.69018 226.27522 713.77512 0 232 256 90 207 234 207 219 212 192 163 225 247 228
772.64808 3149.1234 323.71373 1166.8109 412.415 149.03197 538.03824 0 231 292 348 372 322 295 215 337 206 296 222 14.350135
1693.2703 1705.452 441.47096 941.5128 79.106694 468.30658 709.25506 554.62457 0 270 330 293 322 261 48 294 100 245 9.0449112 224
117.95639 913.16998 470.56641 753.47605 409.12957 1495.7962 73.115023 971.34681 790.38317 0 252 255 267 289 232 229 212 299 259 305
1215.3379 104.30463 846.31187 949.35513 747.67938 1157.8341 416.40932 1729.1435 1609.9381 711.4108 0 137 110 326 333 98 261 343 320 342
1261.664 169.38175 2189.5673 1177.7454 882.23379 1506.8133 580.78259 2234.2603 1271.6756 778.33916 145.28641 0 138 324 299 81 273 344 305 345
1681.6632 113.62131 1144.4532 696.85375 673.32047 1500.6287 420.90424 1499.1463 1377.4322 835.54615 94.050983 145.53673 0 303 301 114 248 303 307 323
1391.3872 1830.0048 651.62958 44.401537 471.93778 1198.4912 514.87402 1173.1676 790.60364 988.36297 1497.8692 1531.96 1106.0914 0 242 276 221 15.668855 246 307
930.26798 1373.3201 360.77786 650.22468 67.054639 471.9202 418.28782 447.00461 26.444001 515.08092 1609.3081 1261.8547 1144.3136 615.2232 0 274 91 237 49 205
1112.393 96.630033 1049.0548 623.30922 642.01657 1093.6022 353.18504 1554.2501 1164.3312 574.72155 77.449338 57.624027 101.72719 942.61417 965.28404 0 242 288 285 331
829.82434 1044.7826 314.72979 684.8629 0.45787253 402.10788 239.87201 403.57773 80.451904 428.30204 786.99557 952.90955 692.73165 497.14576 68.491985 661.77177 0 230 100 197
1500.7368 2074.6529 658.76841 46.909092 514.83203 1295.815 561.69785 1196.6801 655.06921 1136.4363 1720.014 1851.6029 1098.0819 7.0306388 592.95916 1044.2702 542.98795 0 232 314
1668.6217 1427.1701 415.29471 777.04934 78.475141 438.25622 638.33275 498.1228 3.7512198 699.45813 1461.6629 1386.0743 1170.2611 672.49277 27.210012 1040.9664 79.986062 562.24114 0 218
863.64321 2371.4664 327.67795 1232.7633 375.78622 128.99937 507.69546 6.4106895 529.86401 1147.232 1626.9752 1748.9342 1462.4207 1297.1887 404.93753 1445.0842 367.48722 1367.6948 487.08119 0
