1
20 20 1
0 235 233 278 264 276 118 286 296 101 279 289 261 270 266 308 262 276 285 283
569.38674 0 228 276 226 226 217 222 265 228 87 114 91 275 216 101 225 284 251 222
540.07025 491.11681 0 222 194 167 193 186 198 219 253 237 256 221 167 267 194 219 188 181
833.76333 816.7309 426.91904 0 279 296 264 289 318 257 268 307 263 76 293 279 281 70 308 291
799.41092 504.47331 360.24498 890.06514 0 219 237 252 116 247 259 278 250 285 93 251 0.880239 280 115 237
891.93048 511.54486 246.30234 957.70788 489.05726 0 264 131 250 267 271 281 260 277 229 278 219 273 234 133
119.90731 456.55585 339.66991 760.23894 629.29491 804.51423 0 250 263 96 249 264 236 287 229 259 236 284 263 243
953.95249 463.11483 314.56658 865.95506 701.52733 140.63537 626.41945 0 286 286 253 274 254 288 252 262 253 286 263 7.9274297
1218.9984 797.33834 375.65656 1338.6933 127.58928 746.58727 949.55947 1016.1684 0 331 285 294 312 341 57 267 116 339 6.2249218 278
88.318355 543.23783 459.79496 674.49103 686.40025 840.16807 79.357613 951.11305 1772.1472 0 254 301 231 260 264 296 245 277 325 291
958.66876 66.903604 653.61597 767.76484 756.78562 867.09167 706.46416 636.46293 1004.824 777.87863 0 114 91 274 267 97 256 278 282 250
1067.5341 107.41793 590.07235 1073.2365 883.60802 894.21652 850.86737 772.72283 1068.0949 1276.1075 108.92949 0 116 328 286 85 274 314 278 266
761.62955 71.942148 694.38955 739.41469 673.73823 740.81897 586.0249 669.61359 1288.3721 582.03825 72.042244 112.46984 0 269 262 110 250 258 304 252
811.84734 875.89372 454.60264 54.633893 1068.217 904.77357 1070.4766 927.98485 1764.7443 719.05289 858.75758 1383.9622 797.14412 0 309 289 285 12.577203 329 272
845.96584 478.58845 254.88086 988.77802 83.372923 578.88296 604.34265 704.68826 37.615862 881.37917 883.67367 1014.1571 805.35054 1301.2155 0 238 92 303 52 242
1339.6252 86.984311 819.73625 814.51771 688.35855 975.99071 783.82293 699.03863 801.83538 1209.7201 81.649952 64.178873 104.17375 897.98574 607.68663 0 249 283 260 255
777.61729 500.73866 359.74263 889.85968 0.38086755 488.53279 620.25273 708.15083 128.31058 675.25906 736.58183 863.93293 669.1818 1067.69 81.876396 672.9907 0 280 116 238
847.77912 974.27502 442.54544 48.924423 1014.0747 873.18756 1036.9042 892.59914 1802.458 874.03 901.05903 1261.257 748.44723 5.658028 1245.1815 876.97438 1013.71 0 327 268
1104.0536 701.91773 330.9745 1214.5944 125.56152 617.162 962.79812 816.36142 2.7938379 1671.3865 969.15229 929.66626 1209.5316 1579.2129 33.218507 762.88529 126.26107 1610.5834 0 256
952.36567 461.26748 292.75514 890.83156 619.53329 143.73448 585.64156 3.5204984 965.83923 1034.9438 611.51081 711.47646 644.36726 820.87818 637.35262 640.5217 625.54171 778.66474 769.62083 0
