1
20 20 1
0 264 414 201 341 333 292 108 108 57 219 288 91 314 261 351 358 8.8482827 343 361
865.26362 0 352 243 394 243 281 255 263 241 269 82 249 275 66 291 287 264 289 276
3552.4649 1855.2375 0 408 321 182 188 390 381 376 409 423 355 201 356 207 80 401 194 190
413.47262 664.7636 3145.9413 0 430 309 306 203 213 185 19.954266 268 192 321 254 301 334 198 283 305
2029.1324 3198.6864 1517.2283 4738.1933 0 299 307 489 429 358 490 350 444 305 398 298 288 332 273 306
1626.6091 609.03319 293.9528 1246.5971 1209.8032 0 145 282 329 278 319 267 284 153 245 45 141 329 49 45
1018.3053 919.63505 317.46193 1209.0357 1321.6078 170.33509 0 274 288 254 315 304 256 57 294 154 154 285 151 150
99.201703 696.38471 3183.7505 405.68313 6876.2757 1010.92 923.0624 0 62 91 220 283 35.335726 332 264 363 304 102 341 370
101.30436 760.03672 3219.4384 469.59387 4525.5033 1579.1973 1020.1898 40.261169 0 98 219 292 50 325 252 357 353 97 367 362
34.299813 636.328 2571.8276 321.4469 2330.3216 976.37342 761.23914 74.068266 84.296701 0 197 248 81 292 239 297 317 53 305 316
502.81322 823.4469 2845.6892 9.3306059 7283.5317 1319.533 1223.8705 481.92309 502.99517 365.90865 0 265 208 325 268 324 352 215 296 319
1138.9564 57.259344 3346.7405 888.10042 2338.0765 818.28384 1271.1241 976.5503 1101.4177 702.99423 843.98236 0 287 292 77 294 324 293 297 298
75.07045 644.90999 2547.1157 354.80884 5199.2923 1040.8938 769.58738 17.677738 29.587858 59.750492 418.188 1027.7995 0 305 251 355 298 85 345 362
1245.4376 876.08723 365.94043 1397.5095 1289.4833 191.9501 34.312802 1560.032 1471.7487 1122.2966 1454.5765 1097.2839 1213.7012 0 286 162 159 317 159 161
835.07123 41.452482 2054.689 713.53413 3609.1012 596.47805 1019.4899 746.11943 698.93921 620.75259 826.18894 53.256571 676.6942 890.79348 0 282 279 255 279 274
2031.8952 1032.9038 414.8839 1247.3079 1311.3877 24.235031 198.2868 2350.0619 2111.8514 1312.3666 1448.1852 1129.7015 2113.2267 220.90076 911.50118 0 160 345 29.638176 30.970064
2143.4046 1003.0316 59.87993 1651.9553 1144.2144 164.22716 200.24543 1339.1776 2164.6025 1363.7027 1832.9492 1472.0821 1290.522 211.57798 950.63315 218.80297 0 359 159 166
3.8057785 878.96101 3268.4657 408.29449 1882.794 1566.4886 959.89575 89.390826 83.366514 30.656481 481.10408 1253.1552 66.931468 1332.6918 820.32911 1936.9816 2128.7977 0 341 357
1898.8494 1052.5246 344.82007 1035.8626 1082.3304 26.629334 191.49768 2074.356 2328.7927 1438.9531 1178.9855 1206.4096 2065.4258 216.53481 901.49676 14.24295 217.67727 1847.723 0 23.273033
2216.1115 893.60069 337.97828 1289.8738 1505.6493 24.275193 190.08847 2499.7753 2336.429 1572.1082 1428.9537 1153.9981 2270.4562 223.29582 850.74455 15.025275 239.11079 2137.6191 10.633386 0
