1
20 20 1
0 321 232 294 226 254 159 289 289 94 309 319 275 285 297 304 227 270 283 296
1364.3363 0 263 287 261 286 251 286 281 259 108 112 125 316 295 112 266 321 290 282
574.23874 821.74441 0 205 153 147 196 177 211 212 253 287 286 208 200 274 156 211 211 171
1014.5672 1158.9691 434.87295 0 246 227 256 274 299 260 244 332 289 66 307 313 247 75 293 268
518.22497 772.75407 195.86648 630.6471 0 176 179 189 101 192 236 274 263 236 86 244 1.2239971 236 99 197
723.88149 1144.4024 184.93935 555.9628 276.27219 0 207 112 229 192 251 336 287 219 207 280 179 230 221 114
208.99019 710.37455 351.25279 738.49287 284.01644 398.17089 0 215 243 115 257 286 263 224 215 278 181 223 239 223
1007.6415 1095.5509 275.78816 916.23658 302.08652 103.55618 464.14454 0 228 239 281 316 277 262 226 296 192 270 223 9.8761023
1029.6407 967.90369 407.36391 1142.8286 87.609485 539.79069 626.11414 525.42902 0 240 292 282 330 289 56 271 102 275 10.783676 235
75.17042 733.54671 420.94047 722.31455 332.67707 330.67606 105.81671 602.97924 598.111 0 250 299 266 249 244 278 191 238 240 244
1307.8093 99.8426 722.4895 662.42829 588.56272 769.61901 699.52128 1071.9326 988.46315 650.16502 0 107 99 299 280 106 241 290 278 290
1338.7998 105.70553 1098.1194 1589.9785 818.24226 1837.3574 909.6245 1500.2822 957.24998 1022.4115 96.568052 0 116 355 314 73 278 347 285 323
881.34363 128.90411 1064.771 1005.1753 764.09243 1217.0207 766.65835 973.80259 1510.7259 798.78759 84.87193 112.30147 0 308 304 121 265 306 328 271
906.35213 1476.6003 466.74885 42.76335 588.82051 521.06923 502.09616 817.0823 1038.3555 653.71935 1126.4557 1818.7902 1228.251 0 283 315 237 15.668855 279 267
1191.2957 1261.208 363.52776 1263.0246 68.38795 425.14694 480.11745 507.59264 34.999622 623.66623 1052.4594 1449.2923 1361.3334 1081.1509 0 296 88 272 52 231
1133.2286 106.29934 1011.8406 1322.9544 612.20082 1065.0934 843.94715 1167.4753 872.35088 806.776 95.865966 50.595622 119.43209 1309.7913 1289.3862 0 249 311 273 291
521.59868 815.34033 202.5318 637.30415 0.49282473 287.24946 294.18014 314.13151 90.07056 324.8917 620.47233 851.61583 785.23483 597.72752 70.675924 644.0579 0 237 101 200
812.20191 1641.8199 479.36203 50.920544 572.57405 588.46344 507.31782 895.35272 912.93975 595.81486 1087.7347 1814.6371 1328.6035 6.9993978 959.68497 1278.4868 580.82093 0 267 272
996.07573 1048.5046 411.50307 1046.4667 85.127144 495.90539 590.10682 487.89773 4.6578684 586.44625 884.06234 986.16712 1482.6247 926.67267 31.806407 875.41565 87.492294 821.9427 0 232
1065.2298 1081.6206 258.44275 858.93316 336.22407 105.84866 516.58777 4.2556824 571.98119 623.93803 1179.0937 1564.3078 948.03105 840.18011 553.01817 1128.5461 349.92464 888.6621 548.66082 0
