1
20 20 1
0 261 250 262 227 232 115 281 273 92 257 259 232 251 260 249 227 253 280 271
831.45411 0 263 296 220 259 233 330 275 236 126 133 112 262 259 105 222 275 288 306
690.72557 822.79479 0 197 165 144 175 175 200 186 261 222 236 223 196 211 166 230 202 168
762.11488 1097.5355 341.71571 0 218 212 199 223 265 173 258 278 255 71 251 264 217 73 254 218
510.77038 486.03094 230.48536 460.02878 0 183 188 205 112 189 237 220 246 232 95 220 1.6288066 225 107 205
546.01472 769.2613 177.76838 406.0462 292.84111 0 176 129 198 186 251 247 261 230 195 218 184 242 198 124
111.02028 563.43228 274.0105 358.66817 307.5997 267.28647 0 196 234 99 245 228 239 201 222 214 189 216 236 197
895.7695 1671.7734 282.0317 487.35698 388.84775 136.45171 349.37077 0 231 243 273 283 282 234 231 267 205 257 235 9.6614044
827.59679 915.48066 370.99144 729.86434 104.16012 367.50309 537.41537 559.49317 0 226 252 246 288 292 51 249 115 302 9.0449112 227
76.597649 603.51603 308.25098 261.73702 328.98864 306.83448 84.656141 560.84496 491.21488 0 244 225 223 194 207 219 186 196 226 230
736.64878 136.18836 698.51496 757.08712 556.56269 687.4278 617.18344 803.01279 650.99711 631.66922 0 128 106 271 245 105 241 295 251 264
800.20231 147.45833 485.42269 896.00584 494.84929 683.91217 529.47261 919.25977 647.1571 533.74662 139.47171 0 126 305 245 79 220 303 255 268
593.41119 109.8384 619.28082 745.42591 664.22153 796.86431 611.25947 1026.1391 1080.804 539.92889 98.559879 139.10391 0 232 285 94 249 236 285 275
695.78996 832.94282 487.81844 50.91758 536.85388 531.63846 399.38583 594.64017 1031.4399 361.38777 874.19664 1291.9723 589.20299 0 273 266 233 13.142401 279 235
708.8873 814.68201 348.71985 617.18302 77.867116 339.59208 447.06459 527.01476 31.033068 396.46636 604.50295 633.56338 1017.3002 862.95882 0 255 95 271 52 217
709.07742 102.27681 456.22763 787.39948 510.02685 494.76872 453.89326 869.64182 665.5363 505.89484 104.0402 59.728849 83.913671 879.17823 705.85853 0 225 279 255 256
507.66705 497.21828 233.17478 449.66629 0.67234036 294.80079 314.46453 386.54995 107.73209 317.34592 583.86775 503.58356 692.7886 542.74056 77.497443 539.54775 0 228 109 204
699.01435 953.93425 542.36129 53.421827 499.74555 609.65775 463.31293 750.62515 1143.0849 372.3568 1112.3053 1327.5643 633.82587 6.1004895 888.51955 1000.5964 510.04438 0 288 257
855.55238 1052.8415 378.1672 658.8294 94.968385 370.98741 540.6521 579.7904 4.0140776 494.94856 646.78729 698.11194 1039.4682 911.53723 31.341487 705.36776 98.217921 995.62247 0 228
813.85737 1362.4429 251.21252 454.49732 381.69951 126.30357 346.50584 4.2616752 522.74594 501.09253 737.06497 808.30939 937.05157 595.7125 444.86525 786.08088 376.38325 740.26622 530.22849 0
