1
20 20 1
0 249 248 278 262 240 131 289 303 100 234 283 250 282 257 265 257 281 304 283
731.92457 0 175 224 214 210 211 256 245 208 85 100 93 241 215 98 214 254 246 252
645.2564 281.66892 0 214 172 173 207 195 210 219 205 220 222 239 184 224 172 237 219 199
840.09818 501.35061 430.20639 0 228 239 224 246 266 244 241 235 246 67 225 245 233 73 268 250
777.89609 454.05381 260.04459 467.22072 0 187 208 217 113 225 210 230 223 235 85 257 1.1973884 242 113 226
621.28221 417.3798 267.83805 560.35277 298.23414 0 204 118 214 225 227 272 253 253 186 285 187 260 234 118
142.50326 424.09437 399.1246 453.5125 385.8418 382.23761 0 219 256 110 215 227 237 219 225 241 210 216 268 227
1112.2375 752.58452 345.20169 580.12424 438.3017 116.93302 476.89405 0 219 223 232 291 290 276 214 304 217 292 228 11.023314
1324.186 658.87481 431.00432 758.54991 103.4481 443.48041 663.74044 451.76969 0 247 254 258 288 280 40.316788 272 112 292 8.4677563 223
85.526708 426.39981 502.02441 606.51041 494.37359 510.22477 103.18895 536.48348 697.4281 0 229 240 242 256 224 247 226 249 258 231
575.31215 64.04024 394.60036 551.22079 389.671 492.50003 425.35002 539.41502 672.25092 513.38742 0 95 83 248 226 101 206 261 250 224
945.65995 81.515159 473.20983 517.34405 481.61968 794.54439 485.45563 927.1479 698.63611 610.0556 74.459556 0 110 260 230 82 229 265 259 288
706.78554 73.021294 487.81866 575.93957 489.32609 642.59416 548.55023 1014.6282 976.25187 626.61973 60.891628 95.446389 0 251 251 108 220 273 288 286
915.77046 642.24336 571.54982 42.025978 519.20293 659.84535 445.86638 809.08291 857.78028 715.51138 618.02292 718.56291 658.69985 0 239 263 242 13.434454 276 274
806.09021 455.68566 308.66441 460.92473 64.364195 305.26275 488.8428 424.52524 22.102731 550.06804 473.74405 482.44967 630.75117 550.5021 0 241 84 241 42.128555 218
946.5119 80.529032 503.45328 619.20189 666.86737 958.18181 587.62462 1145.1721 884.93329 670.19024 85.090881 59.398925 93.751958 737.45508 595.43641 0 254 268 273 301
736.23712 453.00383 262.02369 491.56797 0.47998454 297.65101 394.67152 437.39038 102.42057 500.83726 369.84707 475.30863 467.83998 555.76415 63.667347 639.48697 0 249 113 226
930.58282 748.4578 578.17683 48.900986 564.31691 728.57053 430.43941 957.14201 1005.4202 653.70535 724.17813 762.81086 815.12708 5.5782807 580.63908 793.46848 605.97173 0 292 290
1374.0233 663.83574 476.5998 771.86588 104.78335 548.20522 754.87282 513.09943 3.5743025 787.84684 648.41478 677.8042 965.16503 871.79938 23.482728 879.23666 103.73385 1039.864 0 235
1064.0728 726.19898 363.52437 611.60478 482.0875 117.39914 517.42078 4.6913147 489.93987 578.37012 498.9166 912.89284 923.1569 815.7986 450.52246 1153.3937 481.04689 965.20001 577.14373 0
