1
20 20 1
0 290 277 320 293 270 120 292 334 109 247 291 266 303 279 256 285 309 340 299
1118.1621 0 248 320 277 267 226 292 317 289 89 114 99 344 300 101 278 338 319 299
831.42774 663.76171 0 286 175 159 224 172 209 239 228 285 274 298 216 266 173 285 203 171
1604.6801 1332.4209 944.05012 0 268 265 228 296 280 270 282 316 328 64 263 343 258 64 291 301
1122.3304 888.71164 268.45576 882.42109 0 171 234 208 107 245 248 249 268 278 87 279 1.9850771 280 113 199
770.42598 798.25902 217.30018 845.76655 251.03125 0 197 121 206 236 244 263 275 293 204 268 171 304 222 115
117.42355 520.58459 513.5147 528.37994 589.63599 356.71014 0 245 259 94 203 224 241 230 244 219 232 248 269 248
1012.0585 982.82626 263.45658 1084.1467 392.277 122.0412 646.18783 0 266 257 258 280 311 309 244 324 211 308 264 10.783676
1636.7683 1338.3116 402.96577 988.3998 94.987107 406.34013 790.49125 747.98449 0 282 286 302 304 335 51 297 105 326 12.856697 254
96.78591 1028.4192 586.34301 869.10004 650.06685 577.67451 75.139815 744.20275 933.11354 0 241 267 283 274 236 254 247 285 293 264
629.49145 66.98864 493.92135 968.02516 620.10458 596.10408 372.05093 699.91214 886.1752 575.81907 0 96 79 291 257 85 251 296 282 266
1007.6848 103.68582 863.62432 1266.1636 631.81489 720.13629 478.09252 838.03334 1084.944 813.95299 75.768586 0 100 315 285 79 250 332 309 288
805.42896 79.793994 802.93398 1521.9182 781.52059 882.29312 563.8549 1249.0776 1116.0762 955.37197 55.060351 79.919216 0 330 259 91 265 326 304 312
1298.692 1787.479 1086.5588 41.373258 1000.3496 1105.0187 562.67011 1173.0076 1569.9826 927.43049 1161.6882 1329.0017 1655.006 0 287 330 269 15.668855 332 318
1005.0614 1240.2633 448.4541 811.92597 66.150538 392.37953 693.98395 622.19563 29.838917 574.63089 753.19711 1047.945 759.68327 1084.7147 0 290 88 288 51 233
716.91231 81.976119 755.05068 1701.818 862.31946 751.29679 452.91878 1280.4014 1024.0973 695.34137 61.695926 54.712238 68.798718 1648.6745 1084.9831 0 284 331 307 321
1028.5934 889.05881 260.0736 795.63262 0.78703775 248.70492 578.18512 404.90991 92.926864 654.86709 630.68425 627.82812 755.96446 915.04045 66.643412 884.7187 0 272 113 202
1367.4754 1677.5979 944.80619 40.844218 954.16774 1198.8429 680.49581 1104.0199 1397.3486 1041.6926 1248.5523 1523.237 1546.7091 7.1243652 1051.5012 1592.2286 878.17002 0 323 314
1763.1843 1320.8206 385.4286 1102.9098 105.92702 489.48308 910.10571 728.67411 5.7333238 1065.1178 881.73504 1167.8344 1101.4398 1605.4782 29.936565 1161.5443 105.14622 1403.6175 0 259
1079.0019 1022.7387 253.56633 1128.109 348.27942 111.41892 664.81378 4.7184838 665.52751 798.86348 753.26584 885.52056 1257.4113 1280.8946 554.765 1230.3673 362.78803 1173.8709 689.67318 0
