1
20 20 1
0 279 310 181 332 282 294 93 101 63 172 279 89 290 287 311 253 10.319917 269 281
928.22545 0 319 256 391 293 321 245 251 269 224 88 236 321 61 312 294 286 301 304
1373.0117 1504.2958 0 291 295 184 199 311 315 287 279 313 268 197 319 197 86 324 196 198
298.30117 712.78078 1080.9282 0 381 236 256 187 193 183 19.954266 256 172 238 261 262 261 174 250 255
1512.036 2969.6877 1015.6526 2300.2881 0 275 330 330 335 312 346 408 351 297 422 278 284 329 266 277
903.88697 1038.9388 294.37286 571.74877 836.15389 0 135 240 272 243 229 273 254 133 258 56 143 287 47 55
1099.4602 1508.9011 354.78649 694.05104 1483.8024 149.27373 0 259 325 267 257 282 277 69 296 150 161 310 146 161
74.473233 658.62377 1295.5897 298.187 1481.0577 559.32222 758.16852 0 55 104 176 253 30.970064 262 259 275 261 97 255 256
85.944402 729.22595 1383.2102 343.68837 1556.5688 857.04524 1436.1252 33.176477 0 106 186 281 48 319 286 322 287 103 288 298
39.960437 830.26323 1045.141 295.9657 1313.1901 588.4518 798.71272 90.690432 93.670718 0 185 255 97 254 267 270 243 67 243 255
265.68561 512.27655 927.15894 9.4045915 1699.5263 521.7343 715.77779 263.03894 316.99897 305.17264 0 231 165 241 240 251 247 172 243 246
909.53779 68.060504 1366.923 688.37927 3168.2503 879.29454 1050.2867 694.94204 934.2304 721.86588 537.31976 0 244 274 70 297 268 283 296 283
69.008679 622.63936 829.39022 258.67499 1669.9457 651.82938 877.94352 15.83689 27.68701 80.226991 238.51474 621.49468 0 266 263 288 270 92 265 276
1048.511 1476.7024 358.154 590.00043 1075.9371 146.543 46.74178 764.65644 1414.22 710.50695 597.20146 979.25239 781.5206 0 285 152 155 294 151 164
992.73811 38.346183 1602.4426 757.63476 3656.2358 747.62449 1218.7091 756.98686 966.91104 819.27706 626.48448 47.980352 785.05082 1090.7482 0 295 295 300 283 283
1267.1147 1219.8947 362.12063 746.29678 881.01781 32.915009 186.03988 833.55423 1453.8012 833.99549 671.71721 1076.4571 961.27439 198.95617 1102.4483 0 156 312 21.787983 28.993868
759.35447 1171.7787 66.401915 786.27245 1024.1622 175.26977 232.55881 756.80681 1037.0527 662.86144 651.77009 903.87442 820.40463 207.61181 1174.8572 210.89887 0 263 159 161
4.3923777 980.16632 1474.6078 269.95939 1398.6841 932.72484 1155.0396 79.91582 89.415509 43.887047 258.34204 939.06335 73.236168 1042.4385 1124.7906 1237.3207 837.04186 0 276 296
814.52934 1101.7768 348.84463 652.36688 773.88036 25.722599 176.06182 652.12241 1030.3821 611.53949 605.54286 1043.5311 743.67335 192.35793 973.28483 9.8479801 216.1167 873.70349 0 17.10876
953.66407 1167.0984 361.66188 702.1247 917.26653 31.86801 213.4877 659.70562 1135.1463 700.48749 646.84028 950.20208 829.18412 229.78805 1002.1193 13.669866 227.19304 1070.9747 7.2733171 0
