1
20 20 1
0 309 330 216 375 404 315 102 114 59 217 319 96 315 279 416 312 9.8761023 406 420
1414.1318 0 328 250 311 304 377 311 314 335 254 74 315 361 57 312 333 314 334 300
1800.4965 2122.9391 0 281 337 159 205 427 365 338 308 308 387 189 302 185 80 341 181 175
460.7773 714.05416 1053.5905 0 288 270 318 190 194 184 18.680986 243 188 265 226 263 316 217 247 260
3070.7326 1458.7568 1997.4797 977.30216 0 252 331 345 354 364 296 312 340 257 270 256 287 386 234 232
3495.1051 1361.6371 222.05577 952.67751 717.80896 0 169 430 411 408 271 293 387 147 246 55 159 404 51 51
1591.8628 3086.4213 424.65524 1509.2693 1696.8084 260.27619 0 394 401 328 341 389 386 73 355 184 190 324 171 167
96.597182 1432.4885 4604.5134 331.50138 1731.7735 4022.405 3058.2073 0 65 86 199 327 32.361806 367 275 459 467 104 418 457
116.50277 1351.7088 2394.1958 344.37672 2017.664 3177.9688 3195.5962 46.393357 0 104 203 326 58 375 268 447 372 118 402 424
40.377861 1599.7373 1811.1424 294.55825 2161.3973 3018.0469 1592.3695 70.674433 98.723892 0 191 356 80 292 307 420 340 58 409 430
464.35665 759.8213 1412.1719 8.6728545 1064.3291 978.35843 1854.6432 367.04005 385.83277 323.25459 0 257 189 274 241 279 314 218 260 271
1392.4793 51.070396 1501.5297 671.91976 1377.0357 1159.4231 2772.7749 1570.8255 1544.6031 1794.8961 764.88172 0 298 344 63 303 319 333 308 283
86.804016 1429.9827 3265.7058 318.92355 1720.1326 2892.6594 2686.3571 17.536522 38.819939 63.000722 322.58939 1109.6555 0 326 271 414 405 103 390 408
1465.2216 2728.2205 340.84563 852.48664 801.1145 190.3856 53.428091 2447.0896 2460.2885 1093.5628 904.39739 1965.4501 1517.8255 0 299 171 165 335 157 159
1004.3557 33.66558 1450.6904 536.84026 888.21569 704.63277 2098.3603 942.4042 846.77705 1195.7018 645.57087 39.595817 867.73621 1298.194 0 276 294 294 297 265
3564.8013 1484.0325 317.53782 830.24738 690.41615 34.86833 314.77336 5121.0627 4069.2492 3036.7929 953.15967 1157.1002 3529.0974 255.696 931.71516 0 168 409 28.363566 25.976436
1381.985 2111.7042 62.392821 1399.6805 1029.8905 216.93747 333.14779 5354.9953 2316.6576 1648.1115 1425.8883 1570.9457 3351.0556 237.19599 1276.4876 239.25366 0 323 170 154
4.7201907 1543.251 2172.0976 470.60285 3466.4718 3686.4208 1784.7144 100.43256 124.812 39.555616 478.87207 1578.6668 96.84211 1847.6139 1146.4537 3537.5438 1651.844 0 406 422
3156.5367 1752.7011 302.74669 689.04963 577.39445 31.301714 263.07564 3650.1633 2903.3366 2721.9189 765.49688 1188.9911 2890.2274 216.01175 1135.4772 14.259272 248.70846 3268.193 0 16.73683
3561.3095 1340.5397 281.09942 822.15671 562.46116 31.244959 248.62484 4700.8135 3295.8293 3194.5906 890.85481 985.74821 3221.4049 216.74326 855.74503 12.576388 201.36049 3752.9098 7.6832808 0
