1
20 20 1
0 333 204 284 243 252 130 281 274 87 282 308 277 250 284 282 250 262 259 283
1794.9871 0 231 287 284 262 236 330 314 229 115 108 114 286 271 110 297 301 302 320
423.07664 593.46262 0 210 171 127 146 141 156 188 229 260 213 205 171 240 173 213 155 146
1029.9893 1005.6764 438.27748 0 246 226 240 252 263 242 303 300 301 70 282 357 249 75 255 245
710.41525 1032.989 265.85386 689.33228 0 184 172 215 101 187 249 299 229 232 93 280 2.527993 248 99 215
704.15953 799.46931 144.44709 535.18113 336.93014 0 169 101 197 207 233 307 253 243 194 294 187 258 191 102
141.13284 562.31682 179.45142 588.52587 262.35017 248.36 0 205 218 89 241 264 228 204 199 260 172 202 205 202
1069.5706 1779.3496 178.26048 748.51793 474.06267 85.97554 386.78514 0 207 218 306 363 325 270 193 357 211 278 200 11.023314
969.7135 1319.6581 219.58863 775.79606 88.438954 370.00037 444.97749 427.78824 0 219 257 310 247 259 54 330 102 267 8.1035948 204
68.237305 577.18318 323.2894 609.0495 338.13629 409.08683 69.918178 487.81052 501.63254 0 258 249 233 218 213 240 193 229 211 208
1081.9078 111.38344 603.73727 1285.4584 757.13617 639.12148 601.72595 1491.0789 811.43353 830.27283 0 125 96 294 264 117 250 301 248 308
1380.034 100.98312 776.02303 1208.0632 1097.3501 1221.3578 763.57701 2038.2257 1260.0504 711.64026 130.52585 0 115 286 296 81 302 313 298 352
961.49985 106.38349 435.07776 1120.2419 540.83758 677.58244 500.50845 1395.7662 632.94797 568.24167 81.351575 112.03535 0 275 239 105 231 297 236 319
673.91778 1040.1566 415.69019 48.236363 599.27632 694.12051 383.39157 970.36266 726.51352 473.43529 1161.1466 1086.7876 1005.8371 0 275 323 235 17.877598 255 261
1096.6282 850.98029 266.59099 887.83499 76.312286 349.93039 380.79611 353.1592 33.130667 476.52645 858.54868 1106.5396 631.83854 881.2875 0 329 94 276 52 194
1047.4918 103.3771 677.31302 2068.3274 1057.3392 1216.4424 740.60987 2394.6938 1650.0207 669.39819 119.57116 60.856957 93.119129 1542.153 1639.7545 0 283 343 329 366
751.82586 1154.7162 274.48382 705.97795 1.0469876 344.64241 264.87602 450.17456 90.315589 364.24944 763.60825 1136.8472 556.37607 619.43968 77.558034 1104.4362 0 251 100 211
792.66133 1127.9782 452.15806 53.473093 698.35754 747.97871 382.21108 987.17508 796.42548 549.44191 1239.4023 1374.1991 1162.1679 8.2578693 855.53434 1782.4682 720.19065 0 263 272
837.26905 1223.4466 213.51469 719.54381 85.318859 346.54364 387.87518 393.37413 3.3320637 457.08071 743.77068 1156.4079 583.89784 709.33037 31.713663 1639.2174 87.139733 783.46933 0 197
1039.3333 1594.164 193.31358 679.67093 480.84823 87.584694 375.44938 4.6275675 416.15347 440.1011 1492.9952 1824.9585 1350.9446 880.40134 362.1592 2506.4512 456.31566 921.72842 380.77648 0
