40 32 8536.7537 1.11096404744
39 32 8536.7537 1.11096404744
38 32 8536.7537 1.11096404744
37 32 8536.7537 1.11096404744
36 32 8536.7537 1.11096404744
35 32 8536.7537 1.11096404744
34 33 8538.1592 1.11096404744
33 32 11477.5446 1.06096404744
32 32 11477.5446 1.04209185989
31 31 17692.5293 1.04209185989
30 30 21553.1753 1.14209185989
29 28 30401.0506 1.10434748478
28 28 30401.0506 1.20434748478
27 27 40408.1386 1.20434748478
26 26 43706.0367 1.1634606842
25 25 44419.6567 1.13233287175
24 24 50212.1361 1.03709858638
23 23 55081.8861 1.13709858638
22 22 71121.4861 1.03709858638
21 21 68567.9461 1.11829951998
20 20 71534.1147 1.0
19 19 74924.764 1.05
18 18 78241.1874 1.1
17 17 81329.05 1.15
16 16 84706.1142 1.2
15 15 86612.7737 1.26887218755
14 14 88766.5198 1.31887218755
13 13 91255.4547 1.36887218755
12 12 96066.1655 1.41887218755
11 11 99122.8204 1.48774437511
10 10 102984.5413 1.55661656266
9 9 106295.9615 1.62548875022
8 8 112321.02 1.70661656266
7 7 116152.39 1.77548875022
6 6 120903.74 1.89685757452
5 5 127596.43 2.04685757452
4 4 133628.8 2.16822639883
3 3 138743.6 2.39121851229
2 2 149955.0 2.66457682045
1 1 166792.0 3.16096404744
