75
8 8 1
0 8.9 16.8 16.8 20.8 38 41 58.5
0.58730796 0 14.5 15.5 20.8 37.5 41.9 59.6
1.2268448 1.0279313 0 17.7 21.6 37.2 41.9 59.7
1.2222247 1.0969455 1.3025352 0 17.4 37.6 42.3 63.5
1.5818002 1.5776186 1.6609853 1.2569895 0 37.8 40.6 60.7
3.8250064 3.7182723 3.6539216 3.7141535 3.74271 0 44.5 60.6
4.2947056 4.4351902 4.4065822 4.4243508 4.1788405 4.8387509 0 61.5
7.9862454 8.2239651 8.3053054 9.161143 8.5241998 8.692249 8.8557516 0
8 8 2
0 7.7 12.5 15.3 17.1 31.3 42.2 78.1
0.58075224 0 11.5 12.9 15.6 31.6 40.9 76.7
1.0004776 0.90713643 0 13.4 16.7 31.3 39.3 77.9
1.2620362 1.0344442 1.0827158 0 13.9 31.9 39.3 76.8
1.450199 1.2961201 1.4114947 1.1258213 0 30.8 39.8 78.6
3.3351088 3.3665884 3.3209789 3.3938814 3.2206072 0 40.7 75.7
5.1496226 4.9126339 4.65353 4.6123772 4.7068944 4.958267 0 77.6
16.830544 16.277732 16.67456 16.000835 16.986339 15.937801 16.590857 0
8 8 3
0 7.9 11.4 14.4 16.3 26.8 31.4 44.7
0.55258841 0 11.3 13.5 14.7 26.9 31.6 43.6
0.83146057 0.82287908 0 14.7 16.2 27.2 32 45.1
1.0850149 1.0023377 1.1084748 0 14.2 29.2 32.7 45.9
1.2579145 1.109046 1.2483618 1.0609618 0 29.1 32 47.2
2.4643612 2.4800606 2.5146045 2.7355936 2.7154967 0 35.5 41.5
3.0844559 3.1017774 3.1581522 3.242405 3.1106256 3.7195636 0 39.9
5.4660763 5.2021793 5.5102754 5.6093966 5.8130028 4.88012 4.5258905 0
8 8 4
0 8.7 12.3 14.6 17.1 32.2 35.3 52.6
0.96806309 0 11.5 13.6 15.9 32 32.7 54.1
1.4245962 1.3172384 0 13.2 16.9 31.3 34.1 53.1
1.7519255 1.6034157 1.5461677 0 14 32 34.2 51
2.1120719 1.9339853 2.0686324 1.6663046 0 29.6 34.4 55.7
5.01897 4.9520576 4.8195204 4.964625 4.4082493 0 33.3 48.1
5.7677448 5.1579993 5.4524929 5.4756135 5.5170088 5.3221275 0 49.1
11.500224 12.096371 11.727418 10.937468 12.597464 10.01779 10.174469 0
8 8 5
0 9 16.3 16.7 17.3 59.5 55.7 82.8
1.1412879 0 17.8 15.7 17.4 61.4 58.2 79.7
2.3043734 2.5514214 0 18.2 21.5 57.9 58 83.1
2.352876 2.1881353 2.6314948 0 17.6 65.2 60.7 86.2
2.45652 2.4618875 3.2399274 2.4969618 0 58.4 55.9 81.9
16.218503 17.118176 15.382424 19.282305 15.422425 0 60.6 81.5
14.220634 15.422918 15.064401 16.440224 14.11549 16.312232 0 83.3
32.462474 30.167852 33.316328 35.740808 31.568425 31.091592 32.001513 0
8 8 6
0 9.9 16.8 21.1 22.9 52 59.7 118.7
2.6072968 0 14.2 18.9 19.7 52 62.3 112.7
4.8710826 3.944866 0 16.4 23.7 51.8 60.9 129.9
6.3496068 5.5046474 4.6725015 0 14.5 52.2 58.9 130
7.0286108 5.7921683 7.4325986 3.9701112 0 58.9 60.1 128.6
25.938248 25.778979 25.928555 25.660777 31.67223 0 67.3 112
33.520341 36.379634 34.915229 32.784352 33.507543 41.298167 0 96.9
166.89163 148.55983 212.24249 214.90918 198.7445 141.14189 96.134242 0
8 8 7
0 8.2 12.8 14 15.1 28.1 28 43.2
0.98556604 0 10.6 13.6 15.1 27.7 27.8 43
1.6330592 1.3259613 0 13.6 15.2 28.4 28.9 43.5
1.8145654 1.7499746 1.7539936 0 13.1 30.1 29.2 45.3
1.970508 1.9623549 1.9851293 1.6797923 0 26.9 29.8 47.5
4.4998487 4.4264128 4.5578307 4.9433053 4.1870119 0 32.4 47.7
4.5138274 4.4701547 4.7097862 4.7232086 4.8269217 5.5790318 0 37.4
8.8843488 8.8157366 8.967566 9.4612559 9.9963084 10.428811 7.1155395 0
8 8 8
0 8.1 12.2 17.3 15.8 31.1 37 47.7
1.0204414 0 10.7 15.3 13.6 31.8 37.1 47.6
1.6146481 1.3924428 0 14.5 14.6 32.7 37.5 45.7
2.4145264 2.0762783 1.9741631 0 14 32.8 36.8 49.1
2.175331 1.8178094 1.9940156 1.8805706 0 29.8 35.3 44.2
5.4128075 5.5844616 5.8814164 5.7502833 5.103377 0 37.2 47.4
7.025329 7.0313336 7.2026925 6.9064612 6.5488328 7.0449925 0 48.9
10.790725 10.747407 10.158406 11.238567 9.5713101 10.885758 11.183964 0
8 8 9
0 10.8 16.2 18 19.9 53.7 57.6 95
0.68279873 0 15.1 16.2 18 54.5 55.8 94.4
1.1083412 1.0093544 0 18.2 19.6 57 57.6 100.1
1.2520913 1.1007518 1.2666714 0 18.2 55.5 57.3 95.9
1.4190214 1.2536262 1.3912108 1.2736325 0 56.7 57.4 101.5
6.531298 6.6667178 7.2330274 6.869341 7.0968465 0 62 89.5
7.2158026 6.7796043 7.1710004 7.1089917 7.1147779 8.2698815 0 86.5
21.784174 21.607746 24.306235 22.175008 25.377173 18.629875 16.959266 0
8 8 10
0 8 13.4 14.8 16.9 32 34 58
0.55798654 0 12.4 13.9 15.4 32 35 60
0.9949356 0.90761728 0 15.7 17.3 31.8 35.6 60.8
1.1158983 1.0407725 1.19452 0 13.6 31.5 34.3 59.2
1.3020293 1.1757499 1.3467232 1.0041288 0 32.4 36 58.9
3.1479269 3.1367152 3.1275796 3.0593334 3.1815927 0 37.3 57.8
3.4268384 3.5786971 3.6746078 3.4607418 3.7004362 3.9280323 0 58.2
8.614972 9.1108519 9.3843907 8.8627152 8.7196691 8.5574317 8.611032 0
8 8 11
0 7.2 11.3 12.9 13.1 25.1 33.5 41.6
0.3600749 0 10.1 11.9 12.3 24.8 33.3 41.8
0.59308105 0.52024945 0 12.8 13.2 26.7 32.7 43.5
0.68657462 0.62419164 0.68394386 0 12.1 25.6 33 43.1
0.70324031 0.6535388 0.70619899 0.63665078 0 24.6 33.9 41.8
1.6234539 1.5994763 1.7589324 1.6586481 1.5745503 0 35.4 41
2.3456174 2.3218101 2.2730849 2.290443 2.3949579 2.5420573 0 53.1
3.5104459 3.5328793 3.7449565 3.6871891 3.51866 3.4767538 5.007216 0
8 8 12
0 7.7 11.6 13.7 15.3 33.9 30.3 67.5
1.5505622 0 9.6 11.2 13 35 30.5 66.4
2.4396782 1.9613877 0 12.3 13.9 36 34 69.2
2.9835545 2.3533232 2.6200094 0 11.6 34.4 32.7 67.8
3.4093158 2.7966567 3.0222496 2.4221678 0 34.1 30.8 69
9.8607847 10.38307 10.744501 10.044747 9.9357104 0 35.5 62.4
8.4867352 8.6003307 9.9233108 9.4818734 8.7393656 10.769055 0 70
34.59984 33.322482 36.144857 33.932859 35.987324 28.950059 36.47343 0
8 8 13
0 8.8 13.1 16 19.2 32.3 41.2 48.7
0.50273159 0 10.7 14.2 15.8 31.2 40.3 47.8
0.79103093 0.63080465 0 15.3 17.1 31.3 39.4 51.2
1.00375 0.8704781 0.95456914 0 14.4 32 39.3 49
1.2686071 0.99828297 1.0989632 0.89078514 0 30.8 39.2 49.6
2.6097734 2.4779682 2.5114436 2.5852044 2.4462727 0 43.8 46.9
3.6072106 3.4937263 3.4028443 3.3598801 3.3477292 3.9851915 0 61.6
5.0837404 4.9451046 5.5481572 5.1258882 5.2404257 4.8357927 7.4494848 0
8 8 14
0 11.5 15.7 20.5 21 56.9 61.7 110.6
0.9104912 0 13.1 17.9 20.2 54.2 63.2 106
1.3059444 1.0556079 0 20.1 21.3 55.1 62.5 109
1.8116922 1.5253634 1.7767153 0 20.3 53 61.7 111.3
1.8698544 1.7770793 1.9076149 1.7836641 0 52.3 61 103.6
8.7774792 8.1185097 8.2979173 7.7073274 7.6076179 0 63.3 107.6
10.181428 10.617114 10.512205 10.154964 9.9623347 10.581229 0 120.7
40.51239 36.637946 38.98772 41.233006 35.123164 37.550883 49.945057 0
8 8 15
0 8.4 10.9 13.3 12.9 20.9 22.2 26.7
0.42280571 0 9.5 11.3 12.7 21.2 21.3 26.5
0.56920294 0.48997931 0 11.9 13.4 21.3 22.4 25.7
0.71040691 0.58890421 0.62827882 0 10.8 20.7 21.7 25.7
0.68704046 0.67458619 0.72147314 0.5622783 0 19.3 21.2 26.3
1.2650747 1.2888993 1.3036484 1.2507255 1.1464361 0 22.8 25.6
1.3499784 1.2801358 1.3705469 1.3097443 1.276315 1.4065456 0 26
1.7616626 1.7464108 1.6768342 1.6800621 1.7265345 1.6868277 1.7018015 0
8 8 16
0 9.8 16 18.5 20.5 38.8 44.7 69.5
0.91372537 0 13.4 18.2 18.5 38.7 43.1 69.3
1.6114806 1.3030107 0 18.5 19 37.6 44.3 71.1
1.9195557 1.881472 1.9211568 0 18.8 39.3 46.1 69.1
2.1818147 1.9270738 1.9868445 1.9551098 0 37.4 43.1 69.7
5.5012964 5.509358 5.3024199 5.6504814 5.2267099 0 39.3 67.2
6.8933584 6.5382847 6.8058019 7.246912 6.5484885 5.6558398 0 68.2
16.009309 15.946916 16.843684 15.896341 16.195079 15.296269 15.557787 0
8 8 17
0 9.4 15.4 16.8 18.1 34.9 39.9 62.1
0.43443288 0 12.5 14.5 15.9 33.1 39.1 63.2
0.7694022 0.59875612 0 15.8 18.4 33.9 38.4 64.2
0.84977917 0.71335193 0.79157459 0 15.5 34.2 39.1 61.8
0.93507767 0.79672137 0.95210204 0.7731658 0 33.7 39 61.9
2.3572389 2.180122 2.2596975 2.2830249 2.2375626 0 40.3 62.2
2.8353426 2.7471325 2.6837223 2.7538912 2.7185967 2.8884731 0 59.3
6.3984203 6.6038798 6.7920532 6.318894 6.3116587 6.5489341 5.775826 0
8 8 18
0 8.8 16.7 19.9 22.2 61 56.1 83.7
1.4350532 0 12.7 17 19.5 57.3 54.4 84.4
3.0150254 2.191709 0 18.4 22.1 58.6 57.2 83
3.7596274 3.0863712 3.4083364 0 18.9 60.4 57.2 83
4.3196784 3.6707509 4.3226836 3.476819 0 60.2 56.4 87.5
21.837544 19.651087 20.338011 21.273655 21.106686 0 60.1 70.8
18.686282 17.897778 19.495813 19.391868 18.723185 21.312733 0 74.2
43.527826 44.298234 42.134952 42.401111 47.197691 31.278588 33.259665 0
8 8 19
0 7.6 11.7 15.3 15.4 32.2 34.2 49.2
0.73519446 0 12.2 15.4 16.1 32.8 35.4 51
1.1921475 1.2494985 0 15 15.1 31 35.5 50.1
1.6335484 1.6396703 1.5870644 0 14.8 30.5 37.6 49.5
1.6584006 1.7312821 1.6153521 1.5627976 0 31.6 35.4 49.3
4.4614983 4.55421 4.2123854 4.1093922 4.3377641 0 42 50.4
4.8602375 5.1318265 5.160805 5.5729119 5.1044976 6.6108396 0 50.3
8.9088157 9.4958692 9.2155379 9.0901751 9.0191451 9.431835 9.1862302 0
8 8 20
0 8.3 13.1 18.9 21.8 45.4 51 78.3
1.0317907 0 12 16 19 41.2 48.8 80.7
1.727845 1.5501843 0 18.8 20.2 41.9 49.4 80.7
2.6922235 2.1961065 2.6666049 0 20 41.6 46.8 82.4
3.212207 2.7099088 2.9213053 2.8763257 0 41.3 46.1 85.7
9.6672361 8.2299807 8.4279315 8.33655 8.285041 0 49.3 79.9
11.975752 11.00078 11.279534 10.285604 10.020348 11.277405 0 77.5
29.125579 30.947915 30.998079 32.026599 34.594885 31.010862 28.219432 0
8 8 21
0 8.3 13.1 14.2 16.2 26.8 45 62.9
0.67398458 0 12.4 12.7 14.6 27.5 45.3 62.7
1.1380484 1.0543329 0 14.4 16.7 29.6 45.6 62.9
1.2470329 1.0895167 1.2609999 0 14.1 26.8 44 62.7
1.4655675 1.2815636 1.5077218 1.233476 0 26.7 43.9 63.9
2.8420782 2.9343831 3.2431224 2.8401833 2.8385286 0 45.3 63.6
6.2112422 6.2298237 6.3123641 5.9583977 5.9751608 6.2795202 0 64.9
11.654377 11.499275 11.596613 11.47947 11.993524 12.067098 12.174109 0
8 8 22
0 9.8 15.6 18.8 23.6 42.6 52.2 78.6
1.5650434 0 12.4 16.2 21 40.7 56 80.6
2.6962616 2.0712637 0 16.4 20.6 41.7 54.4 85.5
3.3580946 2.8085398 2.8608849 0 17.7 41.6 51.9 84.5
4.5175196 3.8720869 3.8024328 3.1152503 0 38.4 55 84.8
11.00409 10.255006 10.619366 10.539191 9.2104539 0 49.8 84.8
15.394916 17.241367 16.433851 15.192907 16.866617 14.021235 0 81.6
35.184255 36.62467 42.077834 41.455469 40.81079 43.194278 38.756899 0
8 8 23
0 7.4 14.2 15.6 16.7 32.4 34.5 73.8
1.9042508 0 13.6 15.3 17.9 37.1 31.5 71
3.9588149 3.7858548 0 16 19.7 36.1 35.1 68.5
4.4260138 4.325613 4.5706339 0 15.6 30 35.8 70.5
4.7915223 5.2063928 5.8845388 4.4195991 0 32.5 32.8 73.9
11.837553 14.396737 13.739207 10.657046 11.761197 0 38.2 75.6
12.879692 11.339655 13.145443 13.54905 11.970565 15.458021 0 81.4
51.932858 47.966811 44.855278 48.394751 52.718374 55.043635 63.766081 0
8 8 24
0 10.1 16.4 17.9 22 46.6 57.9 115.7
0.62908164 0 14 15.5 19.4 46.4 59 117.5
1.1122724 0.91748978 0 16.7 20.3 46.3 60.1 114.9
1.2368748 1.0421345 1.1396852 0 16.8 44.8 58.4 121.5
1.5942979 1.3587376 1.4516311 1.1420343 0 46.6 59.9 123.7
4.9461248 4.9158697 4.8940223 4.6501506 4.8905828 0 53.1 119.2
7.3035952 7.5394243 7.7805894 7.4061131 7.7144899 6.3008585 0 116.2
34.947659 36.411926 34.665766 39.69411 41.567504 39.000956 35.606182 0
8 8 25
0 7.1 13.5 18.8 15.7 35.7 45.7 53.2
0.95855453 0 12.5 17.2 15.6 34.6 44.8 51.6
1.9904243 1.8242988 0 16.9 18.5 35 45 54.4
2.9512059 2.6393059 2.5881805 0 16.8 35.7 46 56.6
2.3739986 2.359811 2.8976441 2.5629444 0 35.1 43.4 54.7
7.2599118 7.001503 7.1146173 7.2735969 7.1237735 0 42.5 48.8
10.519931 10.190767 10.147075 10.529481 9.6213449 9.2452664 0 67.8
14.727589 14.043259 15.370765 16.205146 15.342117 12.875072 21.825682 0
8 8 26
0 9.9 14.3 18.1 19.4 28.5 39.3 46.1
0.78233215 0 11.1 15.8 18.4 28.6 36.8 44.8
1.1961995 0.88634357 0 16.4 19.5 27.9 36.9 46.7
1.5762537 1.3413291 1.4086853 0 17.3 27.3 37.5 49.2
1.7215427 1.6072472 1.7271036 1.4842135 0 30.2 35.5 51.7
2.9545709 2.9501929 2.8818853 2.7715139 3.1581995 0 39.9 42.8
4.7172178 4.2911187 4.2950518 4.3755808 4.0295099 4.8540195 0 50.9
6.3090162 6.0113564 6.5052052 6.9892926 7.5303961 5.6770863 7.37625 0
8 8 27
0 8 15.6 16.1 17.5 37.9 41.7 46
0.68767711 0 13 14.2 17.2 39.9 41.5 48.1
1.4833756 1.2012391 0 13.7 18.5 39.1 39.6 47
1.538789 1.3259231 1.2747221 0 16.5 40.8 40.3 47.9
1.7066673 1.6618833 1.8211745 1.5719165 0 38.3 40.1 45.8
5.1110972 5.5327951 5.3787068 5.6727737 5.1257657 0 37.7 40.2
5.8793987 5.8114596 5.4544511 5.5748245 5.4684364 5.0490279 0 43
7.0516906 7.5580691 7.3091578 7.490311 6.9153813 5.7618408 6.2784729 0
8 8 28
0 10.7 15.6 15 20.7 35.4 42.9 71.4
0.75736984 0 14.3 13.6 18.5 36.3 43.5 69.8
1.1817036 1.0655633 0 15 18.9 34.8 42.9 70.7
1.1151821 0.99263854 1.1146808 0 18.4 36.5 44.3 71
1.6609815 1.4392617 1.4940342 1.4269199 0 36.3 42.6 72.4
3.6471915 3.7579831 3.5553472 3.7615711 3.7322802 0 41.4 70.8
4.835979 4.9247602 4.815361 5.0247435 4.7564819 4.5835893 0 74.8
12.832744 12.304903 12.738045 12.540208 13.05502 12.660417 14.020971 0
8 8 29
0 5 8.2 10.5 11.1 26 25 34.5
0.51777195 0 7.1 9.3 10.1 26.2 25.3 33.4
0.88537665 0.74859634 0 10.3 10.3 24.7 24.9 36
1.144659 1.004386 1.1388155 0 10.3 25.8 25.2 36.8
1.2341729 1.1148617 1.1411967 1.1370001 0 25.6 23.7 37.1
3.601348 3.6417933 3.3928836 3.5626877 3.5479378 0 26.4 39.5
3.3716462 3.427494 3.363061 3.4040158 3.149503 3.7105801 0 33.4
5.5599715 5.3272704 5.9203615 6.1011944 6.1570256 6.868533 5.2100836 0
8 8 30
0 8 12.4 14.7 15.2 23.3 34.2 67.9
1.1960754 0 10.3 11.6 13.3 24.5 32.9 68.7
1.9471134 1.5893889 0 10.2 11.9 25.7 33.9 68
2.3849164 1.8150662 1.5719942 0 11.9 23.7 32.8 70.9
2.4767161 2.1283166 1.8658892 1.8650103 0 23.3 34.4 67.8
4.2864967 4.6029431 4.872636 4.3774665 4.3082186 0 33.2 67.3
7.3623759 7.0071829 7.3027261 6.9479555 7.4836574 7.0378656 0 66.4
24.548341 25.20189 24.567257 26.591065 24.573042 24.112203 23.171228 0
8 8 31
0 7.5 11.9 15.6 15.3 25.4 25.4 38.6
0.27352914 0 11.1 14.2 15.1 25.6 25.1 38.9
0.46512104 0.42760439 0 14.6 15.8 25.2 26.1 38.2
0.63182523 0.5629832 0.5874268 0 14.4 25.7 26.3 38.7
0.61991824 0.6120068 0.64328695 0.57605603 0 23.7 25.3 38.7
1.1981655 1.2042451 1.188896 1.2130616 1.0862119 0 26 37.2
1.1835402 1.1670973 1.2309055 1.2349142 1.1768846 1.2226483 0 40.9
2.2601321 2.2844046 2.2373922 2.2690991 2.2677956 2.1561718 2.4434359 0
8 8 32
0 7.6 11.4 12.6 13.5 23.3 29.3 58.5
0.66139265 0 9.9 12.6 12 22.8 29.2 60.4
1.0463359 0.89866861 0 13.3 12.9 23.9 30.1 59.2
1.1735714 1.1741791 1.2577496 0 11.8 25.3 29.6 58.5
1.2713611 1.1141279 1.2150869 1.0935902 0 23.1 29.4 60.6
2.565599 2.488874 2.6577653 2.8525074 2.5259164 0 26.1 53.9
3.472673 3.4639526 3.6298185 3.526059 3.4885036 2.9871711 0 57.5
11.008289 11.61525 11.231123 10.97377 11.778452 9.5079782 10.637478 0
8 8 33
0 10.3 16.1 16.5 20.9 55.6 50.6 73.2
1.1750117 0 13.7 14.2 17.3 53.7 50.3 72.8
2.0000749 1.6465072 0 16.8 19.8 54.8 51.2 77.5
2.0515955 1.7128768 2.090307 0 19.1 52.5 47 77.7
2.7711926 2.198946 2.5936657 2.4600813 0 48.8 49.8 71.4
12.499401 11.777797 12.111456 11.207398 9.9381146 0 60.7 74.1
10.385643 10.307342 10.570496 9.1373476 10.183738 14.21926 0 69.9
21.921029 21.949435 24.789679 24.68194 21.100723 22.711128 19.595694 0
8 8 34
0 6.4 12 13.3 16.1 26.3 27.6 38.5
0.53824281 0 11.6 12.7 16.1 26.7 26.5 38.3
1.0889298 1.0532433 0 16.1 18.4 26.8 29.2 38.7
1.2131511 1.1603348 1.5327784 0 15.9 28.7 29.5 40.4
1.5183383 1.5240148 1.7868159 1.4921878 0 29 29.2 43.1
2.9412862 3.0105163 3.0328829 3.2937337 3.2928481 0 31 37.1
3.1406233 2.9857665 3.3853291 3.4220289 3.326912 3.7271352 0 37.9
5.2275176 5.1837327 5.2914778 5.5752379 6.087423 4.9957724 5.1228678 0
8 8 35
0 11.7 19.2 21.1 21.9 54.4 56.2 84.5
1.400558 0 15 18.1 18.7 55.3 54.7 81.5
2.5445674 1.8894193 0 17.9 22.2 53.5 58.1 82
2.8606402 2.3723162 2.3146868 0 17.5 51.9 58.8 84.7
2.9963968 2.4714624 3.0333823 2.2606051 0 50.4 59.7 77.1
12.207721 12.565105 11.904793 11.275464 10.741894 0 55.4 85
13.169093 12.487571 13.983947 14.056436 14.517044 12.665064 0 76.1
31.178286 28.671398 29.006773 30.888385 25.46978 31.933079 24.793599 0
8 8 36
0 7.5 13.9 13.6 16.9 39.6 45.3 94.7
0.83085973 0 11.4 12.3 16.5 37.3 47.3 95.6
1.6800085 1.3355536 0 14.2 17.6 38 46.7 95.8
1.6394824 1.4479716 1.7259703 0 16.1 38.3 46.7 90.4
2.1342201 2.0651817 2.2272506 2.0038875 0 39 49 92.9
7.0937767 6.5094188 6.6905422 6.7546644 6.9725958 0 49.3 86.7
8.6320255 9.2528829 9.0917263 9.0960466 9.8465493 9.9605273 0 86.6
40.975474 42.394191 42.34934 37.627036 39.087276 34.0549 32.18623 0
8 8 37
0 8.4 13 15.3 15.9 62.8 44.2 71.3
0.49348816 0 12.9 14.3 15.7 62.1 43.9 71.6
0.81033579 0.80045588 0 14.6 13.8 64.1 44.7 72.5
0.97578713 0.9045768 0.92389488 0 13.3 63.6 44.3 75.7
1.0244655 1.0088601 0.86717049 0.82252108 0 62.3 43.2 73.6
8.3203422 8.1608528 8.6859229 8.4972459 8.1589964 0 62.8 79.2
4.404174 4.3657186 4.4701058 4.3846175 4.2287994 8.3349146 0 64.2
10.961082 11.007967 11.32411 12.350607 11.642383 13.652382 8.7158213 0
8 8 38
0 9.5 13.6 15.3 16.7 28.2 30.9 42
0.37743741 0 12.2 14.7 15.3 26.6 29.5 41.8
0.57035495 0.5023121 0 14.9 15.5 28.5 30 41.4
0.65348586 0.62486038 0.63096974 0 15 27.8 31.3 42.1
0.73254443 0.65623748 0.66891324 0.6427144 0 27.4 30.5 39.4
1.4790683 1.3663793 1.5023 1.4564266 1.4209057 0 31.1 39.9
1.6723802 1.5638822 1.5932331 1.6972392 1.6431423 1.6965212 0 34.4
2.7052014 2.6875806 2.655342 2.7185047 2.4619741 2.5312645 1.9688579 0
8 8 39
0 8.6 13.4 17.2 17 37.4 40.9 72.6
0.90660941 0 13.6 15.7 16.1 37.9 40.4 73.4
1.5008272 1.5125259 0 18.1 18.6 39.8 40.2 72
2.0082619 1.7871256 2.1266221 0 14.6 39.3 39.7 71.3
1.9765543 1.8450271 2.2029057 1.6480327 0 41.3 37.2 73.6
5.9930742 6.0855464 6.5459969 6.3871002 6.8878745 0 40.8 71.8
6.8059427 6.6337557 6.6509623 6.4952048 5.8530565 6.8511587 0 73.2
20.211637 20.61574 19.870002 19.482831 20.746824 19.613978 20.500654 0
8 8 40
0 11.3 15.8 18.2 20.3 36.3 57.8 118.4
1.1544001 0 13.7 15.7 18.7 35.4 55.4 118.8
1.7060719 1.430372 0 13.8 16.1 36 56.8 114.9
2.0344506 1.6953714 1.4487148 0 14.9 36.2 56.1 112.6
2.3240496 2.084258 1.7419549 1.5929981 0 34.8 53 116.2
5.3568122 5.1665358 5.2821719 5.3484362 5.0166515 0 58.4 122.8
11.738569 10.843621 11.339412 11.044182 10.09838 12.100542 0 123.1
61.428193 62.605769 57.528642 54.369297 59.230859 69.03175 68.867262 0
8 8 41
0 12.2 17.4 19.2 22.2 43.2 51.8 88.6
1.098631 0 16.9 18.2 22.4 44.9 54.3 93.3
1.6735805 1.6090574 0 20.2 21.8 45.8 53.3 90.9
1.8843135 1.767361 2.0154631 0 19.3 42.9 52.9 89.2
2.2882579 2.3021414 2.2399892 1.905739 0 43.2 53.8 90.2
6.143576 6.5204472 6.6947408 6.0272707 6.0989719 0 45 83.5
8.3979164 9.1178139 8.7983172 8.6238544 8.8913783 6.4876457 0 83.8
25.932084 28.833408 27.315929 26.274552 27.050643 22.562475 22.647935 0
8 8 42
0 7.1 12.8 14 15.6 43.3 43.5 70.2
0.63357472 0 10.9 12.9 14.6 42.1 42.3 68.4
1.2233522 1.0161961 0 15.5 17.3 42.3 41.2 67.8
1.3496311 1.2286743 1.5336232 0 14.3 41 42.8 66.7
1.5491534 1.4355214 1.7631644 1.3838648 0 41.8 44.2 69.5
6.513559 6.2077868 6.3181695 5.9329459 6.148656 0 43 66.9
6.4175381 6.1674887 5.925905 6.2044316 6.5518163 6.3694363 0 67.8
16.039962 15.18959 15.072117 14.452976 15.750222 14.719547 14.930517 0
8 8 43
0 6.7 10.9 14.5 16.5 24.7 31.5 44.2
0.72978301 0 9.2 12.8 15.5 25.9 31.6 44.9
1.2726575 1.0409774 0 14 14.8 26 30.8 44.9
1.7490457 1.5040468 1.6891017 0 14.3 25.8 30.5 44.7
2.0541317 1.8901115 1.8029468 1.7279958 0 23.7 32 44.2
3.5337446 3.7537231 3.7555224 3.7289977 3.3448714 0 32.6 40.5
4.8451107 4.8476808 4.6798937 4.6268273 4.9583811 5.0564238 0 55
8.5274113 8.7346421 8.7574065 8.628187 8.4415236 7.5571641 11.927503 0
8 8 44
0 6.2 10.8 12.1 16.5 32.9 37.5 56.4
0.80701014 0 9.5 10.8 13.9 34.6 37.8 56.8
1.5072527 1.2937928 0 12.3 14.5 33.6 36.5 53.4
1.709869 1.5013977 1.7560437 0 12.6 33.2 36.4 54.2
2.4596262 2.0066634 2.1243127 1.7819693 0 32.3 34.3 54.5
6.3558532 6.826397 6.5952903 6.4432762 6.2178234 0 35.4 54.7
7.5299525 7.626587 7.2972222 7.2455288 6.6027015 6.9559172 0 57.8
15.140559 15.379351 13.918711 14.197299 14.282728 14.790656 16.069112 0
8 8 45
0 12.2 15.9 19 19.5 37.7 49.4 73.4
2.1989258 0 13.1 15.7 18.3 35.2 50.1 75.1
2.9881598 2.3754817 0 16.2 21.7 36.9 45.5 73.4
3.7294106 2.9387537 3.0502412 0 18.5 39.7 47.5 79.9
3.847799 3.5212405 4.3746736 3.5857121 0 40 47.5 79.3
9.8117025 8.8146289 9.4192868 10.534001 10.553876 0 46 70.9
14.977569 15.204173 13.134639 14.111919 14.031657 13.141144 0 85.2
34.501171 36.081641 34.575539 41.052532 39.6515 32.019675 45.749554 0
8 8 46
0 9.1 13.8 17.1 17.3 41.6 43.6 67.3
0.7082744 0 13.4 16.9 18.1 41.4 46.2 67.7
1.1434075 1.0973988 0 17.1 18.7 44.4 43.3 68.5
1.4690093 1.4490629 1.4685907 0 18.3 43.6 42.2 73.8
1.5083264 1.5896251 1.6571772 1.5996486 0 43 44.6 70.3
5.2417688 5.2265101 5.828328 5.6244782 5.5242347 0 48.4 66.6
5.5845785 6.1372781 5.5664477 5.289268 5.8256914 6.7265227 0 72.4
12.54403 12.639905 13.040294 14.965988 13.672465 12.451337 14.52334 0
8 8 47
0 10.1 16.4 20 22.3 48.9 55.6 106.6
0.56954292 0 14.3 18.7 20.9 48.9 54.8 108.3
1.0084364 0.85914813 0 20.4 20.9 46.6 53.5 104.6
1.2841028 1.181583 1.3166958 0 18.6 49.8 54.9 105.6
1.4730869 1.3570186 1.3580005 1.1706511 0 45.7 54.6 100.1
4.8710162 4.9019856 4.5639715 4.9939958 4.3601457 0 57.6 107.8
6.0487084 5.9088756 5.6822143 5.9160828 5.873499 6.5385347 0 97.2
26.804721 27.735448 25.538254 25.761334 22.852751 27.509321 20.911503 0
8 8 48
0 13.1 19.2 22.4 21.8 55.6 59.6 100.7
1.7183864 0 15.7 19.9 19.2 54.6 57.5 97.3
2.7337062 2.1129856 0 19.2 20.3 56.5 60.5 98
3.3040772 2.8293989 2.6983439 0 18.1 57.2 57 98.5
3.2131344 2.7091073 2.8995213 2.5020586 0 51.7 55.5 92.6
13.748195 13.272418 14.119395 14.335459 12.120907 0 54.6 93.4
15.697668 14.557959 15.917473 14.271747 13.625677 13.057448 0 94.5
55.789453 50.854646 51.012979 51.467714 45.132855 47.469875 46.891343 0
8 8 49
0 8.7 13.2 17.3 15.8 35.1 32.7 46.7
1.3267514 0 13.6 16.1 15.5 34.3 33.7 48
2.129301 2.2007684 0 14.4 15 36.3 31.2 45.1
2.9105294 2.6924051 2.3518866 0 12.8 35.1 32.6 47.4
2.62878 2.5797864 2.4719326 2.0447065 0 35.4 30.8 46
7.8899968 7.5828588 8.3500972 7.8184356 7.8456998 0 34.4 47.5
6.9394642 7.3044428 6.5068579 6.9166777 6.359832 7.6097264 0 41.8
12.430556 13.07558 11.784983 12.777143 12.114476 13.010452 10.357573 0
8 8 50
0 6.4 10.3 12.1 12.8 25.5 27 43.7
0.48946125 0 8.8 10.6 11.7 25.3 26.8 45.2
0.83324682 0.69374701 0 10.7 12 25.8 27 44.9
1.0022584 0.86161452 0.86835141 0 12.5 25 26 44.2
1.0650343 0.9606088 1.0004296 1.0413067 0 25.1 27.1 43.8
2.5782672 2.5460389 2.6193263 2.5203547 2.5400315 0 28 47
2.7578856 2.721622 2.7658662 2.6203552 2.7632245 2.9101546 0 40.8
5.9917818 6.2997326 6.2293034 6.0598392 5.9737805 6.7698096 5.2701175 0
8 8 51
0 10.6 23 24.3 25.6 61.5 59.5 72.5
1.5540082 0 19.1 21.3 25.8 60.1 59 70.5
3.9899519 3.1404302 0 23.2 28.2 57.8 55.7 74.9
4.2448401 3.594405 4.0364798 0 21.4 65.5 55.4 73.4
4.5843085 4.5913396 5.229192 3.5927141 0 65.1 54 67.5
19.583365 18.704002 17.601474 21.448833 21.274194 0 70.2 82.7
17.988304 17.620092 16.057305 15.535091 14.842199 25.396201 0 78.3
27.348563 25.837738 29.407505 27.356303 23.484866 37.350806 32.550132 0
8 8 52
0 6.7 9.4 12.3 11.3 14.6 17.3 21.7
0.3503627 0 7.6 10.3 10.6 14.3 17.1 22.9
0.50995362 0.40329658 0 9.5 10.9 14.2 16.6 22.5
0.6936571 0.5682398 0.51829582 0 11 16 17.7 23.5
0.63187669 0.58356235 0.60354112 0.60765629 0 14.5 16.6 21.6
0.8611972 0.8346501 0.82772417 0.95369947 0.85015628 0 17.3 23.5
1.0385681 1.0288948 0.99336416 1.0759429 0.9942146 1.0504225 0 22.4
1.4259715 1.5265052 1.4903359 1.5733176 1.4108984 1.5788585 1.4706529 0
8 8 53
0 5.9 10.5 13.4 13.9 36 39.2 53.2
0.73945254 0 8 11.9 12.7 35.4 35.7 51.6
1.3910786 1.0264285 0 12.4 14.4 34.3 37.5 52.7
1.8251308 1.5856577 1.6695718 0 13.1 34.1 36.7 54.8
1.9031997 1.7212203 2.0011676 1.7858683 0 34 36.5 50.6
6.9574939 6.8100055 6.5036987 6.4276586 6.3710036 0 35.6 49.2
7.9951127 6.9473066 7.4441527 7.1984694 7.1657283 6.7825994 0 45.9
13.655859 12.983551 13.421919 14.16696 12.461641 11.849896 10.516449 0
8 8 54
0 8.2 11.3 14.1 16 42.9 51.9 87.9
0.64621501 0 11.4 14.3 15.1 42.9 52.1 88.5
0.92981154 0.94106569 0 14.9 16.3 43.6 53.3 86.4
1.2041664 1.2303531 1.2866455 0 15.4 43.2 54.4 87.7
1.3947572 1.3076309 1.429276 1.3391182 0 40.4 52.4 86
5.711596 5.7000525 5.8718388 5.7727527 5.1686255 0 52.4 77.7
7.8103036 7.860911 8.1671127 8.4540232 7.8464589 7.9922913 0 72.8
23.321093 23.555811 22.4005 23.233942 21.838526 17.701207 15.399824 0
8 8 55
0 11.5 16.4 18.7 20.7 43.5 51.2 81.3
1.2825005 0 13.5 16.1 16.9 44.3 49.2 75.9
1.9565419 1.550571 0 16 17.6 43.6 49.3 76.2
2.2890378 1.9013819 1.8901446 0 15.6 43.4 47.9 83.5
2.6029896 2.0298337 2.1301188 1.832979 0 42.9 48.2 81.8
7.7628881 8.0246612 7.8208819 7.7394342 7.6184574 0 44.4 81.7
10.135591 9.5649036 9.5793312 9.0892356 9.1798827 8.0975735 0 78.2
26.729054 23.313195 23.503878 28.34405 27.112588 27.536939 24.337666 0
8 8 56
0 8.5 14.5 17.6 18 34.9 38 67.1
0.4224305 0 13.2 17.3 16.5 36.5 39.7 68.8
0.77931564 0.70065522 0 17.2 17.8 36.1 39.1 71.2
0.98481637 0.9633452 0.95877104 0 16.3 36.5 39.9 68.6
1.0128343 0.91343472 1.001765 0.89590377 0 35.3 39.8 71.5
2.5819935 2.7585059 2.7046491 2.7363937 2.6068871 0 37.7 70.7
2.9098988 3.1062764 3.0477386 3.1253207 3.1205871 2.8858041 0 67
8.1945357 8.6271961 9.2165137 8.5129525 9.2862072 9.0670901 8.0193227 0
8 8 57
0 6.4 10.4 12.2 13.5 23.3 27 37.1
0.55436056 0 9.8 11.9 12.3 23.7 26.4 35.7
0.95033692 0.88630764 0 12.5 13.2 22.9 29.3 35.8
1.1386662 1.0951749 1.1685908 0 10.5 24.1 27.2 35.9
1.2758189 1.1499925 1.2473302 0.95090542 0 23 26.6 35.5
2.5636587 2.6232001 2.502707 2.6842472 2.5159686 0 30.5 35.9
3.0874111 2.9947367 3.4444182 3.1255523 3.0266635 3.6666754 0 38.7
5.0699233 4.7822864 4.7982869 4.8219635 4.7285408 4.851581 5.3089837 0
8 8 58
0 7.5 13.8 14.1 17.1 45.1 41.9 63
1.3399645 0 13 15.6 16 43.4 39.5 60.5
2.6405724 2.4539025 0 15.1 16.2 43 40.6 62.9
2.7269104 3.0600284 2.9325697 0 14.6 40.7 40.6 61.7
3.4428356 3.1571283 3.1917857 2.8428213 0 37.1 38.9 62.2
13.812664 12.92165 12.758862 11.670514 10.258205 0 53.5 67.5
11.63736 10.608826 11.13677 11.068659 10.367326 17.851688 0 72.9
25.745967 23.800326 25.46101 24.807962 25.099872 29.797003 32.426975 0
8 8 59
0 7.3 10.7 14.1 15.3 36.3 41.1 76.4
0.32939201 0 9.7 13.3 14.3 37 41.2 76.7
0.50121225 0.4477883 0 12.6 14.5 37.1 41.1 75.5
0.68810226 0.64359778 0.60478203 0 14.1 36.8 40.4 75.5
0.75859077 0.70113038 0.71298018 0.68654843 0 37 41.8 77.2
2.4834221 2.5560554 2.5723017 2.5337021 2.5538273 0 44.1 82.1
2.9922734 2.9970537 2.9955019 2.9118361 3.0599011 3.3764726 0 74
9.8594676 9.9601342 9.6449947 9.6402875 10.012946 11.385405 8.9947047 0
8 8 60
0 9.2 15.9 18 21 41.7 43.1 71.8
0.65061767 0 15.3 17.2 21.4 41.8 42 70.8
1.2213748 1.1725059 0 17.7 20.3 39.6 41.5 70.1
1.4167392 1.3424945 1.3888099 0 18.4 40.5 41.2 71.6
1.7296659 1.7747689 1.6686543 1.4644598 0 37.5 41.7 70.9
4.7204568 4.7629502 4.382212 4.512017 4.029279 0 42.6 72
4.9838667 4.8079517 4.703806 4.6484185 4.7253939 4.8765574 0 65.2
13.018805 12.561697 12.416629 12.894586 12.587172 13.146926 10.625979 0
8 8 61
0 8.7 12.8 15.9 21.4 42.5 45.5 60.3
0.82623967 0 12.2 15.7 22 42.4 47.1 62.7
1.2787561 1.2080106 0 14.3 19.4 40.5 47.1 59.2
1.6447217 1.6113596 1.4466018 0 16.4 42.3 47.8 62.3
2.3810826 2.4682821 2.1225328 1.704584 0 44.5 45.2 63.9
6.686867 6.6967805 6.2504523 6.6576601 7.0924259 0 42.6 58.8
7.438056 7.8371 7.8815105 8.0230523 7.27133 6.6543771 0 59.9
12.63933 13.539602 12.210459 13.31775 13.915588 12.240071 12.431057 0
8 8 62
0 11.6 17.9 20.6 22.4 66.8 53.8 74.9
1.2374255 0 18 22 23 67.6 55.1 72.9
2.0685838 2.0911053 0 20.6 23.8 66.8 56.7 72.9
2.4918603 2.7038427 2.4936853 0 23.5 67.5 56.8 73.7
2.7680311 2.8532408 2.9912298 2.92847 0 65.6 56.7 69.1
16.557812 16.877564 16.644224 17.14374 16.023649 0 69.7 83.1
10.75063 11.099505 11.673609 11.862351 11.637172 18.012039 0 63.2
20.61296 19.47425 19.63607 19.982152 17.508267 26.101484 14.565994 0
8 8 63
0 6.8 11.6 13 15.4 26.3 33.7 40.3
0.79363716 0 9.7 11.6 15.2 27 35.3 40.9
1.4396027 1.174078 0 13.6 15.2 27 37.8 39.2
1.6393677 1.443966 1.7278313 0 13.2 28.3 33.4 39.4
1.9971916 1.9715216 1.9683556 1.6607296 0 27.3 32.9 40.3
4.0911112 4.1970215 4.2286281 4.4571044 4.2594853 0 33.4 41.4
5.5830596 5.9555792 6.6081817 5.534905 5.4433782 5.5584464 0 53.3
7.8302417 7.9992292 7.5766978 7.5077929 7.7949322 8.2997106 11.716834 0
8 8 64
0 11.2 17.2 18.6 21.6 48 45.8 93.6
0.72794314 0 16.3 17.3 20 47 45.5 94.6
1.2023478 1.1292979 0 17.8 19.5 46.1 43.6 96.3
1.3309573 1.2173309 1.25655 0 19.2 48.9 44.9 97.6
1.6029308 1.4516189 1.4050934 1.3753782 0 46.4 45 92.1
5.3990183 5.2271732 5.039961 5.5499292 5.0804587 0 52.5 95.2
4.8885417 4.8336212 4.5122101 4.7472226 4.7401027 6.2814976 0 92.6
21.196407 21.830166 22.92545 23.538233 20.464027 21.915821 20.328427 0
8 8 65
0 9.3 15.2 17.4 24.9 46.4 51.4 78.3
1.1553239 0 14.1 16.4 25.5 46 49 76.8
2.0234163 1.8410859 0 17.3 25.6 44.4 51 71.7
2.3803449 2.2070408 2.3679859 0 21 48.8 48.3 75
3.7228262 3.8121714 3.8504492 2.9692459 0 55.4 55.1 86.6
10.00278 9.8132447 9.2899085 10.75986 12.834211 0 48.3 70.5
11.914237 10.9309 11.690921 10.647895 13.042413 10.683127 0 79.4
27.824561 26.664351 23.295332 25.52079 32.804842 22.729707 29.097128 0
8 8 66
0 7.2 12.9 14.8 18.8 35.3 41.2 64.6
0.76988209 0 12.3 13.4 16.7 35.3 43.1 60.6
1.4769086 1.3936954 0 14.1 17.3 36.3 41.7 64.9
1.7358555 1.5428643 1.6371163 0 18.2 37.6 39.4 65.2
2.342117 2.0258292 2.1126531 2.2302995 0 37.3 41.4 64.2
5.7513084 5.7554051 5.9262299 6.2577671 6.1507353 0 44.5 63.2
7.1753945 7.701585 7.2517634 6.6751773 7.2872103 8.1754512 0 62.4
16.691078 14.762861 16.569802 16.923254 16.343641 15.977241 15.597426 0
8 8 67
0 8.4 12.6 15.4 15.7 34.5 49.7 70.2
0.58841982 0 13 14.5 15.6 34.3 48.3 71.9
0.93557831 0.96358547 0 14.9 16.8 35.3 48.1 71.3
1.1843902 1.0967487 1.1420609 0 16.2 36.1 48.7 72.3
1.21508 1.2014887 1.3149392 1.261 0 34.6 47.3 70.5
3.6026267 3.5582461 3.7361157 3.8330291 3.6099612 0 46.9 65.1
6.3286428 6.0246106 6.0055549 6.1140424 5.8332447 5.8002396 0 57.2
12.738899 13.220646 13.110077 13.383984 12.68246 11.346755 8.4424777 0
8 8 68
0 10.3 18 21.7 23 50.6 50.8 76
0.76151101 0 16.6 20.2 22.2 50.6 50.9 74.8
1.4662991 1.3282875 0 22.9 22.3 51.1 50.4 72.8
1.8471769 1.685259 1.9803368 0 21.5 51.6 52 74.4
1.9990856 1.9119043 1.9255887 1.8241833 0 50.2 52.3 72.3
6.8731445 6.8248705 6.9796652 7.0030627 6.742103 0 58.2 68.6
6.8602955 6.8675867 6.7822378 7.0622533 7.1724423 8.8587819 0 78.2
15.101371 14.742734 14.095142 14.481307 13.81012 12.501442 16.363397 0
8 8 69
0 7.1 11.3 11.3 13.5 24 24.3 49
0.38931195 0 9.8 10.9 13.1 23.2 24.8 47.9
0.65072383 0.55496195 0 11.1 13 23.7 25.2 46.3
0.65164678 0.61982718 0.63487357 0 12.3 23.3 25 46.2
0.79672737 0.76746276 0.76371385 0.7125523 0 21.3 23.6 47.1
1.6546682 1.5765127 1.6290561 1.5901679 1.4171503 0 23.2 48.1
1.665488 1.7056841 1.7479607 1.7224583 1.6019832 1.5838208 0 48
5.0180053 4.815422 4.5728242 4.5383268 4.6764139 4.8519669 4.8095345 0
8 8 70
0 8.4 12.6 16.8 18.8 37.5 44.4 86.1
1.2020272 0 11.2 15.6 17.3 37.1 42.4 88.5
1.8925535 1.6345814 0 14.8 18.1 36.8 43.1 88
2.6584575 2.416879 2.2826165 0 17.5 38.7 43.9 95.6
3.0168107 2.7203443 2.8815647 2.7740491 0 40.8 44.5 93.9
8.1999496 8.0765196 7.9834366 8.5530766 9.1822268 0 41.6 78.9
10.635094 9.8325621 10.155689 10.404621 10.519927 9.7318907 0 89.4
39.634422 42.177968 41.311049 49.612566 47.157299 33.006839 43.096959 0
8 8 71
0 9.4 15.3 18.9 18.7 43.7 45.5 76.2
0.65866089 0 13.2 16.4 16.7 44.1 47.8 75
1.1623525 0.97269868 0 17.1 17.7 42.6 46.9 76.4
1.5095783 1.2597327 1.3256245 0 17.6 45.3 50.8 79.6
1.4877537 1.2938828 1.3916342 1.387683 0 43.1 47 78.1
5.0695103 5.1488905 4.8642593 5.4075317 4.9318186 0 49.7 79.2
5.3463553 5.8135279 5.6528578 6.4336257 5.6042211 6.2795107 0 81.1
14.823867 14.383119 14.992165 16.434759 15.654682 16.201617 16.82108 0
8 8 72
0 11.6 18.9 21.3 23.7 59.2 65.2 114
1.0854412 0 14.8 19 20 58.4 64 111.1
1.9382787 1.4341102 0 20.4 21 59.2 64.3 108.4
2.2547981 1.9505354 2.124409 0 18.8 58.1 65.4 109.3
2.5735951 2.0595468 2.1963506 1.9130714 0 58.1 65.5 109.3
11.176069 10.840068 11.113472 10.791759 10.811043 0 64.5 115.1
13.327841 12.74486 12.811276 13.215539 13.344933 13.126648 0 119.2
50.534922 46.204393 44.510583 44.72055 46.001872 53.81039 56.991201 0
8 8 73
0 6.7 11.1 11.6 11.5 24.7 28 40.4
0.40361454 0 9.1 11.2 10.4 23.9 26.2 39.3
0.70910912 0.57158677 0 13.3 12.2 25.3 28.1 40.4
0.74803964 0.71506471 0.87403241 0 10.1 24.8 27.6 42
0.7364484 0.65299454 0.78726377 0.6338056 0 24.1 25 39.4
1.9309586 1.8419565 1.9953211 1.9346073 1.8499678 0 29.8 39
2.2693106 2.0741862 2.2912999 2.2320919 1.9509865 2.5010243 0 41
4.0262036 3.8515329 4.0196181 4.2623072 3.8447018 3.8124907 4.0931258 0
8 8 74
0 7.5 13.7 17.9 19.5 49.3 51.6 65.3
0.81255824 0 11.6 15.3 17.2 48.2 51.6 65.7
1.612589 1.3243886 0 15.9 19.6 46.1 51.7 68.1
2.2100492 1.8274927 1.9304192 0 19.4 49.7 47.9 67.8
2.4776646 2.1198007 2.4998345 2.4815555 0 48.8 53 68.8
10.002655 9.6012472 8.9781731 10.034388 9.8057445 0 59.6 73.2
10.72414 10.610972 10.69004 9.4564081 11.257209 13.932611 0 71.8
17.164241 17.232445 18.659462 18.430338 18.878859 21.943126 20.650581 0
8 8 75
0 7.9 12.2 14.4 16.8 31.6 30.2 58.9
0.7699894 0 11.3 13.5 15.9 31.9 29.7 56.1
1.2549834 1.1475468 0 12.5 16.3 31.4 29.4 58.9
1.5171133 1.3993858 1.2848758 0 13.3 31.6 29.1 56
1.8101621 1.6874413 1.7488838 1.3725851 0 35.2 31.8 58.3
4.3785391 4.4632575 4.3428808 4.3774507 5.0598313 0 33 61.2
4.0051571 3.9041755 3.8718895 3.7989386 4.2544804 4.7504649 0 58.5
12.546964 11.459381 12.393994 11.348548 11.857486 13.685197 12.282779 0
