106 12 461.83665
105 12 461.83665
104 12 461.83665
103 12 461.83665
102 12 461.83665
101 12 461.83665
100 12 461.83665
99 12 461.83665
98 12 461.83665
97 12 461.83665
96 12 461.83665
95 12 461.83665
94 12 461.83665
93 12 461.83665
92 12 461.83665
91 12 461.83665
90 12 461.83665
89 12 461.83665
88 12 461.83665
87 12 461.83665
86 12 461.83665
85 12 461.83665
84 12 461.83665
83 12 461.83665
82 12 461.83665
81 12 461.83665
80 12 461.83665
79 12 461.83665
78 12 461.83665
77 12 461.83665
76 12 461.83665
75 12 461.83665
74 12 461.83665
73 12 461.83665
72 12 461.83665
71 12 461.83665
70 12 461.83665
69 12 461.83665
68 12 461.83665
67 12 461.83665
66 12 461.83665
65 12 461.83665
64 12 461.83665
63 12 461.83665
62 12 461.83665
61 12 461.83665
60 12 461.83665
59 12 461.83665
58 12 461.83665
57 12 461.83665
56 12 461.83665
55 12 461.83665
54 12 461.83665
53 12 461.83665
52 12 461.83665
51 12 461.83665
50 12 461.83665
49 12 461.83665
48 12 461.83665
47 12 461.83665
46 12 461.83665
45 12 461.83665
44 12 461.83665
43 12 461.83665
42 12 461.83665
41 12 461.83665
40 12 461.83665
39 12 461.83665
38 12 461.83665
37 12 461.83665
36 12 461.83665
35 12 461.83665
34 12 461.83665
33 12 461.83665
32 12 461.83665
31 12 461.83665
30 12 461.83665
29 12 461.83665
28 12 461.83665
27 12 461.83665
26 12 461.83665
25 12 461.83665
24 12 461.83665
23 12 461.83665
22 12 461.83665
21 12 461.83665
20 12 461.83665
19 12 461.83665
18 12 461.83665
17 12 461.83665
16 12 461.83665
15 12 461.83665
14 12 461.83665
13 12 461.83665
12 12 461.83665
11 11 461.95345
10 10 462.81605
9 9 463.5269
8 8 465.6466
7 6 467.0354
6 5 471.6305
5 4 474.4247
4 4 476.5304
3 3 494.925
2 2 528.312
1 1 571.471
