1 476.5304 [4 4 3 4 3 2 3 3 3 4 3 3 1 3 1 1 2 3 4 2 3 4 1 3 1 4 4 4 2 3 1 3 1 3 1 2 3 2 3 2 2 2 4 2 2 2 3 4 3 3 3 4 1 4 1 4 4 1 1 1 1 2 2 2 1 2 3 4 3 4 4 4 3 4 1 4 4 4 3 3 3 3 3 3 3 2 4 4 3 1 4 2 4 1 3 4 4 3 1 2
 1 3 1 3 4 1]
2 476.5304 [4 4 3 4 3 2 3 3 3 4 3 3 1 3 1 1 2 3 4 2 3 4 1 3 1 4 4 4 2 3 1 3 1 3 1 2 3 2 3 2 2 2 4 2 2 2 3 4 3 3 3 4 1 4 1 4 4 1 1 1 1 2 2 2 1 2 3 4 3 4 4 4 3 4 1 4 4 4 3 3 3 3 3 3 3 2 4 4 3 1 4 2 4 1 3 4 4 3 1 2
 1 3 1 3 4 1]
3 484.2939 [4 4 3 4 3 2 3 3 3 4 4 3 4 3 3 1 4 4 4 3 3 4 1 3 1 4 4 4 2 3 1 3 3 3 1 2 3 2 2 1 2 2 4 4 2 1 4 4 2 3 3 4 1 4 4 4 4 2 1 1 3 2 2 2 3 2 3 4 3 4 4 4 3 4 3 4 4 4 1 3 3 3 3 1 3 2 4 4 3 3 3 2 4 1 3 4 4 3 1 2
 2 1 4 3 4 1]
4 488.5343 [4 4 3 4 3 3 3 4 3 1 3 3 1 4 2 2 2 4 2 1 3 4 1 3 1 4 4 4 3 3 2 3 2 3 1 4 4 2 3 3 2 2 3 4 2 2 1 4 2 3 3 4 1 4 1 3 4 2 3 1 3 1 2 3 3 2 3 2 3 4 4 4 3 4 3 4 4 4 3 3 3 3 3 1 3 4 4 4 3 1 4 4 4 1 3 4 4 3 1 4
 4 2 1 3 4 1]
5 487.326 [4 4 3 4 3 4 3 3 3 4 3 3 1 3 2 2 2 4 2 1 3 4 1 3 1 4 4 4 3 3 1 3 2 3 1 1 3 2 3 3 4 2 3 4 2 2 1 4 2 3 4 4 1 4 1 1 4 3 3 3 3 4 2 2 3 1 3 2 3 4 3 4 1 4 3 4 4 4 4 1 3 3 4 2 3 2 4 4 1 3 4 3 4 1 4 4 4 1 1 4
 1 1 3 3 4 4]
6 487.326 [4 4 3 4 3 4 3 3 3 4 3 3 1 3 2 2 2 4 2 1 3 4 1 3 1 4 4 4 3 3 1 3 2 3 1 1 3 2 3 3 4 2 3 4 2 2 1 4 2 3 4 4 1 4 1 1 4 3 3 3 3 4 2 2 3 1 3 2 3 4 3 4 1 4 3 4 4 4 4 1 3 3 4 2 3 2 4 4 1 3 4 3 4 1 4 4 4 1 1 4
 1 1 3 3 4 4]
7 485.0896 [4 4 3 4 3 1 3 3 3 4 3 3 1 3 2 2 2 1 2 1 3 3 1 3 1 4 4 4 4 3 3 3 2 4 1 4 3 2 3 1 2 4 3 3 2 2 4 4 1 3 4 4 1 4 1 4 4 1 3 3 3 4 2 2 2 1 3 2 3 4 4 1 3 4 3 4 2 4 3 1 3 3 3 2 3 2 4 4 3 3 4 2 4 1 4 4 4 1 2 4
 1 3 4 3 4 2]
8 491.2823 [4 4 3 4 4 3 3 3 3 1 3 3 1 3 1 2 2 1 4 3 3 3 1 3 3 4 4 4 1 3 2 3 3 4 1 1 4 2 3 1 2 3 4 3 2 4 3 2 1 3 4 3 1 4 2 4 3 2 3 2 3 2 2 4 3 2 4 2 3 4 4 4 3 4 3 4 3 4 3 1 3 3 3 1 3 3 4 4 4 3 4 4 4 1 1 4 4 1 2 4
 1 1 2 3 4 3]
9 489.9779 [4 4 3 4 2 1 3 4 3 2 3 3 1 3 1 2 4 3 4 1 3 3 2 4 3 4 4 4 1 3 1 3 4 2 1 2 3 2 1 1 4 4 4 3 2 1 3 2 2 3 3 4 1 4 1 4 3 4 3 3 4 4 2 4 2 2 4 2 3 4 4 4 1 3 3 4 3 4 4 1 3 3 3 2 3 2 4 4 1 3 4 4 2 4 2 4 4 1 1 4
 1 3 2 3 1 1]
10 491.039 [4 4 3 4 3 2 3 1 3 3 3 3 1 3 1 2 4 2 4 1 3 3 2 4 1 4 4 4 2 3 3 3 4 2 1 2 1 4 1 3 4 2 4 3 2 1 4 4 2 3 3 3 2 4 1 4 3 4 4 4 2 3 2 4 1 1 3 2 3 4 4 4 3 4 4 4 3 4 4 1 3 3 3 4 3 2 3 4 3 3 4 1 4 1 4 4 4 3 1 4
 1 1 2 2 3 1]
11 492.4588 [4 4 3 4 3 3 3 4 3 2 3 3 1 3 1 2 4 2 1 4 3 3 2 4 1 4 4 4 4 3 3 4 4 3 1 4 1 4 1 1 2 2 4 3 2 1 3 4 3 3 3 3 1 4 3 4 3 3 4 2 3 3 2 4 1 1 3 4 3 4 4 4 3 4 4 4 3 4 4 3 3 4 3 4 3 2 3 4 4 3 4 2 1 1 1 4 4 3 1 4
 1 1 3 3 4 1]
12 489.1155 [4 4 3 4 3 3 3 3 3 4 3 3 2 3 1 1 4 3 4 2 3 3 2 4 3 4 4 3 1 3 2 4 2 3 1 3 1 2 4 1 2 2 4 3 3 4 1 4 1 3 3 3 1 4 3 4 3 3 1 3 3 4 2 4 1 2 3 4 3 4 3 4 3 4 4 4 3 4 1 3 3 3 3 4 3 1 3 4 2 3 4 4 4 1 2 4 4 3 1 4
 1 1 3 3 4 1]
13 484.9608 [4 4 3 4 3 3 3 3 3 4 3 3 3 3 1 1 4 3 4 1 3 3 1 4 1 4 4 4 1 3 3 3 3 1 1 2 1 4 1 3 2 2 3 4 1 4 3 4 3 3 3 4 1 4 3 4 3 4 1 3 4 4 1 4 1 2 3 4 3 4 1 4 3 4 4 4 4 4 4 3 3 3 3 4 3 2 3 4 2 1 4 4 4 1 1 4 4 1 1 2
 1 4 1 3 3 3]
14 490.7994 [4 3 3 4 3 4 3 3 3 3 3 4 3 3 1 1 2 4 4 3 3 3 2 4 1 4 4 4 1 3 2 4 3 3 1 1 3 2 1 3 2 2 3 4 2 1 3 4 3 3 3 3 2 4 3 3 3 3 4 1 2 4 1 2 3 2 3 4 3 4 4 4 3 4 2 4 4 4 1 3 3 3 3 3 3 2 3 4 2 1 4 4 1 1 3 4 4 3 1 2
 1 4 1 1 1 3]
15 496.3628 [4 3 3 4 3 4 3 3 3 2 3 4 4 3 1 1 2 4 4 3 3 3 2 3 1 4 4 4 1 3 1 3 1 1 1 2 1 2 1 3 2 3 3 4 2 1 1 4 1 3 3 3 1 4 3 3 4 1 1 1 1 4 1 4 4 2 4 4 3 4 4 1 3 4 4 4 4 4 1 3 1 3 3 4 3 2 3 4 2 4 4 3 4 1 3 3 4 3 1 4
 1 4 1 3 1 3]
16 496.3628 [4 3 3 4 3 4 3 3 3 2 3 4 4 3 1 1 2 4 4 3 3 3 2 3 1 4 4 4 1 3 1 3 1 1 1 2 1 2 1 3 2 3 3 4 2 1 1 4 1 3 3 3 1 4 3 3 4 1 1 1 1 4 1 4 4 2 4 4 3 4 4 1 3 4 4 4 4 4 1 3 1 3 3 4 3 2 3 4 2 4 4 3 4 1 3 3 4 3 1 4
 1 4 1 3 1 3]
17 494.2376 [4 3 3 1 3 4 3 3 3 3 3 3 1 3 1 1 2 4 4 3 3 3 2 3 2 4 4 4 1 3 3 3 4 1 1 2 1 2 3 3 2 4 4 4 2 1 1 4 1 3 3 3 1 4 3 1 4 3 3 1 1 1 2 4 4 2 3 3 3 4 4 4 3 4 2 4 3 4 1 2 3 3 1 3 3 2 3 4 2 1 4 2 4 1 3 3 4 3 1 4
 2 4 1 4 4 3]
18 494.2376 [4 3 3 1 3 4 3 3 3 3 3 3 1 3 1 1 2 4 4 3 3 3 2 3 2 4 4 4 1 3 3 3 4 1 1 2 1 2 3 3 2 4 4 4 2 1 1 4 1 3 3 3 1 4 3 1 4 3 3 1 1 1 2 4 4 2 3 3 3 4 4 4 3 4 2 4 3 4 1 2 3 3 1 3 3 2 3 4 2 1 4 2 4 1 3 3 4 3 1 4
 2 4 1 4 4 3]
19 494.2376 [4 3 3 1 3 4 3 3 3 3 3 3 1 3 1 1 2 4 4 3 3 3 2 3 2 4 4 4 1 3 3 3 4 1 1 2 1 2 3 3 2 4 4 4 2 1 1 4 1 3 3 3 1 4 3 1 4 3 3 1 1 1 2 4 4 2 3 3 3 4 4 4 3 4 2 4 3 4 1 2 3 3 1 3 3 2 3 4 2 1 4 2 4 1 3 3 4 3 1 4
 2 4 1 4 4 3]
