1 476.5304 [4 4 3 4 3 2 3 3 3 4 3 3 1 3 1 1 2 3 4 2 3 4 1 3 1 4 4 4 2 3 1 3 1 3 1 2 3 2 3 2 2 2 4 2 2 2 3 4 3 3 3 4 1 4 1 4 4 1 1 1 1 2 2 2 1 2 3 4 3 4 4 4 3 4 1 4 4 4 3 3 3 3 3 3 3 2 4 4 3 1 4 2 4 1 3 4 4 3 1 2
 1 3 1 3 4 1]
2 484.7984 [4 4 3 2 3 2 3 3 3 4 3 3 1 3 1 1 2 1 1 2 3 4 1 3 2 4 4 4 2 3 1 3 1 3 1 2 3 2 3 3 2 2 4 2 2 3 3 4 3 3 3 3 1 4 1 4 3 1 1 1 1 4 2 2 2 2 3 2 3 4 4 4 3 4 3 4 4 4 1 3 3 3 3 3 3 4 4 4 3 1 4 2 4 1 3 4 4 4 1 2
 1 3 1 3 4 1]
3 484.2768 [4 4 3 2 3 2 3 3 3 4 3 3 1 4 1 1 2 1 1 1 3 4 1 3 2 4 4 4 2 3 3 3 2 3 1 2 3 2 3 3 2 2 4 3 2 2 3 4 3 3 3 3 1 3 1 4 3 3 1 1 1 4 2 2 2 1 3 4 3 4 3 3 3 4 1 4 4 4 2 3 3 3 3 1 3 4 4 4 3 1 4 2 4 1 1 4 4 1 1 2
 1 3 1 3 3 3]
4 484.2768 [4 4 3 2 3 2 3 3 3 4 3 3 1 4 1 1 2 1 1 1 3 4 1 3 2 4 4 4 2 3 3 3 2 3 1 2 3 2 3 3 2 2 4 3 2 2 3 4 3 3 3 3 1 3 1 4 3 3 1 1 1 4 2 2 2 1 3 4 3 4 3 3 3 4 1 4 4 4 2 3 3 3 3 1 3 4 4 4 3 1 4 2 4 1 1 4 4 1 1 2
 1 3 1 3 3 3]
5 484.2768 [4 4 3 2 3 2 3 3 3 4 3 3 1 4 1 1 2 1 1 1 3 4 1 3 2 4 4 4 2 3 3 3 2 3 1 2 3 2 3 3 2 2 4 3 2 2 3 4 3 3 3 3 1 3 1 4 3 3 1 1 1 4 2 2 2 1 3 4 3 4 3 3 3 4 1 4 4 4 2 3 3 3 3 1 3 4 4 4 3 1 4 2 4 1 1 4 4 1 1 2
 1 3 1 3 3 3]
6 484.2768 [4 4 3 2 3 2 3 3 3 4 3 3 1 4 1 1 2 1 1 1 3 4 1 3 2 4 4 4 2 3 3 3 2 3 1 2 3 2 3 3 2 2 4 3 2 2 3 4 3 3 3 3 1 3 1 4 3 3 1 1 1 4 2 2 2 1 3 4 3 4 3 3 3 4 1 4 4 4 2 3 3 3 3 1 3 4 4 4 3 1 4 2 4 1 1 4 4 1 1 2
 1 3 1 3 3 3]
