1 557.261 71
2 554.176 71
3 554.176 71
4 554.176 71
5 556.009 70
6 555.165 71
7 553.793 70
8 555.865 71
9 555.865 71
10 555.865 71
11 554.884 70
12 554.884 70
13 553.793 70
14 555.271 69
15 555.271 69
16 550.402 69
17 549.555 69
18 549.555 69
19 549.555 69
20 549.555 69
21 549.555 69
22 548.42 69
23 548.421 68
24 548.421 68
25 548.422 71
26 545.83 69
27 543.499 67
28 541.845 68
29 541.845 68
30 540.985 66
31 540.6661 67
32 540.6661 67
33 539.585 67
34 536.061 65
35 534.435 67
36 542.251 67
37 542.251 67
38 542.25 67
39 542.25 67
40 542.25 67
41 534.435 67
42 532.945 67
43 532.945 67
44 532.945 67
45 532.945 67
46 532.8968 66
47 532.8968 66
48 532.8968 66
49 532.8968 66
50 532.8968 66
51 532.8968 66
52 532.8968 66
53 532.585 67
54 532.585 67
55 532.585 67
56 532.585 65
57 532.585 65
58 532.585 65
59 532.1893 64
60 533.1873 63
61 533.6773 65
62 533.9803 64
63 533.9799 62
64 533.9799 62
65 531.596 63
66 531.596 63
67 532.371 63
68 531.0246 64
69 531.0246 64
70 531.0243 62
71 530.176 63
72 530.176 63
73 529.2751 62
74 529.2751 62
75 529.276 61
76 530.135 60
77 529.2802 59
78 531.4322 58
79 531.4322 58
80 528.6336 62
81 528.6333 62
82 528.6333 62
83 528.6333 62
84 528.6333 62
85 528.6323 61
86 528.6323 61
87 529.1484 62
88 530.9473 64
89 530.9461 62
90 530.573 59
91 530.573 59
92 528.6323 61
93 528.6323 61
94 528.6323 61
95 528.6323 61
96 528.634 58
97 528.634 58
98 526.674 55
99 526.598 55
100 525.837 53
101 525.837 53
102 525.051 54
103 525.052 55
104 525.051 55
105 525.051 55
106 525.051 55
107 525.051 55
108 524.414 54
109 527.014 55
110 527.014 55
111 527.014 55
112 527.014 55
113 527.014 55
114 528.128 52
115 528.128 52
116 528.128 52
117 528.128 52
118 527.36 52
119 524.413 53
120 524.413 53
121 524.413 53
122 522.551 53
123 521.775 52
124 520.456 54
125 520.456 54
126 520.456 54
127 520.456 54
128 520.456 54
