1 531.517 65
2 531.517 65
3 526.522 61
4 526.522 61
5 518.4046 59
6 518.4046 59
7 520.696 57
8 521.1357 57
9 537.68 60
10 537.68 60
11 543.297 62
12 518.4046 59
13 518.4046 59
14 518.222 57
15 518.222 57
16 518.222 57
17 518.222 57
18 521.339 57
19 526.65 60
20 530.422 62
21 530.422 62
22 530.422 62
23 518.222 57
24 518.222 57
25 518.222 57
26 524.2628 59
27 515.3966 54
28 527.6012 57
29 527.6012 57
30 527.3183 57
31 534.733 54
32 533.493 58
33 520.5041 52
34 527.846 57
35 522.333 56
36 522.333 56
37 522.333 56
38 513.638 56
39 517.2429 58
40 522.0066 56
41 522.0066 56
42 532.41 62
43 532.41 62
44 518.8059 56
45 518.589 54
46 518.589 54
47 523.8224 59
48 525.8258 57
49 513.638 56
50 517.1762 50
51 527.7395 58
52 527.7395 58
53 521.03 59
54 522.946 61
55 513.638 56
56 527.589 57
57 524.689 60
58 518.304 56
59 522.37 57
60 522.37 57
61 533.809 62
62 524.6705 56
63 524.6705 56
64 535.7883 58
65 535.7883 58
66 513.638 56
67 513.638 56
68 513.638 56
69 516.855 54
70 516.855 54
71 516.855 54
72 516.855 54
73 522.562 57
74 513.638 56
75 513.638 56
76 513.638 56
77 517.5519 54
78 521.8853 55
79 523.601 59
80 523.601 59
81 523.601 59
82 517.752 58
83 523.451 61
84 519.114 57
85 520.894 56
86 520.894 56
87 513.638 56
88 514.6083 55
89 514.6083 55
90 514.6083 55
91 514.6083 55
92 523.3464 56
93 513.638 56
94 513.638 56
95 513.638 56
96 513.638 56
97 515.223 56
98 515.223 56
99 515.223 56
100 520.199 61
101 523.8 51
102 512.3397 56
103 512.5681 52
104 512.5681 52
105 517.296 53
106 517.296 53
107 517.296 53
108 525.2123 60
109 525.2123 60
110 519.839 60
111 519.839 60
112 521.8288 56
113 515.5479 58
114 519.222 56
115 517.117 53
116 529.661 55
117 529.322 54
118 512.3397 56
119 512.3397 56
120 512.3397 56
121 512.5296 56
122 512.5296 56
123 528.271 55
124 522.724 58
125 521.849 54
126 512.3397 56
127 512.3397 56
128 514.866 57
129 514.866 57
130 514.866 57
131 514.866 57
132 514.866 57
133 512.3397 56
134 512.3397 56
135 512.3397 56
136 512.3397 56
137 523.4002 56
138 523.4002 56
139 519.296 53
140 516.0179 54
141 516.0179 54
142 513.6127 53
143 513.6127 53
144 513.6127 53
145 513.6127 53
146 524.2425 54
147 512.3397 56
148 520.1227 56
149 520.1227 56
150 515.029 54
151 520.4718 59
152 522.593 58
153 514.127 56
154 514.127 56
155 514.127 56
156 519.9895 57
157 518.7336 51
158 517.1644 54
159 514.9495 52
160 514.9495 52
161 514.9495 52
162 513.1597 52
163 512.3397 56
164 512.3397 56
165 512.3397 56
166 512.3397 56
167 512.4105 54
168 528.076 58
169 523.767 57
170 523.081 60
171 523.081 60
172 512.3397 56
173 512.3397 56
174 515.6877 58
175 519.9894 56
176 519.9894 56
177 516.1456 54
178 520.7364 61
179 524.3899 58
180 519.213 57
181 519.213 57
182 519.213 57
183 523.3416 58
184 512.3397 56
185 521.937 54
186 523.97 56
187 523.97 56
188 525.36 55
189 527.288 55
190 512.3397 56
191 519.1131 54
192 519.1131 54
193 525.694 54
194 524.6505 52
195 524.6505 52
196 516.7707 55
197 514.3054 52
198 524.005 55
199 525.6143 59
200 525.6143 59
201 526.188 57
202 526.188 57
203 525.49 58
204 525.49 58
205 525.49 58
206 512.3397 56
207 512.3397 56
208 515.6196 53
209 515.6196 53
210 518.3985 52
211 518.3985 52
212 515.5903 53
213 512.3397 56
214 517.582 47
215 517.582 47
216 519.371 54
217 519.371 54
218 519.371 54
219 512.3397 56
220 512.3397 56
221 512.3397 56
222 512.3397 56
223 512.3397 56
224 511.9206 55
225 518.443 47
226 519.622 53
227 525.137 48
228 517.3311 45
229 517.3311 45
230 514.279 57
231 519.298 58
232 519.298 58
233 519.298 58
234 519.298 58
235 511.9206 55
236 511.9206 55
237 511.9206 55
238 523.3631 58
239 523.3631 58
240 523.3631 58
241 523.3631 58
242 523.3631 58
243 516.0887 53
244 526.0987 57
245 526.0987 57
246 519.207 49
247 520.3847 57
248 518.3032 55
249 512.106 49
250 512.106 49
251 512.106 49
252 518.346 52
253 517.4124 55
254 518.0568 55
255 516.5993 55
256 516.5993 55
257 526.716 59
258 511.9206 55
259 515.148 54
260 515.148 54
261 518.207 53
262 518.207 53
263 516.9047 51
264 522.8 57
265 522.8 57
266 529.0459 58
267 529.0459 58
268 529.0459 58
269 511.9206 55
270 511.9206 55
271 511.9206 55
272 517.286 52
273 517.286 52
274 517.286 52
275 517.286 52
276 517.286 52
277 518.0004 55
278 507.8135 45
279 494.031 40
280 494.031 40
281 494.031 40
282 494.031 40
283 504.6235 47
284 506.0405 43
285 506.0405 43
286 510.269 43
287 506.233 43
288 502.0973 43
289 502.0973 43
290 509.806 40
291 509.806 40
292 516.8345 43
293 494.031 40
294 504.0107 43
295 504.0107 43
296 504.0107 43
297 507.398 45
298 507.398 45
299 494.031 40
300 494.9698 37
301 494.9698 37
302 494.9698 37
303 494.9698 37
304 494.1439 46
305 496.8925 39
306 496.8925 39
307 503.0465 43
308 503.0465 43
309 503.0465 43
310 501.6646 43
311 509.0175 43
312 509.0175 43
313 509.0175 43
314 509.0175 43
315 494.031 40
316 494.8835 42
317 492.1613 43
318 492.1613 43
319 493.8132 43
320 493.8132 43
321 493.8132 43
322 519.494 40
323 519.494 40
324 496.9685 44
325 496.9685 44
326 496.9685 44
327 513.272 38
328 511.728 45
329 494.2224 38
330 494.2224 38
331 488.6474 39
332 511.5306 43
333 498.2589 41
334 498.2589 41
335 519.5187 41
336 520.8089 44
337 488.6474 39
338 488.6474 39
339 488.6474 39
340 495.2922 41
341 507.245 39
342 507.245 39
343 507.245 39
344 499.8599 38
345 488.6474 39
346 504.399 40
347 510.689 40
348 512.953 43
349 510.5168 45
350 502.9509 45
351 493.4065 41
352 493.4065 41
353 493.4065 41
354 490.4168 37
355 490.4168 37
356 489.993 39
357 489.993 39
358 489.993 39
359 489.5188 38
360 489.5188 38
361 496.9709 39
362 496.9709 39
363 490.931 36
364 490.931 36
365 490.931 36
366 488.6474 39
367 488.6474 39
368 488.6474 39
369 488.6474 39
370 488.6474 39
371 488.6474 39
372 488.6474 39
373 488.6474 39
374 505.063 41
375 496.3779 43
376 496.3779 43
377 496.3779 43
378 496.3779 43
379 488.6474 39
380 505.013 42
381 510.318 48
382 510.318 48
383 507.0173 43
384 490.3317 38
385 490.3502 39
386 490.4916 33
387 498.9569 38
388 510.101 38
389 510.101 38
390 488.6474 39
391 488.6474 39
392 496.0396 40
393 496.0396 40
394 503.8347 41
395 519.5564 46
396 499.5397 39
397 488.6474 39
398 492.1265 38
399 516.7959 41
400 514.7128 44
