1 564.7444 71
2 559.656 68
3 558.16 68
4 558.16 68
5 558.16 68
6 558.16 68
7 556.56 67
8 553.4621 63
9 553.4621 63
10 553.4621 63
11 553.4621 63
12 553.4621 63
13 553.4621 63
14 553.682 65
15 553.682 65
16 553.682 65
17 550.773 61
18 550.773 61
19 547.32 62
20 546.7796 63
21 545.4651 63
22 545.4651 63
23 540.2021 60
24 540.2021 60
25 542.0468 61
26 535.959 58
27 535.959 58
28 537.2671 65
29 537.507 62
30 532.847 58
31 530.921 53
32 530.921 53
33 529.107 50
34 529.107 50
35 529.107 50
36 532.62 56
37 532.62 56
38 532.62 56
39 536.094 61
40 536.094 61
41 531.113 52
42 532.701 58
43 532.701 58
44 532.701 58
45 532.701 58
46 530.127 51
47 533.7819 54
48 532.935 54
49 532.935 54
50 531.0183 53
51 529.107 50
52 529.107 50
53 529.107 50
54 529.107 50
55 529.107 50
56 529.107 50
57 529.107 50
58 530.877 53
59 529.6937 57
60 529.6937 57
61 529.6937 57
62 529.6937 57
63 530.4464 55
64 530.4169 54
65 531.1209 54
