6
8 8 1
0 7.4 10.7 13.6 15.8 33.8 42.2 53.9
1.6761902 0 12.8 14.3 17 35.9 41.1 52.5
2.5463761 3.0836668 0 16.9 18.9 33.6 40.8 57
3.3232647 3.5002063 4.289346 0 15 34.3 37.7 55.6
3.9850052 4.334453 4.9542243 3.7545281 0 37.8 42.7 55.8
11.348596 12.315183 11.094179 11.45471 13.316011 0 39.2 55.7
15.498186 14.743834 14.727554 12.993448 15.737308 13.917019 0 69.1
25.240046 23.863052 27.782702 26.122336 26.61952 26.97131 37.306378 0
8 8 2
0 8 13.6 14.6 18.2 37 38.7 54.7
0.98828384 0 14 14 18.3 36 38.8 55.6
1.8034966 1.8610711 0 14.8 19 33.2 38 54.3
1.958471 1.8517322 1.9878435 0 14 34.8 38.5 56.9
2.5633043 2.5658312 2.706714 1.8716796 0 34.2 38.7 57.8
6.9686886 6.6683081 5.9603142 6.3914977 6.206948 0 38.5 59.9
7.5159004 7.5229393 7.2921996 7.4675284 7.5789382 7.4689198 0 62.8
13.965767 14.249887 13.899805 15.039204 15.582479 16.627041 18.117344 0
8 8 3
0 6.7 12.2 13.9 18 34.4 36.2 44.7
0.6744665 0 10 12.3 15.1 33.1 35.4 46.4
1.330562 1.0522313 0 13.3 16.8 32.5 35.9 45.9
1.5290327 1.3272743 1.4637234 0 13.2 34.5 37.5 47.5
2.0809916 1.6824152 1.9126421 1.4394509 0 31.6 37.5 49.8
5.1721713 4.8969094 4.7779513 5.1308517 4.5482993 0 30.3 43
5.6091272 5.4125297 5.5873347 5.8562937 5.8674896 4.3494904 0 44.3
8.0312117 8.4923664 8.3204973 8.6906187 9.2876541 7.7424977 8.0768141 0
8 8 4
0 8.4 15 19.1 19.3 44.7 52.5 84.6
0.86680075 0 14.2 19.8 19.5 46.2 54.3 82.4
1.6769577 1.5731644 0 17.4 18.2 45.1 49.7 89
2.2409617 2.3276649 1.9984886 0 17.7 48 54.3 90.5
2.294604 2.3051221 2.1190099 2.0357854 0 48.6 52.4 86.8
7.9273402 8.3508749 8.0266975 8.7532223 8.9995452 0 43.8 86.9
10.356196 10.835642 9.3616363 10.726556 10.171546 7.6088525 0 86.4
28.238601 26.533065 31.707565 31.630092 29.189849 30.02922 29.806861 0
8 8 5
0 11.6 18.9 21.3 23.7 59.2 65.2 152
1.0854412 0 14.8 19 20 58.4 64 148.5
1.9382787 1.4341102 0 20.4 21 59.2 64.3 142.1
2.2547981 1.9505354 2.124409 0 18.8 58.1 65.4 146.2
2.5735951 2.0595468 2.1963506 1.9130714 0 58.1 65.5 149.5
11.176069 10.840068 11.113472 10.791759 10.811043 0 64.5 159
13.327841 12.74486 12.811276 13.215539 13.344933 13.126648 0 151
112.12672 100.82532 93.955913 99.354138 110.58754 131.76147 109.48741 0
8 8 6
0 7.9 12.2 14.4 16.8 31.6 30.2 58.9
0.7699894 0 11.3 13.5 15.9 31.9 29.7 56.1
1.2549834 1.1475468 0 12.5 16.3 31.4 29.4 58.9
1.5171133 1.3993858 1.2848758 0 13.3 31.6 29.1 56
1.8101621 1.6874413 1.7488838 1.3725851 0 35.2 31.8 58.3
4.3785391 4.4632575 4.3428808 4.3774507 5.0598313 0 33 61.2
4.0051571 3.9041755 3.8718895 3.7989386 4.2544804 4.7504649 0 58.5
12.546964 11.459381 12.393994 11.348548 11.857486 13.685197 12.282779 0
