8
8 8 1
0 11.5 15.7 20.5 21 56.9 61.7 118.1
0.9104912 0 13.1 17.9 20.2 54.2 63.2 113.2
1.3059444 1.0556079 0 20.1 21.3 55.1 62.5 116.3
1.8116922 1.5253634 1.7767153 0 20.3 53 61.7 120.6
1.8698544 1.7770793 1.9076149 1.7836641 0 52.3 61 112.3
8.7774792 8.1185097 8.2979173 7.7073274 7.6076179 0 63.3 114.1
10.181428 10.617114 10.512205 10.154964 9.9623347 10.581229 0 125.7
48.04212 43.404001 46.105664 50.968029 43.143382 43.939093 55.490321 0
8 8 2
0 10 18.1 21.4 22.7 66.3 70.1 74.4
1.4050017 0 14.5 18.8 20.2 62.1 66.7 69.5
2.8113731 2.1530048 0 18.8 20.6 60 69 75.1
3.4631435 2.9556835 2.9444674 0 21.4 62 68.5 77.8
3.7242103 3.2357566 3.3081429 3.4642016 0 61.3 66 76
21.572616 19.17189 17.96725 19.144893 18.66651 0 69.3 71.3
23.882023 21.883263 23.198282 22.857767 21.213392 23.004747 0 80.5
27.913546 24.652294 28.396482 30.269389 29.31819 25.492585 32.680936 0
8 8 3
0 7.5 11.9 15.6 15.3 25.4 25.4 38.6
0.27352914 0 11.1 14.2 15.1 25.6 25.1 38.9
0.46512104 0.42760439 0 14.6 15.8 25.2 26.1 38.2
0.63182523 0.5629832 0.5874268 0 14.4 25.7 26.3 38.7
0.61991824 0.6120068 0.64328695 0.57605603 0 23.7 25.3 38.7
1.1981655 1.2042451 1.188896 1.2130616 1.0862119 0 26 37.2
1.1835402 1.1670973 1.2309055 1.2349142 1.1768846 1.2226483 0 40.9
2.2601321 2.2844046 2.2373922 2.2690991 2.2677956 2.1561718 2.4434359 0
8 8 4
0 6.7 10.9 14.5 16.5 24.7 31.5 44.2
0.72978301 0 9.2 12.8 15.5 25.9 31.6 44.9
1.2726575 1.0409774 0 14 14.8 26 30.8 44.9
1.7490457 1.5040468 1.6891017 0 14.3 25.8 30.5 44.7
2.0541317 1.8901115 1.8029468 1.7279958 0 23.7 32 44.2
3.5337446 3.7537231 3.7555224 3.7289977 3.3448714 0 32.6 40.5
4.8451107 4.8476808 4.6798937 4.6268273 4.9583811 5.0564238 0 55
8.5274113 8.7346421 8.7574065 8.628187 8.4415236 7.5571641 11.927503 0
8 8 5
0 9.1 13.8 17.1 17.3 41.6 43.6 67.3
0.7082744 0 13.4 16.9 18.1 41.4 46.2 67.7
1.1434075 1.0973988 0 17.1 18.7 44.4 43.3 68.5
1.4690093 1.4490629 1.4685907 0 18.3 43.6 42.2 73.8
1.5083264 1.5896251 1.6571772 1.5996486 0 43 44.6 70.3
5.2417688 5.2265101 5.828328 5.6244782 5.5242347 0 48.4 66.6
5.5845785 6.1372781 5.5664477 5.289268 5.8256914 6.7265227 0 72.4
12.54403 12.639905 13.040294 14.965988 13.672465 12.451337 14.52334 0
8 8 6
0 13.1 19.2 22.4 21.8 55.6 59.6 131.7
1.7183864 0 15.7 19.9 19.2 54.6 57.5 127.6
2.7337062 2.1129856 0 19.2 20.3 56.5 60.5 125.7
3.3040772 2.8293989 2.6983439 0 18.1 57.2 57 125.9
3.2131344 2.7091073 2.8995213 2.5020586 0 51.7 55.5 119.8
13.748195 13.272418 14.119395 14.335459 12.120907 0 54.6 116.9
15.697668 14.557959 15.917473 14.271747 13.625677 13.057448 0 120.9
108.49644 98.063164 92.654462 93.399495 81.567279 78.231624 81.990869 0
8 8 7
0 7.5 13.8 14.1 17.1 45.1 41.9 63
1.3399645 0 13 15.6 16 43.4 39.5 60.5
2.6405724 2.4539025 0 15.1 16.2 43 40.6 62.9
2.7269104 3.0600284 2.9325697 0 14.6 40.7 40.6 61.7
3.4428356 3.1571283 3.1917857 2.8428213 0 37.1 38.9 62.2
13.812664 12.92165 12.758862 11.670514 10.258205 0 53.5 67.5
11.63736 10.608826 11.13677 11.068659 10.367326 17.851688 0 72.9
25.745967 23.800326 25.46101 24.807962 25.099872 29.797003 32.426975 0
8 8 8
0 11.2 17.2 18.6 21.6 48 45.8 101.3
0.72794314 0 16.3 17.3 20 47 45.5 102.1
1.2023478 1.1292979 0 17.8 19.5 46.1 43.6 103.3
1.3309573 1.2173309 1.25655 0 19.2 48.9 44.9 104.5
1.6029308 1.4516189 1.4050934 1.3753782 0 46.4 45 98.1
5.3990183 5.2271732 5.039961 5.5499292 5.0804587 0 52.5 101.1
4.8885417 4.8336212 4.5122101 4.7472226 4.7401027 6.2814976 0 99.5
25.727179 26.374501 27.321073 28.016213 23.940091 25.436113 24.277746 0
