5
8 8 1
0 7.4 14.2 15.6 16.7 32.4 34.5 73.8
1.9042508 0 13.6 15.3 17.9 37.1 31.5 71
3.9588149 3.7858548 0 16 19.7 36.1 35.1 68.5
4.4260138 4.325613 4.5706339 0 15.6 30 35.8 70.5
4.7915223 5.2063928 5.8845388 4.4195991 0 32.5 32.8 73.9
11.837553 14.396737 13.739207 10.657046 11.761197 0 38.2 75.6
12.879692 11.339655 13.145443 13.54905 11.970565 15.458021 0 81.4
51.932858 47.966811 44.855278 48.394751 52.718374 55.043635 63.766081 0
8 8 2
0 7.9 14.1 15.4 15.5 22 27.5 49.7
1.0799055 0 12.9 12.9 13.2 21.2 25.1 48.2
2.097492 1.8803707 0 16.7 18.6 21.1 25.8 45.4
2.3337205 1.8835119 2.5593086 0 15.7 21 26.3 51.8
2.3464635 1.9289229 2.9082824 2.3700078 0 19.6 23.8 52.3
3.6714118 3.4851729 3.4738352 3.4545174 3.1236059 0 22.6 46.8
4.9142912 4.3247624 4.4914901 4.6231836 4.0018365 3.752164 0 51.6
12.799767 12.126325 11.071802 13.623553 13.840302 11.66811 13.495698 0
8 8 3
0 6.2 10.8 12.1 16.5 32.9 37.5 56.4
0.80701014 0 9.5 10.8 13.9 34.6 37.8 56.8
1.5072527 1.2937928 0 12.3 14.5 33.6 36.5 53.4
1.709869 1.5013977 1.7560437 0 12.6 33.2 36.4 54.2
2.4596262 2.0066634 2.1243127 1.7819693 0 32.3 34.3 54.5
6.3558532 6.826397 6.5952903 6.4432762 6.2178234 0 35.4 54.7
7.5299525 7.626587 7.2972222 7.2455288 6.6027015 6.9559172 0 57.8
15.140559 15.379351 13.918711 14.197299 14.282728 14.790656 16.069112 0
8 8 4
0 6.8 11.6 13 15.4 26.3 33.7 40.3
0.79363716 0 9.7 11.6 15.2 27 35.3 40.9
1.4396027 1.174078 0 13.6 15.2 27 37.8 39.2
1.6393677 1.443966 1.7278313 0 13.2 28.3 33.4 39.4
1.9971916 1.9715216 1.9683556 1.6607296 0 27.3 32.9 40.3
4.0911112 4.1970215 4.2286281 4.4571044 4.2594853 0 33.4 41.4
5.5830596 5.9555792 6.6081817 5.534905 5.4433782 5.5584464 0 53.3
7.8302417 7.9992292 7.5766978 7.5077929 7.7949322 8.2997106 11.716834 0
8 8 5
0 7.1 11.3 11.3 13.5 24 24.3 49
0.38931195 0 9.8 10.9 13.1 23.2 24.8 47.9
0.65072383 0.55496195 0 11.1 13 23.7 25.2 46.3
0.65164678 0.61982718 0.63487357 0 12.3 23.3 25 46.2
0.79672737 0.76746276 0.76371385 0.7125523 0 21.3 23.6 47.1
1.6546682 1.5765127 1.6290561 1.5901679 1.4171503 0 23.2 48.1
1.665488 1.7056841 1.7479607 1.7224583 1.6019832 1.5838208 0 48
5.0180053 4.815422 4.5728242 4.5383268 4.6764139 4.8519669 4.8095345 0
