50
8 8 1
0 8.9 16.8 16.8 20.8 38 41 58.5
0.58730796 0 14.5 15.5 20.8 37.5 41.9 59.6
1.2268448 1.0279313 0 17.7 21.6 37.2 41.9 59.7
1.2222247 1.0969455 1.3025352 0 17.4 37.6 42.3 63.5
1.5818002 1.5776186 1.6609853 1.2569895 0 37.8 40.6 60.7
3.8250064 3.7182723 3.6539216 3.7141535 3.74271 0 44.5 60.6
4.2947056 4.4351902 4.4065822 4.4243508 4.1788405 4.8387509 0 61.5
7.9862454 8.2239651 8.3053054 9.161143 8.5241998 8.692249 8.8557516 0
8 8 2
0 7.7 12.5 15.3 17.1 31.3 42.2 78.1
0.58075224 0 11.5 12.9 15.6 31.6 40.9 76.7
1.0004776 0.90713643 0 13.4 16.7 31.3 39.3 77.9
1.2620362 1.0344442 1.0827158 0 13.9 31.9 39.3 76.8
1.450199 1.2961201 1.4114947 1.1258213 0 30.8 39.8 78.6
3.3351088 3.3665884 3.3209789 3.3938814 3.2206072 0 40.7 75.7
5.1496226 4.9126339 4.65353 4.6123772 4.7068944 4.958267 0 77.6
16.830544 16.277732 16.67456 16.000835 16.986339 15.937801 16.590857 0
8 8 3
0 11.1 15.8 18.4 21.9 45.9 52.6 78.5
1.0961399 0 16 17.5 21.9 44 52.1 77.2
1.6616582 1.6907064 0 18.6 20.6 46.1 54.8 76.7
2.003531 1.8901437 2.0351409 0 18.4 44.7 53.7 82.4
2.5026981 2.5120121 2.3380391 2.0074393 0 45.9 54.3 81.7
7.5919544 7.1053474 7.7276266 7.2295014 7.6207053 0 56.2 84.8
9.6456352 9.470511 10.43012 10.00132 10.266287 10.858707 0 82.9
21.250523 20.619025 20.544503 23.691267 23.261007 25.429369 24.595971 0
8 8 4
0 8 13.4 14.8 16.9 32 34 58
0.55798654 0 12.4 13.9 15.4 32 35 60
0.9949356 0.90761728 0 15.7 17.3 31.8 35.6 60.8
1.1158983 1.0407725 1.19452 0 13.6 31.5 34.3 59.2
1.3020293 1.1757499 1.3467232 1.0041288 0 32.4 36 58.9
3.1479269 3.1367152 3.1275796 3.0593334 3.1815927 0 37.3 57.8
3.4268384 3.5786971 3.6746078 3.4607418 3.7004362 3.9280323 0 58.2
8.614972 9.1108519 9.3843907 8.8627152 8.7196691 8.5574317 8.611032 0
8 8 5
0 7.7 11.6 13.7 15.3 33.9 30.3 67.5
1.5505622 0 9.6 11.2 13 35 30.5 66.4
2.4396782 1.9613877 0 12.3 13.9 36 34 69.2
2.9835545 2.3533232 2.6200094 0 11.6 34.4 32.7 67.8
3.4093158 2.7966567 3.0222496 2.4221678 0 34.1 30.8 69
9.8607847 10.38307 10.744501 10.044747 9.9357104 0 35.5 62.4
8.4867352 8.6003307 9.9233108 9.4818734 8.7393656 10.769055 0 70
34.59984 33.322482 36.144857 33.932859 35.987324 28.950059 36.47343 0
8 8 6
0 9.8 16 18.5 20.5 38.8 44.7 69.5
0.91372537 0 13.4 18.2 18.5 38.7 43.1 69.3
1.6114806 1.3030107 0 18.5 19 37.6 44.3 71.1
1.9195557 1.881472 1.9211568 0 18.8 39.3 46.1 69.1
2.1818147 1.9270738 1.9868445 1.9551098 0 37.4 43.1 69.7
5.5012964 5.509358 5.3024199 5.6504814 5.2267099 0 39.3 67.2
6.8933584 6.5382847 6.8058019 7.246912 6.5484885 5.6558398 0 68.2
16.009309 15.946916 16.843684 15.896341 16.195079 15.296269 15.557787 0
8 8 7
0 10.5 15.5 16.8 16.5 36.2 40.8 66.3
2.3100677 0 16 16.1 17.4 37.5 45.9 66
3.662873 3.772488 0 17.6 17.7 38 41.5 70.3
3.9666267 3.7917317 4.231534 0 16.9 39.9 44.9 69.4
3.884561 4.1350543 4.2331571 3.9720993 0 41.6 41.7 74.4
11.801887 12.399314 12.741384 13.655873 14.507274 0 38 68.4
13.983945 16.669842 14.271573 15.931525 14.197093 12.343975 0 79.9
33.929716 34.252441 38.393138 37.246829 43.047677 37.030679 49.085112 0
8 8 8
0 9.4 15.4 16.8 18.1 34.9 39.9 62.1
0.43443288 0 12.5 14.5 15.9 33.1 39.1 63.2
0.7694022 0.59875612 0 15.8 18.4 33.9 38.4 64.2
0.84977917 0.71335193 0.79157459 0 15.5 34.2 39.1 61.8
0.93507767 0.79672137 0.95210204 0.7731658 0 33.7 39 61.9
2.3572389 2.180122 2.2596975 2.2830249 2.2375626 0 40.3 62.2
2.8353426 2.7471325 2.6837223 2.7538912 2.7185967 2.8884731 0 59.3
6.3984203 6.6038798 6.7920532 6.318894 6.3116587 6.5489341 5.775826 0
8 8 9
0 8.8 16.7 19.9 22.2 61 56.1 83.7
1.4350532 0 12.7 17 19.5 57.3 54.4 84.4
3.0150254 2.191709 0 18.4 22.1 58.6 57.2 83
3.7596274 3.0863712 3.4083364 0 18.9 60.4 57.2 83
4.3196784 3.6707509 4.3226836 3.476819 0 60.2 56.4 87.5
21.837544 19.651087 20.338011 21.273655 21.106686 0 60.1 70.8
18.686282 17.897778 19.495813 19.391868 18.723185 21.312733 0 74.2
43.527826 44.298234 42.134952 42.401111 47.197691 31.278588 33.259665 0
8 8 10
0 8.3 13.1 18.9 21.8 45.4 51 78.3
1.0317907 0 12 16 19 41.2 48.8 80.7
1.727845 1.5501843 0 18.8 20.2 41.9 49.4 80.7
2.6922235 2.1961065 2.6666049 0 20 41.6 46.8 82.4
3.212207 2.7099088 2.9213053 2.8763257 0 41.3 46.1 85.7
9.6672361 8.2299807 8.4279315 8.33655 8.285041 0 49.3 79.9
11.975752 11.00078 11.279534 10.285604 10.020348 11.277405 0 77.5
29.125579 30.947915 30.998079 32.026599 34.594885 31.010862 28.219432 0
8 8 11
0 8.3 13.1 14.2 16.2 26.8 45 62.9
0.67398458 0 12.4 12.7 14.6 27.5 45.3 62.7
1.1380484 1.0543329 0 14.4 16.7 29.6 45.6 62.9
1.2470329 1.0895167 1.2609999 0 14.1 26.8 44 62.7
1.4655675 1.2815636 1.5077218 1.233476 0 26.7 43.9 63.9
2.8420782 2.9343831 3.2431224 2.8401833 2.8385286 0 45.3 63.6
6.2112422 6.2298237 6.3123641 5.9583977 5.9751608 6.2795202 0 64.9
11.654377 11.499275 11.596613 11.47947 11.993524 12.067098 12.174109 0
8 8 12
0 9.8 15.6 18.8 23.6 42.6 52.2 78.6
1.5650434 0 12.4 16.2 21 40.7 56 80.6
2.6962616 2.0712637 0 16.4 20.6 41.7 54.4 85.5
3.3580946 2.8085398 2.8608849 0 17.7 41.6 51.9 84.5
4.5175196 3.8720869 3.8024328 3.1152503 0 38.4 55 84.8
11.00409 10.255006 10.619366 10.539191 9.2104539 0 49.8 84.8
15.394916 17.241367 16.433851 15.192907 16.866617 14.021235 0 81.6
35.184255 36.62467 42.077834 41.455469 40.81079 43.194278 38.756899 0
8 8 13
0 7.4 14.2 15.6 16.7 32.4 34.5 73.8
1.9042508 0 13.6 15.3 17.9 37.1 31.5 71
3.9588149 3.7858548 0 16 19.7 36.1 35.1 68.5
4.4260138 4.325613 4.5706339 0 15.6 30 35.8 70.5
4.7915223 5.2063928 5.8845388 4.4195991 0 32.5 32.8 73.9
11.837553 14.396737 13.739207 10.657046 11.761197 0 38.2 75.6
12.879692 11.339655 13.145443 13.54905 11.970565 15.458021 0 81.4
51.932858 47.966811 44.855278 48.394751 52.718374 55.043635 63.766081 0
8 8 14
0 7.4 10.7 13.6 15.8 33.8 42.2 53.9
1.6761902 0 12.8 14.3 17 35.9 41.1 52.5
2.5463761 3.0836668 0 16.9 18.9 33.6 40.8 57
3.3232647 3.5002063 4.289346 0 15 34.3 37.7 55.6
3.9850052 4.334453 4.9542243 3.7545281 0 37.8 42.7 55.8
11.348596 12.315183 11.094179 11.45471 13.316011 0 39.2 55.7
15.498186 14.743834 14.727554 12.993448 15.737308 13.917019 0 69.1
25.240046 23.863052 27.782702 26.122336 26.61952 26.97131 37.306378 0
8 8 15
0 7.7 14.4 20.2 21.3 62.6 44.9 68.2
1.5494913 0 13.8 18.3 19.6 59.5 44.8 68.7
3.1847527 3.0059877 0 20.1 22.5 54.6 45.9 67.6
4.7697671 4.2258945 4.7490065 0 17.5 53.6 51.1 70.7
5.1567446 4.6171193 5.5150725 3.9958175 0 53.6 50.4 69.1
27.680576 25.307885 21.9668 21.080202 21.009168 0 51 57.7
15.580575 15.609365 16.213502 19.021814 18.69565 19.041009 0 59.3
34.020885 34.669682 33.623479 35.445998 34.192439 24.762913 25.439051 0
8 8 16
0 10 18.1 21.4 22.7 66.3 70.1 74.4
1.4050017 0 14.5 18.8 20.2 62.1 66.7 69.5
2.8113731 2.1530048 0 18.8 20.6 60 69 75.1
3.4631435 2.9556835 2.9444674 0 21.4 62 68.5 77.8
3.7242103 3.2357566 3.3081429 3.4642016 0 61.3 66 76
21.572616 19.17189 17.96725 19.144893 18.66651 0 69.3 71.3
23.882023 21.883263 23.198282 22.857767 21.213392 23.004747 0 80.5
27.913546 24.652294 28.396482 30.269389 29.31819 25.492585 32.680936 0
8 8 17
0 10.7 15.6 15 20.7 35.4 42.9 71.4
0.75736984 0 14.3 13.6 18.5 36.3 43.5 69.8
1.1817036 1.0655633 0 15 18.9 34.8 42.9 70.7
1.1151821 0.99263854 1.1146808 0 18.4 36.5 44.3 71
1.6609815 1.4392617 1.4940342 1.4269199 0 36.3 42.6 72.4
3.6471915 3.7579831 3.5553472 3.7615711 3.7322802 0 41.4 70.8
4.835979 4.9247602 4.815361 5.0247435 4.7564819 4.5835893 0 74.8
12.832744 12.304903 12.738045 12.540208 13.05502 12.660417 14.020971 0
8 8 18
0 8 12.4 14.7 15.2 23.3 34.2 67.9
1.1960754 0 10.3 11.6 13.3 24.5 32.9 68.7
1.9471134 1.5893889 0 10.2 11.9 25.7 33.9 68
2.3849164 1.8150662 1.5719942 0 11.9 23.7 32.8 70.9
2.4767161 2.1283166 1.8658892 1.8650103 0 23.3 34.4 67.8
4.2864967 4.6029431 4.872636 4.3774665 4.3082186 0 33.2 67.3
7.3623759 7.0071829 7.3027261 6.9479555 7.4836574 7.0378656 0 66.4
24.548341 25.20189 24.567257 26.591065 24.573042 24.112203 23.171228 0
8 8 19
0 10.9 16.5 17.5 18.8 41.6 48.2 60.7
1.2026514 0 14.3 14.6 17.2 41.7 48.3 60
1.9552852 1.651802 0 17.8 19.9 42.2 48 58
2.1002325 1.6841406 2.1546757 0 18.6 42.2 48.2 64.9
2.2708958 2.042976 2.4432966 2.2373689 0 44.2 49.4 68.5
7.1581136 7.2448114 7.4531303 7.3337455 7.8095896 0 51.4 60.9
9.2732992 9.2564261 9.2164404 9.1237088 9.5577199 10.292171 0 71
14.480284 14.176998 13.349551 16.295877 17.978836 14.955866 19.946876 0
8 8 20
0 7.6 11.4 12.6 13.5 23.3 29.3 58.5
0.66139265 0 9.9 12.6 12 22.8 29.2 60.4
1.0463359 0.89866861 0 13.3 12.9 23.9 30.1 59.2
1.1735714 1.1741791 1.2577496 0 11.8 25.3 29.6 58.5
1.2713611 1.1141279 1.2150869 1.0935902 0 23.1 29.4 60.6
2.565599 2.488874 2.6577653 2.8525074 2.5259164 0 26.1 53.9
3.472673 3.4639526 3.6298185 3.526059 3.4885036 2.9871711 0 57.5
11.008289 11.61525 11.231123 10.97377 11.778452 9.5079782 10.637478 0
8 8 21
0 10.3 16.1 16.5 20.9 55.6 50.6 73.2
1.1750117 0 13.7 14.2 17.3 53.7 50.3 72.8
2.0000749 1.6465072 0 16.8 19.8 54.8 51.2 77.5
2.0515955 1.7128768 2.090307 0 19.1 52.5 47 77.7
2.7711926 2.198946 2.5936657 2.4600813 0 48.8 49.8 71.4
12.499401 11.777797 12.111456 11.207398 9.9381146 0 60.7 74.1
10.385643 10.307342 10.570496 9.1373476 10.183738 14.21926 0 69.9
21.921029 21.949435 24.789679 24.68194 21.100723 22.711128 19.595694 0
8 8 22
0 11.7 19.2 21.1 21.9 54.4 56.2 84.5
1.400558 0 15 18.1 18.7 55.3 54.7 81.5
2.5445674 1.8894193 0 17.9 22.2 53.5 58.1 82
2.8606402 2.3723162 2.3146868 0 17.5 51.9 58.8 84.7
2.9963968 2.4714624 3.0333823 2.2606051 0 50.4 59.7 77.1
12.207721 12.565105 11.904793 11.275464 10.741894 0 55.4 85
13.169093 12.487571 13.983947 14.056436 14.517044 12.665064 0 76.1
31.178286 28.671398 29.006773 30.888385 25.46978 31.933079 24.793599 0
8 8 23
0 8.4 13 15.3 15.9 62.8 44.2 71.3
0.49348816 0 12.9 14.3 15.7 62.1 43.9 71.6
0.81033579 0.80045588 0 14.6 13.8 64.1 44.7 72.5
0.97578713 0.9045768 0.92389488 0 13.3 63.6 44.3 75.7
1.0244655 1.0088601 0.86717049 0.82252108 0 62.3 43.2 73.6
8.3203422 8.1608528 8.6859229 8.4972459 8.1589964 0 62.8 79.2
4.404174 4.3657186 4.4701058 4.3846175 4.2287994 8.3349146 0 64.2
10.961082 11.007967 11.32411 12.350607 11.642383 13.652382 8.7158213 0
8 8 24
0 8.6 13.4 17.2 17 37.4 40.9 72.6
0.90660941 0 13.6 15.7 16.1 37.9 40.4 73.4
1.5008272 1.5125259 0 18.1 18.6 39.8 40.2 72
2.0082619 1.7871256 2.1266221 0 14.6 39.3 39.7 71.3
1.9765543 1.8450271 2.2029057 1.6480327 0 41.3 37.2 73.6
5.9930742 6.0855464 6.5459969 6.3871002 6.8878745 0 40.8 71.8
6.8059427 6.6337557 6.6509623 6.4952048 5.8530565 6.8511587 0 73.2
20.211637 20.61574 19.870002 19.482831 20.746824 19.613978 20.500654 0
8 8 25
0 8.7 14.4 17.5 18.7 51.2 47.3 59.1
2.4933601 0 12.8 18.7 17.6 50.7 46 60.8
4.4162842 3.838501 0 19.4 16.9 53.4 44.5 55.6
5.6369813 6.0880353 6.3827697 0 18.6 51.8 49.8 57.9
6.1100206 5.6342484 5.3519084 6.0863511 0 51.1 46.6 65
27.821386 27.193711 29.636631 27.829923 26.95409 0 52.1 62.8
23.463031 22.323007 21.171485 25.313763 22.726347 28.35987 0 59.5
36.078061 37.719884 32.338178 34.411552 41.902676 41.570836 36.140145 0
8 8 26
0 8 13.6 14.6 18.2 37 38.7 54.7
0.98828384 0 14 14 18.3 36 38.8 55.6
1.8034966 1.8610711 0 14.8 19 33.2 38 54.3
1.958471 1.8517322 1.9878435 0 14 34.8 38.5 56.9
2.5633043 2.5658312 2.706714 1.8716796 0 34.2 38.7 57.8
6.9686886 6.6683081 5.9603142 6.3914977 6.206948 0 38.5 59.9
7.5159004 7.5229393 7.2921996 7.4675284 7.5789382 7.4689198 0 62.8
13.965767 14.249887 13.899805 15.039204 15.582479 16.627041 18.117344 0
8 8 27
0 7.1 12.8 14 15.6 43.3 43.5 70.2
0.63357472 0 10.9 12.9 14.6 42.1 42.3 68.4
1.2233522 1.0161961 0 15.5 17.3 42.3 41.2 67.8
1.3496311 1.2286743 1.5336232 0 14.3 41 42.8 66.7
1.5491534 1.4355214 1.7631644 1.3838648 0 41.8 44.2 69.5
6.513559 6.2077868 6.3181695 5.9329459 6.148656 0 43 66.9
6.4175381 6.1674887 5.925905 6.2044316 6.5518163 6.3694363 0 67.8
16.039962 15.18959 15.072117 14.452976 15.750222 14.719547 14.930517 0
8 8 28
0 6.2 10.8 12.1 16.5 32.9 37.5 56.4
0.80701014 0 9.5 10.8 13.9 34.6 37.8 56.8
1.5072527 1.2937928 0 12.3 14.5 33.6 36.5 53.4
1.709869 1.5013977 1.7560437 0 12.6 33.2 36.4 54.2
2.4596262 2.0066634 2.1243127 1.7819693 0 32.3 34.3 54.5
6.3558532 6.826397 6.5952903 6.4432762 6.2178234 0 35.4 54.7
7.5299525 7.626587 7.2972222 7.2455288 6.6027015 6.9559172 0 57.8
15.140559 15.379351 13.918711 14.197299 14.282728 14.790656 16.069112 0
8 8 29
0 12.2 15.9 19 19.5 37.7 49.4 73.4
2.1989258 0 13.1 15.7 18.3 35.2 50.1 75.1
2.9881598 2.3754817 0 16.2 21.7 36.9 45.5 73.4
3.7294106 2.9387537 3.0502412 0 18.5 39.7 47.5 79.9
3.847799 3.5212405 4.3746736 3.5857121 0 40 47.5 79.3
9.8117025 8.8146289 9.4192868 10.534001 10.553876 0 46 70.9
14.977569 15.204173 13.134639 14.111919 14.031657 13.141144 0 85.2
34.501171 36.081641 34.575539 41.052532 39.6515 32.019675 45.749554 0
8 8 30
0 9.1 13.8 17.1 17.3 41.6 43.6 67.3
0.7082744 0 13.4 16.9 18.1 41.4 46.2 67.7
1.1434075 1.0973988 0 17.1 18.7 44.4 43.3 68.5
1.4690093 1.4490629 1.4685907 0 18.3 43.6 42.2 73.8
1.5083264 1.5896251 1.6571772 1.5996486 0 43 44.6 70.3
5.2417688 5.2265101 5.828328 5.6244782 5.5242347 0 48.4 66.6
5.5845785 6.1372781 5.5664477 5.289268 5.8256914 6.7265227 0 72.4
12.54403 12.639905 13.040294 14.965988 13.672465 12.451337 14.52334 0
8 8 31
0 7.5 13.3 16 15.9 34.8 46.8 77.4
1.2881154 0 11.8 16.2 15 36.5 49.5 77.6
2.4609209 2.147314 0 15.7 16 37.6 47 75
3.0911354 3.1134327 3.0085625 0 15.6 39.4 50.1 71.3
3.0641151 2.844812 3.0899361 2.9771253 0 37.9 47.2 75
8.906642 9.439089 10.020538 10.756185 10.088407 0 45.4 73.6
14.534579 15.829574 14.444339 16.127559 14.631872 13.841482 0 67.4
38.080693 37.976835 35.949004 32.005912 35.519807 34.883766 28.625017 0
8 8 32
0 9.3 14.8 15.6 20 52.6 46.8 78.2
0.6483888 0 12.7 15 19.6 52.1 48.1 78.2
1.1119392 0.93026652 0 15.1 19.8 54.6 49.9 76.3
1.1676095 1.1110616 1.1267596 0 18.8 56.6 48.9 76.8
1.5849572 1.5494457 1.5716464 1.4632286 0 56.4 50.2 80.6
6.9529927 6.8299173 7.3835989 7.8274829 7.7512185 0 54.9 77.6
5.6494143 5.9010051 6.2641522 6.0818766 6.2994001 7.7512233 0 71.8
15.242977 15.363046 14.670851 14.788386 16.237811 15.380692 12.796875 0
8 8 33
0 9.6 15.3 18.3 20.8 44.5 53.4 58.7
0.83649962 0 13.2 17.8 19 44.6 53.1 61.4
1.432004 1.2041396 0 17.4 19.3 43.4 51.2 62
1.7822799 1.7113331 1.676291 0 16.2 45.7 49.5 63.4
2.0917951 1.8594605 1.9031516 1.5286318 0 43.6 50.9 64.8
6.4541786 6.406934 6.1639954 6.6950474 6.1649978 0 48.7 59.9
8.7446372 8.6245504 8.120762 7.6560632 8.0899954 7.5152502 0 59.9
10.737142 11.694268 11.948784 12.373916 12.83664 11.49601 11.25033 0
8 8 34
0 9.2 17.4 16.4 21.3 42.4 49.2 81.4
1.5740999 0 14.7 14.3 18 40.4 47.8 77.5
3.3274023 2.7278449 0 15.8 18.7 44.7 50 79.6
3.1073872 2.6382309 2.947399 0 16.8 45.6 45.6 74.9
4.2678823 3.4649358 3.6234312 3.1639856 0 44.4 49 79
11.867558 10.964143 12.839434 13.217525 12.682884 0 48.1 82.9
15.204348 14.499927 15.722754 13.439014 15.137856 14.235118 0 77.4
42.624104 38.24164 40.597663 35.253106 39.156224 43.468196 37.436107 0
8 8 35
0 10.6 23 24.3 25.6 61.5 59.5 72.5
1.5540082 0 19.1 21.3 25.8 60.1 59 70.5
3.9899519 3.1404302 0 23.2 28.2 57.8 55.7 74.9
4.2448401 3.594405 4.0364798 0 21.4 65.5 55.4 73.4
4.5843085 4.5913396 5.229192 3.5927141 0 65.1 54 67.5
19.583365 18.704002 17.601474 21.448833 21.274194 0 70.2 82.7
17.988304 17.620092 16.057305 15.535091 14.842199 25.396201 0 78.3
27.348563 25.837738 29.407505 27.356303 23.484866 37.350806 32.550132 0
8 8 36
0 8.2 11.3 14.1 16 42.9 51.9 87.9
0.64621501 0 11.4 14.3 15.1 42.9 52.1 88.5
0.92981154 0.94106569 0 14.9 16.3 43.6 53.3 86.4
1.2041664 1.2303531 1.2866455 0 15.4 43.2 54.4 87.7
1.3947572 1.3076309 1.429276 1.3391182 0 40.4 52.4 86
5.711596 5.7000525 5.8718388 5.7727527 5.1686255 0 52.4 77.7
7.8103036 7.860911 8.1671127 8.4540232 7.8464589 7.9922913 0 72.8
23.321093 23.555811 22.4005 23.233942 21.838526 17.701207 15.399824 0
8 8 37
0 11.5 16.4 18.7 20.7 43.5 51.2 81.3
1.2825005 0 13.5 16.1 16.9 44.3 49.2 75.9
1.9565419 1.550571 0 16 17.6 43.6 49.3 76.2
2.2890378 1.9013819 1.8901446 0 15.6 43.4 47.9 83.5
2.6029896 2.0298337 2.1301188 1.832979 0 42.9 48.2 81.8
7.7628881 8.0246612 7.8208819 7.7394342 7.6184574 0 44.4 81.7
10.135591 9.5649036 9.5793312 9.0892356 9.1798827 8.0975735 0 78.2
26.729054 23.313195 23.503878 28.34405 27.112588 27.536939 24.337666 0
8 8 38
0 8.5 14.5 17.6 18 34.9 38 67.1
0.4224305 0 13.2 17.3 16.5 36.5 39.7 68.8
0.77931564 0.70065522 0 17.2 17.8 36.1 39.1 71.2
0.98481637 0.9633452 0.95877104 0 16.3 36.5 39.9 68.6
1.0128343 0.91343472 1.001765 0.89590377 0 35.3 39.8 71.5
2.5819935 2.7585059 2.7046491 2.7363937 2.6068871 0 37.7 70.7
2.9098988 3.1062764 3.0477386 3.1253207 3.1205871 2.8858041 0 67
8.1945357 8.6271961 9.2165137 8.5129525 9.2862072 9.0670901 8.0193227 0
8 8 39
0 7.5 13.8 14.1 17.1 45.1 41.9 63
1.3399645 0 13 15.6 16 43.4 39.5 60.5
2.6405724 2.4539025 0 15.1 16.2 43 40.6 62.9
2.7269104 3.0600284 2.9325697 0 14.6 40.7 40.6 61.7
3.4428356 3.1571283 3.1917857 2.8428213 0 37.1 38.9 62.2
13.812664 12.92165 12.758862 11.670514 10.258205 0 53.5 67.5
11.63736 10.608826 11.13677 11.068659 10.367326 17.851688 0 72.9
25.745967 23.800326 25.46101 24.807962 25.099872 29.797003 32.426975 0
8 8 40
0 7.3 10.7 14.1 15.3 36.3 41.1 76.4
0.32939201 0 9.7 13.3 14.3 37 41.2 76.7
0.50121225 0.4477883 0 12.6 14.5 37.1 41.1 75.5
0.68810226 0.64359778 0.60478203 0 14.1 36.8 40.4 75.5
0.75859077 0.70113038 0.71298018 0.68654843 0 37 41.8 77.2
2.4834221 2.5560554 2.5723017 2.5337021 2.5538273 0 44.1 82.1
2.9922734 2.9970537 2.9955019 2.9118361 3.0599011 3.3764726 0 74
9.8594676 9.9601342 9.6449947 9.6402875 10.012946 11.385405 8.9947047 0
8 8 41
0 9.2 15.9 18 21 41.7 43.1 71.8
0.65061767 0 15.3 17.2 21.4 41.8 42 70.8
1.2213748 1.1725059 0 17.7 20.3 39.6 41.5 70.1
1.4167392 1.3424945 1.3888099 0 18.4 40.5 41.2 71.6
1.7296659 1.7747689 1.6686543 1.4644598 0 37.5 41.7 70.9
4.7204568 4.7629502 4.382212 4.512017 4.029279 0 42.6 72
4.9838667 4.8079517 4.703806 4.6484185 4.7253939 4.8765574 0 65.2
13.018805 12.561697 12.416629 12.894586 12.587172 13.146926 10.625979 0
8 8 42
0 8.7 12.8 15.9 21.4 42.5 45.5 60.3
0.82623967 0 12.2 15.7 22 42.4 47.1 62.7
1.2787561 1.2080106 0 14.3 19.4 40.5 47.1 59.2
1.6447217 1.6113596 1.4466018 0 16.4 42.3 47.8 62.3
2.3810826 2.4682821 2.1225328 1.704584 0 44.5 45.2 63.9
6.686867 6.6967805 6.2504523 6.6576601 7.0924259 0 42.6 58.8
7.438056 7.8371 7.8815105 8.0230523 7.27133 6.6543771 0 59.9
12.63933 13.539602 12.210459 13.31775 13.915588 12.240071 12.431057 0
8 8 43
0 11.6 17.9 20.6 22.4 66.8 53.8 74.9
1.2374255 0 18 22 23 67.6 55.1 72.9
2.0685838 2.0911053 0 20.6 23.8 66.8 56.7 72.9
2.4918603 2.7038427 2.4936853 0 23.5 67.5 56.8 73.7
2.7680311 2.8532408 2.9912298 2.92847 0 65.6 56.7 69.1
16.557812 16.877564 16.644224 17.14374 16.023649 0 69.7 83.1
10.75063 11.099505 11.673609 11.862351 11.637172 18.012039 0 63.2
20.61296 19.47425 19.63607 19.982152 17.508267 26.101484 14.565994 0
8 8 44
0 9.3 15.2 17.4 24.9 46.4 51.4 78.3
1.1553239 0 14.1 16.4 25.5 46 49 76.8
2.0234163 1.8410859 0 17.3 25.6 44.4 51 71.7
2.3803449 2.2070408 2.3679859 0 21 48.8 48.3 75
3.7228262 3.8121714 3.8504492 2.9692459 0 55.4 55.1 86.6
10.00278 9.8132447 9.2899085 10.75986 12.834211 0 48.3 70.5
11.914237 10.9309 11.690921 10.647895 13.042413 10.683127 0 79.4
27.824561 26.664351 23.295332 25.52079 32.804842 22.729707 29.097128 0
8 8 45
0 7.2 12.9 14.8 18.8 35.3 41.2 64.6
0.76988209 0 12.3 13.4 16.7 35.3 43.1 60.6
1.4769086 1.3936954 0 14.1 17.3 36.3 41.7 64.9
1.7358555 1.5428643 1.6371163 0 18.2 37.6 39.4 65.2
2.342117 2.0258292 2.1126531 2.2302995 0 37.3 41.4 64.2
5.7513084 5.7554051 5.9262299 6.2577671 6.1507353 0 44.5 63.2
7.1753945 7.701585 7.2517634 6.6751773 7.2872103 8.1754512 0 62.4
16.691078 14.762861 16.569802 16.923254 16.343641 15.977241 15.597426 0
8 8 46
0 8.4 12.6 15.4 15.7 34.5 49.7 70.2
0.58841982 0 13 14.5 15.6 34.3 48.3 71.9
0.93557831 0.96358547 0 14.9 16.8 35.3 48.1 71.3
1.1843902 1.0967487 1.1420609 0 16.2 36.1 48.7 72.3
1.21508 1.2014887 1.3149392 1.261 0 34.6 47.3 70.5
3.6026267 3.5582461 3.7361157 3.8330291 3.6099612 0 46.9 65.1
6.3286428 6.0246106 6.0055549 6.1140424 5.8332447 5.8002396 0 57.2
12.738899 13.220646 13.110077 13.383984 12.68246 11.346755 8.4424777 0
8 8 47
0 10.3 18 21.7 23 50.6 50.8 76
0.76151101 0 16.6 20.2 22.2 50.6 50.9 74.8
1.4662991 1.3282875 0 22.9 22.3 51.1 50.4 72.8
1.8471769 1.685259 1.9803368 0 21.5 51.6 52 74.4
1.9990856 1.9119043 1.9255887 1.8241833 0 50.2 52.3 72.3
6.8731445 6.8248705 6.9796652 7.0030627 6.742103 0 58.2 68.6
6.8602955 6.8675867 6.7822378 7.0622533 7.1724423 8.8587819 0 78.2
15.101371 14.742734 14.095142 14.481307 13.81012 12.501442 16.363397 0
8 8 48
0 9.4 15.3 18.9 18.7 43.7 45.5 76.2
0.65866089 0 13.2 16.4 16.7 44.1 47.8 75
1.1623525 0.97269868 0 17.1 17.7 42.6 46.9 76.4
1.5095783 1.2597327 1.3256245 0 17.6 45.3 50.8 79.6
1.4877537 1.2938828 1.3916342 1.387683 0 43.1 47 78.1
5.0695103 5.1488905 4.8642593 5.4075317 4.9318186 0 49.7 79.2
5.3463553 5.8135279 5.6528578 6.4336257 5.6042211 6.2795107 0 81.1
14.823867 14.383119 14.992165 16.434759 15.654682 16.201617 16.82108 0
8 8 49
0 7.5 13.7 17.9 19.5 49.3 51.6 65.3
0.81255824 0 11.6 15.3 17.2 48.2 51.6 65.7
1.612589 1.3243886 0 15.9 19.6 46.1 51.7 68.1
2.2100492 1.8274927 1.9304192 0 19.4 49.7 47.9 67.8
2.4776646 2.1198007 2.4998345 2.4815555 0 48.8 53 68.8
10.002655 9.6012472 8.9781731 10.034388 9.8057445 0 59.6 73.2
10.72414 10.610972 10.69004 9.4564081 11.257209 13.932611 0 71.8
17.164241 17.232445 18.659462 18.430338 18.878859 21.943126 20.650581 0
8 8 50
0 7.9 12.2 14.4 16.8 31.6 30.2 58.9
0.7699894 0 11.3 13.5 15.9 31.9 29.7 56.1
1.2549834 1.1475468 0 12.5 16.3 31.4 29.4 58.9
1.5171133 1.3993858 1.2848758 0 13.3 31.6 29.1 56
1.8101621 1.6874413 1.7488838 1.3725851 0 35.2 31.8 58.3
4.3785391 4.4632575 4.3428808 4.3774507 5.0598313 0 33 61.2
4.0051571 3.9041755 3.8718895 3.7989386 4.2544804 4.7504649 0 58.5
12.546964 11.459381 12.393994 11.348548 11.857486 13.685197 12.282779 0
