34
8 8 1
0 7.9 11.4 14.4 16.3 26.8 31.4 44.7
0.55258841 0 11.3 13.5 14.7 26.9 31.6 43.6
0.83146057 0.82287908 0 14.7 16.2 27.2 32 45.1
1.0850149 1.0023377 1.1084748 0 14.2 29.2 32.7 45.9
1.2579145 1.109046 1.2483618 1.0609618 0 29.1 32 47.2
2.4643612 2.4800606 2.5146045 2.7355936 2.7154967 0 35.5 41.5
3.0844559 3.1017774 3.1581522 3.242405 3.1106256 3.7195636 0 39.9
5.4660763 5.2021793 5.5102754 5.6093966 5.8130028 4.88012 4.5258905 0
8 8 2
0 8.7 12.3 14.6 17.1 32.2 35.3 52.6
0.96806309 0 11.5 13.6 15.9 32 32.7 54.1
1.4245962 1.3172384 0 13.2 16.9 31.3 34.1 53.1
1.7519255 1.6034157 1.5461677 0 14 32 34.2 51
2.1120719 1.9339853 2.0686324 1.6663046 0 29.6 34.4 55.7
5.01897 4.9520576 4.8195204 4.964625 4.4082493 0 33.3 48.1
5.7677448 5.1579993 5.4524929 5.4756135 5.5170088 5.3221275 0 49.1
11.500224 12.096371 11.727418 10.937468 12.597464 10.01779 10.174469 0
8 8 3
0 7 10.5 12.6 12 37.7 33.3 46.9
1.0299524 0 10 12.7 10.7 36.9 33.1 47.1
1.6097508 1.5170013 0 12.6 11.1 37.2 30.9 43.7
1.9648374 1.9855646 1.9864746 0 9.2 36.7 32.7 47.1
1.8784821 1.6451071 1.7265918 1.3837633 0 37 30.3 45.5
8.6493883 8.3814749 8.5244719 8.2643097 8.4124447 0 43.1 54.6
7.0413741 6.9870362 6.3974045 6.8684839 6.2153368 10.677316 0 46.9
12.651021 12.667092 11.322037 12.765498 12.063497 16.624251 12.549638 0
8 8 4
0 8.2 12.8 14 15.1 28.1 28 43.2
0.98556604 0 10.6 13.6 15.1 27.7 27.8 43
1.6330592 1.3259613 0 13.6 15.2 28.4 28.9 43.5
1.8145654 1.7499746 1.7539936 0 13.1 30.1 29.2 45.3
1.970508 1.9623549 1.9851293 1.6797923 0 26.9 29.8 47.5
4.4998487 4.4264128 4.5578307 4.9433053 4.1870119 0 32.4 47.7
4.5138274 4.4701547 4.7097862 4.7232086 4.8269217 5.5790318 0 37.4
8.8843488 8.8157366 8.967566 9.4612559 9.9963084 10.428811 7.1155395 0
8 8 5
0 8.1 12.2 17.3 15.8 31.1 37 47.7
1.0204414 0 10.7 15.3 13.6 31.8 37.1 47.6
1.6146481 1.3924428 0 14.5 14.6 32.7 37.5 45.7
2.4145264 2.0762783 1.9741631 0 14 32.8 36.8 49.1
2.175331 1.8178094 1.9940156 1.8805706 0 29.8 35.3 44.2
5.4128075 5.5844616 5.8814164 5.7502833 5.103377 0 37.2 47.4
7.025329 7.0313336 7.2026925 6.9064612 6.5488328 7.0449925 0 48.9
10.790725 10.747407 10.158406 11.238567 9.5713101 10.885758 11.183964 0
8 8 6
0 7.2 11.3 12.9 13.1 25.1 33.5 41.6
0.3600749 0 10.1 11.9 12.3 24.8 33.3 41.8
0.59308105 0.52024945 0 12.8 13.2 26.7 32.7 43.5
0.68657462 0.62419164 0.68394386 0 12.1 25.6 33 43.1
0.70324031 0.6535388 0.70619899 0.63665078 0 24.6 33.9 41.8
1.6234539 1.5994763 1.7589324 1.6586481 1.5745503 0 35.4 41
2.3456174 2.3218101 2.2730849 2.290443 2.3949579 2.5420573 0 53.1
3.5104459 3.5328793 3.7449565 3.6871891 3.51866 3.4767538 5.007216 0
8 8 7
0 7.8 11.6 14.8 14.6 28 33.1 42.7
0.7610541 0 10.6 14 13.1 27.7 30 42.1
1.2023935 1.073258 0 13.3 15.4 27.2 31.7 39.6
1.5704656 1.4728399 1.3894054 0 13.3 30.2 31.7 40.5
1.5576239 1.3770462 1.665865 1.3901801 0 28.8 32.1 40.2
3.7142849 3.6386967 3.5696936 4.0803126 3.8424727 0 33.1 39.8
4.6045895 4.0040918 4.3344089 4.2865559 4.4085193 4.677523 0 35.8
7.0425359 6.8676475 6.2964035 6.40512 6.3999472 6.295779 5.2704179 0
8 8 8
0 8.8 13.1 16 19.2 32.3 41.2 48.7
0.50273159 0 10.7 14.2 15.8 31.2 40.3 47.8
0.79103093 0.63080465 0 15.3 17.1 31.3 39.4 51.2
1.00375 0.8704781 0.95456914 0 14.4 32 39.3 49
1.2686071 0.99828297 1.0989632 0.89078514 0 30.8 39.2 49.6
2.6097734 2.4779682 2.5114436 2.5852044 2.4462727 0 43.8 46.9
3.6072106 3.4937263 3.4028443 3.3598801 3.3477292 3.9851915 0 61.6
5.0837404 4.9451046 5.5481572 5.1258882 5.2404257 4.8357927 7.4494848 0
8 8 9
0 8.4 10.9 13.3 12.9 20.9 22.2 26.7
0.42280571 0 9.5 11.3 12.7 21.2 21.3 26.5
0.56920294 0.48997931 0 11.9 13.4 21.3 22.4 25.7
0.71040691 0.58890421 0.62827882 0 10.8 20.7 21.7 25.7
0.68704046 0.67458619 0.72147314 0.5622783 0 19.3 21.2 26.3
1.2650747 1.2888993 1.3036484 1.2507255 1.1464361 0 22.8 25.6
1.3499784 1.2801358 1.3705469 1.3097443 1.276315 1.4065456 0 26
1.7616626 1.7464108 1.6768342 1.6800621 1.7265345 1.6868277 1.7018015 0
8 8 10
0 7.6 11.7 15.3 15.4 32.2 34.2 49.2
0.73519446 0 12.2 15.4 16.1 32.8 35.4 51
1.1921475 1.2494985 0 15 15.1 31 35.5 50.1
1.6335484 1.6396703 1.5870644 0 14.8 30.5 37.6 49.5
1.6584006 1.7312821 1.6153521 1.5627976 0 31.6 35.4 49.3
4.4614983 4.55421 4.2123854 4.1093922 4.3377641 0 42 50.4
4.8602375 5.1318265 5.160805 5.5729119 5.1044976 6.6108396 0 50.3
8.9088157 9.4958692 9.2155379 9.0901751 9.0191451 9.431835 9.1862302 0
8 8 11
0 4.4946194 9.2 12.6 15.2 25.1 28.1 44.2
0.76119179 0 8.3 12.6 14.4 27.3 29.5 44.3
1.6571176 1.4822683 0 10.7 14.7 24.2 29.3 46.4
2.3449576 2.3435873 1.9513649 0 12.2 27.4 29 49.3
2.9366015 2.7468818 2.8081403 2.2725285 0 27.1 30.2 48.1
5.7681398 6.4202954 5.4796124 6.4263169 6.3095647 0 28.7 43.2
6.6608221 7.1096368 7.0702562 6.964712 7.3524687 6.9364337 0 47.6
13.609222 13.654086 14.63152 16.182039 15.313767 13.276067 15.193482 0
8 8 12
0 7.1 13.5 18.8 15.7 35.7 45.7 53.2
0.95855453 0 12.5 17.2 15.6 34.6 44.8 51.6
1.9904243 1.8242988 0 16.9 18.5 35 45 54.4
2.9512059 2.6393059 2.5881805 0 16.8 35.7 46 56.6
2.3739986 2.359811 2.8976441 2.5629444 0 35.1 43.4 54.7
7.2599118 7.001503 7.1146173 7.2735969 7.1237735 0 42.5 48.8
10.519931 10.190767 10.147075 10.529481 9.6213449 9.2452664 0 67.8
14.727589 14.043259 15.370765 16.205146 15.342117 12.875072 21.825682 0
8 8 13
0 8.4 11.6 14.9 18.7 34.9 31.1 55.2
2.3357732 0 9.4 13.7 15 32.6 32.7 53
3.3446254 2.6524602 0 14.9 18 35.4 31.9 51.8
4.4364963 4.0444888 4.4432685 0 15.8 35.2 35 55.9
5.8787948 4.5572836 5.5701199 4.762024 0 36.3 32.8 63.5
14.43271 13.105923 14.855818 14.535083 15.009779 0 30.1 55.4
11.924096 12.779175 12.32245 14.093515 12.766891 11.550885 0 50.1
31.729625 30.019533 28.562439 32.316155 40.583517 33.248001 26.461798 0
8 8 14
0 9.9 14.3 18.1 19.4 28.5 39.3 46.1
0.78233215 0 11.1 15.8 18.4 28.6 36.8 44.8
1.1961995 0.88634357 0 16.4 19.5 27.9 36.9 46.7
1.5762537 1.3413291 1.4086853 0 17.3 27.3 37.5 49.2
1.7215427 1.6072472 1.7271036 1.4842135 0 30.2 35.5 51.7
2.9545709 2.9501929 2.8818853 2.7715139 3.1581995 0 39.9 42.8
4.7172178 4.2911187 4.2950518 4.3755808 4.0295099 4.8540195 0 50.9
6.3090162 6.0113564 6.5052052 6.9892926 7.5303961 5.6770863 7.37625 0
8 8 15
0 8 15.6 16.1 17.5 37.9 41.7 46
0.68767711 0 13 14.2 17.2 39.9 41.5 48.1
1.4833756 1.2012391 0 13.7 18.5 39.1 39.6 47
1.538789 1.3259231 1.2747221 0 16.5 40.8 40.3 47.9
1.7066673 1.6618833 1.8211745 1.5719165 0 38.3 40.1 45.8
5.1110972 5.5327951 5.3787068 5.6727737 5.1257657 0 37.7 40.2
5.8793987 5.8114596 5.4544511 5.5748245 5.4684364 5.0490279 0 43
7.0516906 7.5580691 7.3091578 7.490311 6.9153813 5.7618408 6.2784729 0
8 8 16
0 8.3 13.2 14.1 15.2 35.2 36.8 50.5
0.89946914 0 11.2 14.3 13.9 34.9 37 48.5
1.5127371 1.2490197 0 14.9 15.8 35.6 34.6 50.9
1.647986 1.6769328 1.7537887 0 14.4 37 37.3 54.2
1.8030735 1.6068131 1.8755028 1.6826498 0 35.6 37 55.5
5.7755844 5.6936417 5.8698997 6.1685859 5.8591975 0 36.9 50.6
6.0712615 6.0134195 5.51855 6.1864557 6.0424505 6.0453072 0 51.1
10.538537 9.8618814 10.66727 11.92401 12.442678 10.568382 10.585939 0
8 8 17
0 9.3 14.6 16.5 17.7 32.8 34.5 51.6
1.3811483 0 15.2 17.6 18 34 35.3 52.8
2.3485923 2.4297513 0 15.4 17.6 35.3 35.7 48.3
2.6816649 2.875107 2.4775425 0 15.8 34 38.2 50.1
2.9226484 2.97461 2.9102824 2.52733 0 36.5 39.1 51.4
6.9817917 7.3236316 7.6975977 7.2660026 8.0591428 0 36.9 50.3
7.3726263 7.6508396 7.7718153 8.5372669 8.8836206 8.2318804 0 57.7
14.657738 15.178276 13.085808 13.862361 14.402045 14.059705 17.865701 0
8 8 18
0 7.9 14.1 15.4 15.5 22 27.5 49.7
1.0799055 0 12.9 12.9 13.2 21.2 25.1 48.2
2.097492 1.8803707 0 16.7 18.6 21.1 25.8 45.4
2.3337205 1.8835119 2.5593086 0 15.7 21 26.3 51.8
2.3464635 1.9289229 2.9082824 2.3700078 0 19.6 23.8 52.3
3.6714118 3.4851729 3.4738352 3.4545174 3.1236059 0 22.6 46.8
4.9142912 4.3247624 4.4914901 4.6231836 4.0018365 3.752164 0 51.6
12.799767 12.126325 11.071802 13.623553 13.840302 11.66811 13.495698 0
8 8 19
0 5 8.2 10.5 11.1 26 25 34.5
0.51777195 0 7.1 9.3 10.1 26.2 25.3 33.4
0.88537665 0.74859634 0 10.3 10.3 24.7 24.9 36
1.144659 1.004386 1.1388155 0 10.3 25.8 25.2 36.8
1.2341729 1.1148617 1.1411967 1.1370001 0 25.6 23.7 37.1
3.601348 3.6417933 3.3928836 3.5626877 3.5479378 0 26.4 39.5
3.3716462 3.427494 3.363061 3.4040158 3.149503 3.7105801 0 33.4
5.5599715 5.3272704 5.9203615 6.1011944 6.1570256 6.868533 5.2100836 0
8 8 20
0 7.5 11.9 15.6 15.3 25.4 25.4 38.6
0.27352914 0 11.1 14.2 15.1 25.6 25.1 38.9
0.46512104 0.42760439 0 14.6 15.8 25.2 26.1 38.2
0.63182523 0.5629832 0.5874268 0 14.4 25.7 26.3 38.7
0.61991824 0.6120068 0.64328695 0.57605603 0 23.7 25.3 38.7
1.1981655 1.2042451 1.188896 1.2130616 1.0862119 0 26 37.2
1.1835402 1.1670973 1.2309055 1.2349142 1.1768846 1.2226483 0 40.9
2.2601321 2.2844046 2.2373922 2.2690991 2.2677956 2.1561718 2.4434359 0
8 8 21
0 6.4 12 13.3 16.1 26.3 27.6 38.5
0.53824281 0 11.6 12.7 16.1 26.7 26.5 38.3
1.0889298 1.0532433 0 16.1 18.4 26.8 29.2 38.7
1.2131511 1.1603348 1.5327784 0 15.9 28.7 29.5 40.4
1.5183383 1.5240148 1.7868159 1.4921878 0 29 29.2 43.1
2.9412862 3.0105163 3.0328829 3.2937337 3.2928481 0 31 37.1
3.1406233 2.9857665 3.3853291 3.4220289 3.326912 3.7271352 0 37.9
5.2275176 5.1837327 5.2914778 5.5752379 6.087423 4.9957724 5.1228678 0
8 8 22
0 9.5 13.6 15.3 16.7 28.2 30.9 42
0.37743741 0 12.2 14.7 15.3 26.6 29.5 41.8
0.57035495 0.5023121 0 14.9 15.5 28.5 30 41.4
0.65348586 0.62486038 0.63096974 0 15 27.8 31.3 42.1
0.73254443 0.65623748 0.66891324 0.6427144 0 27.4 30.5 39.4
1.4790683 1.3663793 1.5023 1.4564266 1.4209057 0 31.1 39.9
1.6723802 1.5638822 1.5932331 1.6972392 1.6431423 1.6965212 0 34.4
2.7052014 2.6875806 2.655342 2.7185047 2.4619741 2.5312645 1.9688579 0
8 8 23
0 6.7 12.2 13.9 18 34.4 36.2 44.7
0.6744665 0 10 12.3 15.1 33.1 35.4 46.4
1.330562 1.0522313 0 13.3 16.8 32.5 35.9 45.9
1.5290327 1.3272743 1.4637234 0 13.2 34.5 37.5 47.5
2.0809916 1.6824152 1.9126421 1.4394509 0 31.6 37.5 49.8
5.1721713 4.8969094 4.7779513 5.1308517 4.5482993 0 30.3 43
5.6091272 5.4125297 5.5873347 5.8562937 5.8674896 4.3494904 0 44.3
8.0312117 8.4923664 8.3204973 8.6906187 9.2876541 7.7424977 8.0768141 0
8 8 24
0 6.7 10.9 14.5 16.5 24.7 31.5 44.2
0.72978301 0 9.2 12.8 15.5 25.9 31.6 44.9
1.2726575 1.0409774 0 14 14.8 26 30.8 44.9
1.7490457 1.5040468 1.6891017 0 14.3 25.8 30.5 44.7
2.0541317 1.8901115 1.8029468 1.7279958 0 23.7 32 44.2
3.5337446 3.7537231 3.7555224 3.7289977 3.3448714 0 32.6 40.5
4.8451107 4.8476808 4.6798937 4.6268273 4.9583811 5.0564238 0 55
8.5274113 8.7346421 8.7574065 8.628187 8.4415236 7.5571641 11.927503 0
8 8 25
0 8.7 13.2 17.3 15.8 35.1 32.7 46.7
1.3267514 0 13.6 16.1 15.5 34.3 33.7 48
2.129301 2.2007684 0 14.4 15 36.3 31.2 45.1
2.9105294 2.6924051 2.3518866 0 12.8 35.1 32.6 47.4
2.62878 2.5797864 2.4719326 2.0447065 0 35.4 30.8 46
7.8899968 7.5828588 8.3500972 7.8184356 7.8456998 0 34.4 47.5
6.9394642 7.3044428 6.5068579 6.9166777 6.359832 7.6097264 0 41.8
12.430556 13.07558 11.784983 12.777143 12.114476 13.010452 10.357573 0
8 8 26
0 6.4 10.3 12.1 12.8 25.5 27 43.7
0.48946125 0 8.8 10.6 11.7 25.3 26.8 45.2
0.83324682 0.69374701 0 10.7 12 25.8 27 44.9
1.0022584 0.86161452 0.86835141 0 12.5 25 26 44.2
1.0650343 0.9606088 1.0004296 1.0413067 0 25.1 27.1 43.8
2.5782672 2.5460389 2.6193263 2.5203547 2.5400315 0 28 47
2.7578856 2.721622 2.7658662 2.6203552 2.7632245 2.9101546 0 40.8
5.9917818 6.2997326 6.2293034 6.0598392 5.9737805 6.7698096 5.2701175 0
8 8 27
0 6.7 9.4 12.3 11.3 14.6 17.3 21.7
0.3503627 0 7.6 10.3 10.6 14.3 17.1 22.9
0.50995362 0.40329658 0 9.5 10.9 14.2 16.6 22.5
0.6936571 0.5682398 0.51829582 0 11 16 17.7 23.5
0.63187669 0.58356235 0.60354112 0.60765629 0 14.5 16.6 21.6
0.8611972 0.8346501 0.82772417 0.95369947 0.85015628 0 17.3 23.5
1.0385681 1.0288948 0.99336416 1.0759429 0.9942146 1.0504225 0 22.4
1.4259715 1.5265052 1.4903359 1.5733176 1.4108984 1.5788585 1.4706529 0
8 8 28
0 5.9 10.5 13.4 13.9 36 39.2 53.2
0.73945254 0 8 11.9 12.7 35.4 35.7 51.6
1.3910786 1.0264285 0 12.4 14.4 34.3 37.5 52.7
1.8251308 1.5856577 1.6695718 0 13.1 34.1 36.7 54.8
1.9031997 1.7212203 2.0011676 1.7858683 0 34 36.5 50.6
6.9574939 6.8100055 6.5036987 6.4276586 6.3710036 0 35.6 49.2
7.9951127 6.9473066 7.4441527 7.1984694 7.1657283 6.7825994 0 45.9
13.655859 12.983551 13.421919 14.16696 12.461641 11.849896 10.516449 0
8 8 29
0 7.5 12.2 14.7 17.3 27.4 27.6 43.5
0.51325029 0 11.5 14.4 17.3 26.5 28.3 45.4
0.87962937 0.82610588 0 13.7 17.1 28.8 29 45.2
1.0887011 1.0577182 1.000488 0 13.9 29.3 28.8 46.3
1.3333661 1.3286255 1.3110144 1.0226876 0 29.2 29.2 46.5
2.500881 2.3867271 2.6764836 2.7009086 2.7180575 0 29.2 44.8
2.498373 2.5706634 2.6748592 2.6144581 2.6862158 2.7271928 0 41.2
5.1023247 5.4243285 5.4119552 5.5632099 5.6533355 5.4108287 4.6282626 0
8 8 30
0 6.4 10.4 12.2 13.5 23.3 27 37.1
0.55436056 0 9.8 11.9 12.3 23.7 26.4 35.7
0.95033692 0.88630764 0 12.5 13.2 22.9 29.3 35.8
1.1386662 1.0951749 1.1685908 0 10.5 24.1 27.2 35.9
1.2758189 1.1499925 1.2473302 0.95090542 0 23 26.6 35.5
2.5636587 2.6232001 2.502707 2.6842472 2.5159686 0 30.5 35.9
3.0874111 2.9947367 3.4444182 3.1255523 3.0266635 3.6666754 0 38.7
5.0699233 4.7822864 4.7982869 4.8219635 4.7285408 4.851581 5.3089837 0
8 8 31
0 6.8 11.6 13 15.4 26.3 33.7 40.3
0.79363716 0 9.7 11.6 15.2 27 35.3 40.9
1.4396027 1.174078 0 13.6 15.2 27 37.8 39.2
1.6393677 1.443966 1.7278313 0 13.2 28.3 33.4 39.4
1.9971916 1.9715216 1.9683556 1.6607296 0 27.3 32.9 40.3
4.0911112 4.1970215 4.2286281 4.4571044 4.2594853 0 33.4 41.4
5.5830596 5.9555792 6.6081817 5.534905 5.4433782 5.5584464 0 53.3
7.8302417 7.9992292 7.5766978 7.5077929 7.7949322 8.2997106 11.716834 0
8 8 32
0 8.4 11.2 15 14 31.7 33.2 43.5
1.0515721 0 9.2 13.4 13.4 32.2 35.2 44.3
1.4368013 1.164338 0 14 13.2 31 32.5 45.7
2.034529 1.7844958 1.8824326 0 13.3 34.9 35.4 47.1
1.8675151 1.7780946 1.7592112 1.7497741 0 32.5 35.3 45.3
5.6009765 5.7096667 5.4454488 6.3907719 5.7801963 0 34.5 42.2
5.8906475 6.4049656 5.7238121 6.4972127 6.4317753 6.3175022 0 43.4
9.2060961 9.4406133 9.9051088 10.368071 9.7868163 8.9020474 8.9916459 0
8 8 33
0 7.1 11.3 11.3 13.5 24 24.3 49
0.38931195 0 9.8 10.9 13.1 23.2 24.8 47.9
0.65072383 0.55496195 0 11.1 13 23.7 25.2 46.3
0.65164678 0.61982718 0.63487357 0 12.3 23.3 25 46.2
0.79672737 0.76746276 0.76371385 0.7125523 0 21.3 23.6 47.1
1.6546682 1.5765127 1.6290561 1.5901679 1.4171503 0 23.2 48.1
1.665488 1.7056841 1.7479607 1.7224583 1.6019832 1.5838208 0 48
5.0180053 4.815422 4.5728242 4.5383268 4.6764139 4.8519669 4.8095345 0
8 8 34
0 6.7 11.1 11.6 11.5 24.7 28 40.4
0.40361454 0 9.1 11.2 10.4 23.9 26.2 39.3
0.70910912 0.57158677 0 13.3 12.2 25.3 28.1 40.4
0.74803964 0.71506471 0.87403241 0 10.1 24.8 27.6 42
0.7364484 0.65299454 0.78726377 0.6338056 0 24.1 25 39.4
1.9309586 1.8419565 1.9953211 1.9346073 1.8499678 0 29.8 39
2.2693106 2.0741862 2.2912999 2.2320919 1.9509865 2.5010243 0 41
4.0262036 3.8515329 4.0196181 4.2623072 3.8447018 3.8124907 4.0931258 0
