10.85334
8.14159000001
9.12881000002
12.04888
4.91402999999
0.0
12.2289700001
7.98325000005
10.61369
12.2506200001
10.60583
5.30485000007
0.0
7.59496000002
0.0
12.31884
12.1343899999
6.04790000001
10.2063000001
7.74686999992
0.0
15.3769299999
0.0
0.0
8.30527000001
4.72173999995
12.6242600001
10.90629
0.0
12.0944000001
18.5888500001
9.27572000003
8.66276000009
5.08597999997
0.0
13.80906
11.2331100001
0.0
9.11653999996
7.38500999997
13.48775
8.86869999999
12.4002499999
9.75428999995
7.98724000005
8.1171700001
9.61089000001
9.39989
9.45283000008
0.0
