0.0
0.0
10.9191500001
9.40778999997
6.31247999996
0.0
7.26779999991
29.27229
18.3933
19.5669
12.98195
14.01243
19.09797
4.34164
9.13544999994
10.0367299999
8.91746999999
13.35841
10.71296
14.3655699999
4.23692000005
9.58462999994
10.2814100001
8.04348999995
10.1043600001
19.02378
12.02527
4.44565000001
18.3310299999
0.0
9.35293000005
4.95804000006
9.63855999999
12.58861
0.0
11.1724
7.06883999996
11.50004
9.51498999994
10.2750199999
15.27344
8.84094999998
13.28542
9.20423999988
9.30547999998
0.0
4.64650999999
15.78465
7.10924000002
6.50212000008
