9.88673000003
8.37660999992
19.0281199999
14.5473100001
15.00615
10.4584599999
10.08589
0.0
10.29016
7.21828999999
5.66401999991
7.82817999995
12.14161
13.23808
6.35874000005
0.0
5.53686999995
13.0165799999
10.4241099999
19.15527
9.18193000008
7.08662000007
12.6881
19.3275400001
7.12944999989
0.0
0.0
5.73832999996
15.3561499999
0.0
7.99261000007
15.6444400001
12.16553
16.41121
8.20344999991
9.05398999993
9.80989999999
9.88572999998
14.86378
10.3658400001
0.0
11.7771599999
8.14851000009
11.09552
5.59894000005
17.3155200001
8.09475000005
12.54241
11.3802
9.67776999995
