9.89950000006
16.4002499999
5.74861999997
0.0
6.2157099999
6.31365000003
12.8052299999
8.00812999997
5.56344000006
12.29767
14.89191
9.85644
8.36631999991
7.76420000009
2.85236999998
0.0
10.34491
7.8481699999
7.34247000003
22.0381700001
8.09471999994
10.3175700001
14.6092599999
2.85204999987
9.65938000008
7.63760000002
8.61306
12.26778
11.95225
5.17245000007
15.6392
10.8931900001
0.0
11.02198
12.3731600001
19.3714399999
11.04954
13.55698
8.08817000012
4.36735000007
12.94952
0.0
6.99844
10.7149199999
0.0
8.5835500001
9.63174999994
4.70455999998
7.23881000001
3.50994000002
