9.9053000001
10.9014999999
0.0
7.10062000004
9.71687999996
12.76671
0.0
16.44103
0.0
14.19819
0.0
6.07880999998
9.65606999991
11.71204
16.4550899999
8.53957999998
13.16923
14.63819
6.15263000014
0.0
7.56345000002
8.91038000002
9.83574999997
0.0
9.50800999999
13.7805100001
18.45758
0.0
10.1195699999
9.92272999999
15.97106
11.05473
7.58770000003
11.4381800001
0.0
5.75744000007
9.85708999995
11.6923100001
10.8790600001
5.99648000009
11.1051299999
9.71086999995
2.32470999996
6.85297999997
9.93734000006
0.0
9.92616000003
0.0
12.65798
8.73655000003
