5.27348999993
7.18756999995
0.0
0.0
6.81174999999
7.63728000002
12.65399
9.26786000002
11.2615099999
8.94676000008
16.16885
6.56124999991
9.82661000011
0.0
10.04599
14.3290199999
0.0
9.06307000003
12.43399
5.95455999998
0.0
12.8317200001
0.0
6.17661000008
15.1025800001
6.39279999991
6.05156000005
0.0
9.10353000008
11.5198700001
12.45926
13.51711
15.91418
8.6987200001
0.0
0.0
7.52501999994
8.68146999995
7.70122000005
8.26271000004
7.59175999998
19.4119399999
14.8926
10.0301200001
0.0
10.8242600001
5.71986000007
7.65326000005
6.07521000004
0.0
