8.62149999989
8.03500999988
14.0316
0.0
0.0
9.86803000013
8.90128999995
11.51084
14.9456099999
10.4058600001
11.6927
9.96727999998
10.58049
8.33577999996
9.01478999993
11.18173
11.7053499999
6.10493999999
14.0594500001
7.76335999998
15.01998
8.39529999986
4.82725999993
5.35090000008
13.62275
11.3147099999
0.0
8.41662999999
0.0
12.55521
12.1339200001
12.01397
10.21939
19.75392
7.61005000002
14.1008200001
5.09451000008
4.79284000013
5.49790999992
0.0
4.34376999992
9.67719999992
9.87789000012
11.95131
10.3595499999
10.39188
5.20581999992
12.91624
11.33072
12.1187399999
