10.92221
5.51180999994
0.0
8.38684999989
13.2212199999
7.91490999993
15.11216
6.00045000005
0.0
10.7262299999
13.921
11.68118
11.6852600001
10.76823
5.41433000006
8.61089000001
4.81624000007
16.4384
0.0
9.69690999994
8.38745999988
5.19910999993
6.18638000009
9.90639999998
11.1115499999
0.0
15.6481999999
11.73538
16.7444600001
8.61234999995
6.94452000002
11.3741
7.45091000001
0.0
10.2724900001
10.2951699999
11.1385799999
8.19441
16.52524
11.1949999999
8.65786000004
0.0
0.0
0.0
4.97359000007
10.42615
16.41678
0.0
7.41956000007
4.46423000004
