9.41848999995
6.96850000008
6.18483000004
8.57550999988
4.43595000007
10.4749799999
6.79097000009
9.82033999998
3.75803000003
0.0
12.1518
13.8234100001
0.0
13.23648
0.0
15.69201
6.7633799999
9.66677000001
0.0
20.91789
7.87458000006
12.70233
12.4604099999
5.39301999996
0.0
9.08369
13.7883400001
9.72973000002
10.4484
10.5280800001
3.96550000005
10.37925
12.5694500001
0.0
9.55246000004
9.01069999998
0.0
0.0
4.53803000005
9.73183000006
18.18641
9.62593999994
9.46742
9.91391999996
6.80494000006
14.4295600001
8.36303000001
7.87852999999
0.0
6.61115000001
