10.1871400001
13.66334
4.75558
6.82458000013
4.35693999997
6.02742000006
8.11462999997
11.71693
7.62016000005
13.23933
9.24122000008
4.66434999998
11.96298
0.0
8.42674000002
7.27048000006
4.90205999999
10.56736
12.43822
8.35497999995
4.43428000004
8.13404000003
10.29443
13.07012
6.3859600001
5.7093300001
5.52523000003
11.6785500001
3.66076
9.80115000007
9.42815999989
7.50315999996
7.1012899999
10.52912
9.84379000007
0.0
14.9979900001
7.83718000003
8.90153000003
11.4257000001
12.2579099999
13.9211500001
6.80373000004
8.34501000005
0.0
9.15698999993
15.75927
11.9029900001
6.71182999993
6.8194700001
