5.04535999999
7.11953999999
12.4555899999
0.0
0.0
7.67103999993
12.44626
7.14429000008
10.56608
5.40661999991
8.27936000004
11.55319
7.59562000004
9.51492999995
16.48698
4.83092999994
0.0
2.63931999996
0.0
13.90977
21.06593
10.7847300001
13.99081
11.42068
0.0
11.4118499999
9.98930000002
10.7664900001
10.08351
0.0
11.10564
6.64520000003
8.22759000002
11.33802
8.60716000001
11.2416900001
0.0
10.10381
0.0
11.01331
10.5885300001
9.89607000002
3.21294000011
7.4850799999
12.52993
11.22136
8.53665000002
9.14676000003
8.09711000009
0.0
