12.28973
10.3499600001
16.7730800001
11.2317199999
8.41996999993
15.33923
10.2449
11.11233
0.0
13.7482799999
12.1977600001
14.5094099999
9.21912000002
12.9416400001
0.0
0.0
0.0
9.00188
11.11994
16.7720500001
13.84512
8.78899999999
7.06245999993
5.80466999998
5.73383000004
6.06505999994
2.18968999991
9.99514000001
7.87280999997
6.86251999997
7.53134999995
9.1704200001
10.58378
7.73713000002
0.0
3.63438000006
9.23517
11.43178
8.51621000003
0.0
6.72647000011
7.82136000006
7.97706000006
9.16228999989
8.84777999995
10.40225
0.0
9.54457000003
13.39316
0.0
