6.67342000001
7.49419999996
9.18817999994
0.0
9.18604000006
5.35515000008
9.50449000008
0.0
8.4688400001
8.26052000001
0.0
3.72811999999
5.63661999989
19.53314
9.90651
13.64263
5.66102
8.47210000001
7.54865000001
12.99184
15.84327
12.44473
15.3609999999
12.84104
3.64445999998
9.05857999995
7.8012000001
14.33413
8.76058
3.24193000002
8.7858800001
14.30079
8.25509999995
7.13948000001
10.8404099999
4.46515000006
14.99365
6.86181999999
11.9384600001
0.0
10.4081199999
0.0
11.00549
11.7206700001
6.50725000002
6.15593000001
12.64586
17.11602
9.79925000004
11.4451100001
