12.5889300001
0.0
5.10080999997
0.0
0.0
10.43397
7.09461000003
5.24468999996
11.00155
10.3898
9.46101999993
9.36187000002
5.79332000006
11.48867
11.0049099999
0.0
9.46901999996
5.42122000002
5.23973999999
0.0
9.92713999993
19.4085799999
9.83317
0.0
8.17842999997
6.72623000003
6.48944000003
8.91744999995
10.50939
0.0
12.12742
12.3234399999
8.11199
14.53727
0.0
3.8030500001
11.20528
12.66813
13.44083
11.36653
11.14004
12.9700900001
15.82422
10.4888700001
8.34981000004
9.96007999999
6.42545999994
10.6706000001
7.03740000003
6.00416999997
