0.0
16.67027
4.81640999997
7.21874999988
14.73412
5.41885999998
12.77416
0.0
10.73503
11.3989299999
4.68504999997
11.9723
7.04963999998
11.6963699999
10.19036
14.7781999999
20.4476
11.1507699999
4.11910000001
12.2715500001
9.01993000007
13.88934
14.0229
10.0261700001
9.5229499999
4.79180999997
3.36399999994
11.8816
7.83814000001
6.01539999992
10.53847
5.66596000001
12.8905100001
8.25826000003
12.4930500002
10.98149
8.66257000004
9.28481999994
0.0
6.03574000008
0.0
5.83269000007
14.00048
12.3537000001
8.10567000008
9.47233000002
0.0
11.6052999999
14.39134
15.38381
