6.00047999993
7.90909000009
0.0
19.71954
0.0
15.65765
5.8687900001
10.8567299999
5.55238000001
8.63107
10.24792
12.76867
9.35447000002
8.57485999994
7.98340000003
0.0
6.84193999995
8.58455000003
9.87146000005
13.27936
11.5493599999
11.1298999999
0.0
9.13129000005
11.3416299999
11.2788600001
16.3214400001
6.62037000002
11.55857
10.3958500001
9.33869999996
9.24297000002
7.69638999994
9.77980000013
9.89994999999
7.92865999998
11.8017599999
0.0
9.37138999999
0.0
15.2455700001
14.24668
3.64568000007
10.02735
10.61433
0.0
7.09999000002
5.39113999996
11.7401200001
0.0
