9.43623999995
0.0
8.71740000008
5.32799999986
11.15647
13.78758
9.53220999998
8.67519999994
13.7001099999
11.5274199999
8.10768999998
7.99274000002
9.21091999998
0.0
14.1482200001
13.16756
9.97193999996
10.3421700001
8.41909999994
8.45955999999
5.33707999997
11.9029199999
6.13864000002
9.58785000001
17.50167
10.2460700001
12.52112
13.26754
6.83364000008
19.01084
6.44194000005
12.61107
0.0
7.12562000006
13.72393
7.77564000001
8.27868999995
10.0825500001
9.72224999999
9.84808000003
13.9113
11.1559000001
0.0
16.41946
6.55319000001
5.55215
5.43210999994
7.07262999995
8.51422000013
12.4996
