13.64035
16.7274000001
20.12275
9.45111000002
15.64982
11.25395
13.93916
0.0
10.4651299999
5.20857999998
8.51853999996
11.4430300001
8.76010000007
3.60597000003
12.31942
14.72198
0.0
0.0
5.65977999999
7.66271000006
6.14124999999
13.70001
7.76026000013
8.43868000002
13.1298999999
14.11217
6.56467000011
5.11583000002
12.7841800001
3.65624000004
7.62445
7.47288999998
11.22425
5.41917999997
13.74807
0.0
12.6941200001
6.57019999996
11.43374
4.37185
0.0
0.0
0.0
11.8786899999
0.0
10.7942400001
11.71728
9.15573999996
8.08105000004
7.14262000006
