11.8305899999
6.45982999995
11.22038
8.63624000002
9.43430000008
11.75234
10.8384100001
6.97168000008
8.77382999996
10.62875
0.0
9.15193000005
4.87582999992
0.0
9.22157000005
12.5301
0.0
11.5022600001
8.00355999987
12.0168400001
19.53163
12.2931799999
6.19938999997
9.58693999995
9.87024000008
18.22173
12.32443
7.08391000004
7.76382999995
6.13561999996
3.20013999997
10.09879
10.4739700001
17.37656
14.7425899999
12.94837
13.36274
6.33102000004
11.65717
18.2547800001
0.0
14.3658500001
8.67053000012
10.75962
0.0
0.0
5.58129
6.92256000009
11.6194000001
7.10649999988
