13.64035
16.7274000001
20.12275
9.45111000002
15.64982
11.25395
13.93916
0.0
10.4651299999
5.20857999998
8.51853999996
11.4430300001
8.76010000007
3.60597000003
12.31942
14.72198
0.0
0.0
5.65977999999
7.66271000006
6.14124999999
13.70001
7.76026000013
8.43868000002
13.1298999999
14.11217
6.56467000011
5.11583000002
12.7841800001
3.65624000004
7.62445
7.47288999998
11.22425
5.41917999997
13.74807
0.0
12.6941200001
6.57019999996
11.43374
4.37185
0.0
0.0
0.0
11.8786899999
0.0
10.7942400001
11.71728
9.15573999996
8.08105000004
7.14262000006
11.8305899999
6.45982999995
11.22038
8.63624000002
9.43430000008
11.75234
10.8384100001
6.97168000008
8.77382999996
10.62875
0.0
9.15193000005
4.87582999992
0.0
9.22157000005
12.5301
0.0
11.5022600001
8.00355999987
12.0168400001
19.53163
12.2931799999
6.19938999997
9.58693999995
9.87024000008
18.22173
12.32443
7.08391000004
7.76382999995
6.13561999996
3.20013999997
10.09879
10.4739700001
17.37656
14.7425899999
12.94837
13.36274
6.33102000004
11.65717
18.2547800001
0.0
14.3658500001
8.67053000012
10.75962
0.0
0.0
5.58129
6.92256000009
11.6194000001
7.10649999988
6.00047999993
7.90909000009
0.0
19.71954
0.0
15.65765
5.8687900001
10.8567299999
5.55238000001
8.63107
10.24792
12.76867
9.35447000002
8.57485999994
7.98340000003
0.0
6.84193999995
8.58455000003
9.87146000005
13.27936
11.5493599999
11.1298999999
0.0
9.13129000005
11.3416299999
11.2788600001
16.3214400001
6.62037000002
11.55857
10.3958500001
9.33869999996
9.24297000002
7.69638999994
9.77980000013
9.89994999999
7.92865999998
11.8017599999
0.0
9.37138999999
0.0
15.2455700001
14.24668
3.64568000007
10.02735
10.61433
0.0
7.09999000002
5.39113999996
11.7401200001
0.0
9.43623999995
0.0
8.71740000008
5.32799999986
11.15647
13.78758
9.53220999998
8.67519999994
13.7001099999
11.5274199999
8.10768999998
7.99274000002
9.21091999998
0.0
14.1482200001
13.16756
9.97193999996
10.3421700001
8.41909999994
8.45955999999
5.33707999997
11.9029199999
6.13864000002
9.58785000001
17.50167
10.2460700001
12.52112
13.26754
6.83364000008
19.01084
6.44194000005
12.61107
0.0
7.12562000006
13.72393
7.77564000001
8.27868999995
10.0825500001
9.72224999999
9.84808000003
13.9113
11.1559000001
0.0
16.41946
6.55319000001
5.55215
5.43210999994
7.07262999995
8.51422000013
12.4996
8.62149999989
8.03500999988
14.0316
0.0
0.0
9.86803000013
8.90128999995
11.51084
14.9456099999
10.4058600001
11.6927
9.96727999998
10.58049
8.33577999996
9.01478999993
11.18173
11.7053499999
6.10493999999
14.0594500001
7.76335999998
15.01998
8.39529999986
4.82725999993
5.35090000008
13.62275
11.3147099999
0.0
8.41662999999
0.0
12.55521
12.1339200001
12.01397
10.21939
19.75392
7.61005000002
14.1008200001
5.09451000008
4.79284000013
5.49790999992
0.0
4.34376999992
9.67719999992
9.87789000012
11.95131
10.3595499999
10.39188
5.20581999992
12.91624
11.33072
12.1187399999
10.92221
5.51180999994
0.0
8.38684999989
13.2212199999
7.91490999993
15.11216
6.00045000005
0.0
10.7262299999
13.921
11.68118
11.6852600001
10.76823
5.41433000006
8.61089000001
4.81624000007
16.4384
0.0
9.69690999994
8.38745999988
5.19910999993
6.18638000009
9.90639999998
11.1115499999
0.0
15.6481999999
11.73538
16.7444600001
8.61234999995
6.94452000002
11.3741
7.45091000001
0.0
10.2724900001
10.2951699999
11.1385799999
8.19441
16.52524
11.1949999999
8.65786000004
0.0
0.0
0.0
4.97359000007
10.42615
16.41678
0.0
7.41956000007
4.46423000004
12.28973
10.3499600001
16.7730800001
11.2317199999
8.41996999993
15.33923
10.2449
11.11233
0.0
13.7482799999
12.1977600001
14.5094099999
9.21912000002
12.9416400001
0.0
0.0
0.0
9.00188
11.11994
16.7720500001
13.84512
8.78899999999
7.06245999993
5.80466999998
5.73383000004
6.06505999994
2.18968999991
9.99514000001
7.87280999997
6.86251999997
7.53134999995
9.1704200001
10.58378
7.73713000002
0.0
3.63438000006
9.23517
11.43178
8.51621000003
0.0
6.72647000011
7.82136000006
7.97706000006
9.16228999989
8.84777999995
10.40225
0.0
9.54457000003
13.39316
0.0
8.37996000005
6.04946000001
7.29417999997
0.0
10.6721099999
2.03247999994
6.60410999996
3.00870999997
8.81298000005
6.21673999995
4.79163999995
0.0
5.67764999997
9.3134799999
9.43352999992
7.15189999994
3.63028000004
11.72023
7.38083000004
15.64823
0.0
10.83364
0.0
0.0
8.77757999999
13.25029
11.2844499999
14.4447
9.58671000006
4.66283000004
0.0
8.64364999998
0.0
11.26504
9.29074000008
9.82611000002
7.58487000002
11.3209500001
14.5410100002
9.16142999998
22.09689
10.2008299999
0.0
14.45101
8.97992999991
14.81206
6.20014999993
13.8283000001
14.62564
8.88292
5.27348999993
7.18756999995
0.0
0.0
6.81174999999
7.63728000002
12.65399
9.26786000002
11.2615099999
8.94676000008
16.16885
6.56124999991
9.82661000011
0.0
10.04599
14.3290199999
0.0
9.06307000003
12.43399
5.95455999998
0.0
12.8317200001
0.0
6.17661000008
15.1025800001
6.39279999991
6.05156000005
0.0
9.10353000008
11.5198700001
12.45926
13.51711
15.91418
8.6987200001
0.0
0.0
7.52501999994
8.68146999995
7.70122000005
8.26271000004
7.59175999998
19.4119399999
14.8926
10.0301200001
0.0
10.8242600001
5.71986000007
7.65326000005
6.07521000004
0.0
12.5889300001
0.0
5.10080999997
0.0
0.0
10.43397
7.09461000003
5.24468999996
11.00155
10.3898
9.46101999993
9.36187000002
5.79332000006
11.48867
11.0049099999
0.0
9.46901999996
5.42122000002
5.23973999999
0.0
9.92713999993
19.4085799999
9.83317
0.0
8.17842999997
6.72623000003
6.48944000003
8.91744999995
10.50939
0.0
12.12742
12.3234399999
8.11199
14.53727
0.0
3.8030500001
11.20528
12.66813
13.44083
11.36653
11.14004
12.9700900001
15.82422
10.4888700001
8.34981000004
9.96007999999
6.42545999994
10.6706000001
7.03740000003
6.00416999997
9.9053000001
10.9014999999
0.0
7.10062000004
9.71687999996
12.76671
0.0
16.44103
0.0
14.19819
0.0
6.07880999998
9.65606999991
11.71204
16.4550899999
8.53957999998
13.16923
14.63819
6.15263000014
0.0
7.56345000002
8.91038000002
9.83574999997
0.0
9.50800999999
13.7805100001
18.45758
0.0
10.1195699999
9.92272999999
15.97106
11.05473
7.58770000003
11.4381800001
0.0
5.75744000007
9.85708999995
11.6923100001
10.8790600001
5.99648000009
11.1051299999
9.71086999995
2.32470999996
6.85297999997
9.93734000006
0.0
9.92616000003
0.0
12.65798
8.73655000003
10.85334
8.14159000001
9.12881000002
12.04888
4.91402999999
0.0
12.2289700001
7.98325000005
10.61369
12.2506200001
10.60583
5.30485000007
0.0
7.59496000002
0.0
12.31884
12.1343899999
6.04790000001
10.2063000001
7.74686999992
0.0
15.3769299999
0.0
0.0
8.30527000001
4.72173999995
12.6242600001
10.90629
0.0
12.0944000001
18.5888500001
9.27572000003
8.66276000009
5.08597999997
0.0
13.80906
11.2331100001
0.0
9.11653999996
7.38500999997
13.48775
8.86869999999
12.4002499999
9.75428999995
7.98724000005
8.1171700001
9.61089000001
9.39989
9.45283000008
0.0
10.1871400001
13.66334
4.75558
6.82458000013
4.35693999997
6.02742000006
8.11462999997
11.71693
7.62016000005
13.23933
9.24122000008
4.66434999998
11.96298
0.0
8.42674000002
7.27048000006
4.90205999999
10.56736
12.43822
8.35497999995
4.43428000004
8.13404000003
10.29443
13.07012
6.3859600001
5.7093300001
5.52523000003
11.6785500001
3.66076
9.80115000007
9.42815999989
7.50315999996
7.1012899999
10.52912
9.84379000007
0.0
14.9979900001
7.83718000003
8.90153000003
11.4257000001
12.2579099999
13.9211500001
6.80373000004
8.34501000005
0.0
9.15698999993
15.75927
11.9029900001
6.71182999993
6.8194700001
0.0
0.0
10.9191500001
9.40778999997
6.31247999996
0.0
7.26779999991
29.27229
18.3933
19.5669
12.98195
14.01243
19.09797
4.34164
9.13544999994
10.0367299999
8.91746999999
13.35841
10.71296
14.3655699999
4.23692000005
9.58462999994
10.2814100001
8.04348999995
10.1043600001
19.02378
12.02527
4.44565000001
18.3310299999
0.0
9.35293000005
4.95804000006
9.63855999999
12.58861
0.0
11.1724
7.06883999996
11.50004
9.51498999994
10.2750199999
15.27344
8.84094999998
13.28542
9.20423999988
9.30547999998
0.0
4.64650999999
15.78465
7.10924000002
6.50212000008
5.04535999999
7.11953999999
12.4555899999
0.0
0.0
7.67103999993
12.44626
7.14429000008
10.56608
5.40661999991
8.27936000004
11.55319
7.59562000004
9.51492999995
16.48698
4.83092999994
0.0
2.63931999996
0.0
13.90977
21.06593
10.7847300001
13.99081
11.42068
0.0
11.4118499999
9.98930000002
10.7664900001
10.08351
0.0
11.10564
6.64520000003
8.22759000002
11.33802
8.60716000001
11.2416900001
0.0
10.10381
0.0
11.01331
10.5885300001
9.89607000002
3.21294000011
7.4850799999
12.52993
11.22136
8.53665000002
9.14676000003
8.09711000009
0.0
0.0
16.67027
4.81640999997
7.21874999988
14.73412
5.41885999998
12.77416
0.0
10.73503
11.3989299999
4.68504999997
11.9723
7.04963999998
11.6963699999
10.19036
14.7781999999
20.4476
11.1507699999
4.11910000001
12.2715500001
9.01993000007
13.88934
14.0229
10.0261700001
9.5229499999
4.79180999997
3.36399999994
11.8816
7.83814000001
6.01539999992
10.53847
5.66596000001
12.8905100001
8.25826000003
12.4930500002
10.98149
8.66257000004
9.28481999994
0.0
6.03574000008
0.0
5.83269000007
14.00048
12.3537000001
8.10567000008
9.47233000002
0.0
11.6052999999
14.39134
15.38381
6.67342000001
7.49419999996
9.18817999994
0.0
9.18604000006
5.35515000008
9.50449000008
0.0
8.4688400001
8.26052000001
0.0
3.72811999999
5.63661999989
19.53314
9.90651
13.64263
5.66102
8.47210000001
7.54865000001
12.99184
15.84327
12.44473
15.3609999999
12.84104
3.64445999998
9.05857999995
7.8012000001
14.33413
8.76058
3.24193000002
8.7858800001
14.30079
8.25509999995
7.13948000001
10.8404099999
4.46515000006
14.99365
6.86181999999
11.9384600001
0.0
10.4081199999
0.0
11.00549
11.7206700001
6.50725000002
6.15593000001
12.64586
17.11602
9.79925000004
11.4451100001
9.41848999995
6.96850000008
6.18483000004
8.57550999988
4.43595000007
10.4749799999
6.79097000009
9.82033999998
3.75803000003
0.0
12.1518
13.8234100001
0.0
13.23648
0.0
15.69201
6.7633799999
9.66677000001
0.0
20.91789
7.87458000006
12.70233
12.4604099999
5.39301999996
0.0
9.08369
13.7883400001
9.72973000002
10.4484
10.5280800001
3.96550000005
10.37925
12.5694500001
0.0
9.55246000004
9.01069999998
0.0
0.0
4.53803000005
9.73183000006
18.18641
9.62593999994
9.46742
9.91391999996
6.80494000006
14.4295600001
8.36303000001
7.87852999999
0.0
6.61115000001
9.88673000003
8.37660999992
19.0281199999
14.5473100001
15.00615
10.4584599999
10.08589
0.0
10.29016
7.21828999999
5.66401999991
7.82817999995
12.14161
13.23808
6.35874000005
0.0
5.53686999995
13.0165799999
10.4241099999
19.15527
9.18193000008
7.08662000007
12.6881
19.3275400001
7.12944999989
0.0
0.0
5.73832999996
15.3561499999
0.0
7.99261000007
15.6444400001
12.16553
16.41121
8.20344999991
9.05398999993
9.80989999999
9.88572999998
14.86378
10.3658400001
0.0
11.7771599999
8.14851000009
11.09552
5.59894000005
17.3155200001
8.09475000005
12.54241
11.3802
9.67776999995
9.89950000006
16.4002499999
5.74861999997
0.0
6.2157099999
6.31365000003
12.8052299999
8.00812999997
5.56344000006
12.29767
14.89191
9.85644
8.36631999991
7.76420000009
2.85236999998
0.0
10.34491
7.8481699999
7.34247000003
22.0381700001
8.09471999994
10.3175700001
14.6092599999
2.85204999987
9.65938000008
7.63760000002
8.61306
12.26778
11.95225
5.17245000007
15.6392
10.8931900001
0.0
11.02198
12.3731600001
19.3714399999
11.04954
13.55698
8.08817000012
4.36735000007
12.94952
0.0
6.99844
10.7149199999
0.0
8.5835500001
9.63174999994
4.70455999998
7.23881000001
3.50994000002
