8.37996000005
6.04946000001
7.29417999997
0.0
10.6721099999
2.03247999994
6.60410999996
3.00870999997
8.81298000005
6.21673999995
4.79163999995
0.0
5.67764999997
9.3134799999
9.43352999992
7.15189999994
3.63028000004
11.72023
7.38083000004
15.64823
0.0
10.83364
0.0
0.0
8.77757999999
13.25029
11.2844499999
14.4447
9.58671000006
4.66283000004
0.0
8.64364999998
0.0
11.26504
9.29074000008
9.82611000002
7.58487000002
11.3209500001
14.5410100002
9.16142999998
22.09689
10.2008299999
0.0
14.45101
8.97992999991
14.81206
6.20014999993
13.8283000001
14.62564
8.88292
