15.45384
9.45456999994
10.14911
37.0381100001
9.33041000005
7.48047000007
8.08906000003
15.2355399999
6.83131999988
13.78422
9.26506000001
9.53622000013
0.0
10.3281200001
28.61141
11.10687
7.67220000003
0.0
9.17670000007
8.42657000001
11.2537500001
5.49646000005
16.6476100001
19.4545399999
11.6237100001
13.40587
0.0
16.8073899999
0.0
7.47019000002
12.92751
12.11674
10.9583300001
0.0
0.0
15.2283
13.7350699998
9.75630999997
6.57443000004
10.1359299999
11.9431999999
21.02698
5.95224999997
9.13668
11.464
13.4515099999
9.48139000009
7.79376999999
13.89449
9.50265000015
