0.0
7.37436999998
7.24001000007
8.95345000003
8.2390399999
8.51118999999
18.2474
12.28249
26.1331399999
11.4108800001
6.93020000006
2.74601
9.20545999997
9.73531999986
18.64682
11.11314
15.04654
3.37483999995
4.96471000009
4.79812000005
17.35395
16.9796500001
11.14302
10.41376
9.56365000003
15.58183
8.89598999999
12.9386100001
8.41120999993
12.38191
21.6563199998
10.6938799999
7.68317999993
0.0
8.62491999997
15.5567500001
18.17732
9.06890000007
14.1808900001
9.53711000003
11.08344
8.65934000001
10.09716
11.9187499998
7.62503000011
7.73994999996
4.83500000008
9.08468000009
12.33273
7.17432999995
