15.21396
19.9722
0.0
28.71288
8.66005000006
9.20251999993
7.2525699999
9.30477000005
0.0
7.0663399999
12.7772
16.69346
8.28191000002
9.46011999995
10.97936
10.8017099999
11.68108
11.6270699999
7.04111000011
11.5010299999
10.3256
13.1672999999
0.0
13.9640899999
17.2310800001
12.29484
7.92420000001
4.32712999999
22.13084
9.12554000004
7.19231999991
12.5044
21.78812
13.88021
12.79512
10.6806499999
15.3641700001
7.04060999991
7.97762000002
0.0
10.21737
28.09344
5.42195000011
10.52608
14.1270900001
10.9888100001
6.79108
14.0567699999
17.3161900002
13.08643
