10.9836
3.74472000008
9.92548999994
9.62627999997
17.88565
9.3745700001
15.26383
8.38945999998
5.9842699999
8.84996999998
15.87691
10.37321
4.49303999997
15.14882
16.91174
9.59535999992
0.0
12.17593
7.19830000005
19.42492
6.28718999994
12.60736
8.83418000001
17.16469
0.0
8.30342000001
17.82595
12.4817
12.25639
0.0
9.59837000002
11.7940999999
23.21551
23.87101
17.4607300002
15.7260800001
10.1485300001
13.28977
9.58354000002
19.4739299999
6.42313000001
18.8556599999
11.38552
9.92537000007
10.6964499999
18.74318
13.5679
7.81767999998
9.81177000003
11.21965
