13.91493
80.8293100001
9.38332000002
0.0
10.0282599999
0.0
7.26444000006
10.26081
0.0
6.97981000005
8.30822999997
5.82915000001
10.2122500001
11.4212600001
11.8656500001
0.0
11.1231099999
13.15533
11.4616200001
24.72453
3.99109999998
50.08957
8.97242999997
7.38246999984
8.5872200001
8.42751000007
6.59489999991
0.0
8.34129000001
8.19181000011
0.0
6.28747999994
7.03098999988
6.2308100001
12.4708400001
7.59030999988
9.26356000011
10.18242
3.91052999999
8.04583999992
8.55629999994
11.3005100001
8.49692000006
5.36022999999
9.32359000016
15.18181
16.96112
13.7934199999
7.76841999998
6.23562999989
