10.9836
3.74472000008
9.92548999994
9.62627999997
17.88565
9.3745700001
15.26383
8.38945999998
5.9842699999
8.84996999998
15.87691
10.37321
4.49303999997
15.14882
16.91174
9.59535999992
0.0
12.17593
7.19830000005
19.42492
6.28718999994
12.60736
8.83418000001
17.16469
0.0
8.30342000001
17.82595
12.4817
12.25639
0.0
9.59837000002
11.7940999999
23.21551
23.87101
17.4607300002
15.7260800001
10.1485300001
13.28977
9.58354000002
19.4739299999
6.42313000001
18.8556599999
11.38552
9.92537000007
10.6964499999
18.74318
13.5679
7.81767999998
9.81177000003
11.21965
7.08736999996
4.46483999991
11.07153
5.49682000012
12.7158400001
5.50417999993
8.36931999994
17.0109999999
6.59188000008
0.0
10.39623
7.07648000016
10.13017
12.56068
10.74592
11.1309399999
11.9595
9.28078999999
0.0
2.38630999997
17.15761
11.9011199999
21.46213
7.05444999994
34.3224099999
8.54745999991
0.0
0.0
0.0
9.43883999996
21.3798
0.0
11.0740600001
13.87997
17.1284500001
8.68503999989
0.0
0.0
15.6298999999
14.5870200001
0.0
4.43730999995
6.84979999997
0.0
20.8875999999
11.74369
6.59060999984
7.51332000003
4.39152999991
10.54122
9.08822999999
14.19181
0.0
11.9329299999
0.0
13.49032
0.0
6.78341999988
13.8135999999
7.45132999984
13.10558
8.87985000003
8.18128999998
10.43672
13.92703
18.2066500001
0.0
6.52399000002
13.50882
14.4565
13.85694
6.38563000015
16.4625299999
11.36398
10.45502
8.98673
6.57238000014
8.03934000002
8.73126999999
0.0
6.00962999987
17.80024
10.01503
13.5244100001
13.5774899999
6.26533000008
17.5065599999
5.95444
5.76182000001
7.11182000011
7.78479999991
8.48780999996
15.5298200001
15.8117099999
3.15104999999
10.3648400001
9.05742999993
0.0
9.85574999999
7.41778000002
13.16317
4.54691999999
7.45438000001
6.85230999999
13.4427799999
8.62511999987
22.0032800001
10.14328
16.3603000002
13.01176
0.0
8.80264999997
6.69123999996
10.6418700001
13.68224
29.5964400001
9.93173999991
7.02954000002
15.1951900001
10.559
5.25029
14.60561
34.0066200001
17.26518
8.08259999997
10.56539
14.3943100001
9.06959999993
11.71904
3.10404000012
0.0
10.6595600002
9.01993999991
8.81182000006
7.83936999994
9.28942000004
9.56235000002
8.51335999998
9.82417000004
5.62822999991
12.9268799999
10.77021
5.32274999993
12.97714
10.56653
8.07024000003
0.0
6.52676000004
0.0
9.91680000001
13.91493
80.8293100001
9.38332000002
0.0
10.0282599999
0.0
7.26444000006
10.26081
0.0
6.97981000005
8.30822999997
5.82915000001
10.2122500001
11.4212600001
11.8656500001
0.0
11.1231099999
13.15533
11.4616200001
24.72453
3.99109999998
50.08957
8.97242999997
7.38246999984
8.5872200001
8.42751000007
6.59489999991
0.0
8.34129000001
8.19181000011
0.0
6.28747999994
7.03098999988
6.2308100001
12.4708400001
7.59030999988
9.26356000011
10.18242
3.91052999999
8.04583999992
8.55629999994
11.3005100001
8.49692000006
5.36022999999
9.32359000016
15.18181
16.96112
13.7934199999
7.76841999998
6.23562999989
15.91571
6.06774999993
8.26228000002
18.7195799999
18.0335899999
0.0
10.9975199999
27.01708
4.77884999989
6.43865000014
10.2901400001
9.2731600001
9.44211999991
18.0787000001
0.0
9.93211000005
13.63426
10.4761699999
3.55532000004
10.4305900001
10.53822
9.25981999992
7.37569999998
5.68345000013
9.49284000008
5.84909000003
15.98206
9.76583000005
22.7329600001
17.73465
8.89179000002
7.12291999999
13.8271000001
14.2000599999
8.75494000013
23.99504
13.5557700001
15.1719800001
9.22128000006
7.95403000002
9.62667000003
9.58388999989
13.9965000001
13.7143600001
6.15459999989
13.3317500001
8.91636999999
8.67821999989
7.6182100001
9.87162999995
9.72772000008
6.49540999997
6.64571000007
7.27069000015
6.91712999996
12.54917
14.1404000001
0.0
12.5618299999
0.0
2.73765999998
10.98369
10.1769100002
0.0
8.48260999995
11.74607
7.33331000002
7.94626999996
6.04360999994
10.6525200001
4.48463999992
11.8319700001
6.04241000011
15.9539900001
13.1561799999
0.0
7.32247999986
8.95429000002
10.7159599999
5.46771999996
23.06091
13.36709
17.09565
7.73835
7.68394000002
0.0
6.34907999996
12.49936
7.53229999996
6.78980999999
7.65226
9.13563999999
16.2258599999
8.40661999991
10.4186
12.10433
8.57718999998
9.39127000002
24.5289
13.4958400001
11.37829
16.52864
5.59489000007
0.0
6.09917000018
17.99846
7.15142000001
16.10919
5.58617000002
12.4319799999
5.1052600001
6.00815999997
8.42026000004
21.29551
8.03136000002
14.6595
10.1632600001
9.67909000011
13.1287599999
0.0
17.0534
8.6777
0.0
5.32167000009
16.38095
9.3589900001
11.0606500001
6.12072000001
7.40708000003
20.58421
15.5298
9.28590000002
7.70571999997
10.5933800001
5.46993000002
12.3194400001
5.44819999987
9.9659500001
9.10057000013
18.65734
7.03126999992
45.7856800001
11.8737499999
5.96197999991
7.75178000005
6.46440000006
13.40787
24.76351
9.66232
13.7732000001
7.58373999991
31.6778099999
10.88301
2.95435999986
8.06718000001
9.72988999996
10.6766900001
0.0
10.01795
12.10176
12.9559599999
10.0927200001
14.2236500001
9.86248999997
18.35967
8.30740999989
17.1645600001
10.9658299999
13.8427100001
16.97121
5.40953999991
0.0
10.7051
0.0
13.74121
12.32171
7.96350000007
5.22270000004
17.4429000001
12.6659499999
0.0
6.97704999999
10.5449100001
7.05443000002
8.6349200001
8.40130000003
5.36262999999
0.0
7.48720999993
18.2226399998
7.68145000015
11.2174499999
11.6332300002
9.01664000005
17.4643100001
11.1604800001
10.51139
15.0506499999
0.0
12.1620599999
7.08669000003
25.6495000001
11.3943800001
7.28489000001
4.97764000006
0.0
6.22566999996
7.81687999994
11.66153
9.01365999994
12.2409000001
7.00919999997
8.45611999999
10.58092
9.84849999996
5.12227000005
10.76575
0.0
3.82253999996
0.0
12.27951
18.8182100001
15.4447000001
20.3008099999
10.4164
13.1414699999
8.66006000002
16.7848
4.16333999997
7.63306999998
9.79316999984
18.20956
13.66437
9.95542999997
20.5982299999
17.6757400001
5.0043400001
7.93591
16.1902299999
5.02112999989
14.86075
14.5850899999
12.2938400002
5.16717999999
16.7066100001
7.37621000002
0.0
5.46467999998
7.99837000004
9.05920000002
7.60989999992
3.50879999995
4.77827999997
14.2587
8.12278999994
16.2460800001
10.0385700001
9.7729199999
11.72921
7.94090000005
16.85162
12.5988200001
10.11276
11.2039399999
10.9928899999
8.14688000001
5.96819000004
9.71791999997
8.03689999995
7.95155
9.85871000006
0.0
12.4964299999
6.75918000005
14.8729599999
11.0714699998
21.9989900001
8.19923000003
15.03388
6.93617
17.7213500001
11.97805
0.0
3.33625999989
13.63341
13.86849
5.91717000003
10.73144
7.36627
16.16824
12.24447
9.66693000006
12.2931899999
7.38157999993
15.4902799999
18.10988
13.00509
4.89828000008
0.0
8.25450000004
10.04279
13.2144000001
0.0
11.35075
18.46451
13.7430700001
0.0
6.21519999998
8.64058000012
10.52413
9.53289999999
4.71178999997
0.0
22.88527
9.65781999996
0.0
5.84123000002
13.12911
7.40367999999
16.8076599999
13.05605
0.0
5.98270000005
6.58934000018
9.24861000001
9.57787000004
11.4305699999
9.23309999995
17.6691099999
12.7028200001
9.56101000018
12.3120200001
8.05248000007
11.83728
13.5938400001
20.8737800001
10.0375699999
8.54532999999
16.4455099999
12.56545
7.44666999998
10.6635100001
12.40783
9.48348000005
7.24690999999
7.86390999996
8.70466999989
8.71317
6.42532000004
9.37185
11.5297199999
11.2048600001
18.18562
0.0
0.0
8.14283000014
11.4077099999
7.97280000011
12.97676
8.07659999991
6.79351999995
7.1137000001
12.82121
6.94704
16.4155
11.38221
15.00952
4.69587000005
6.00825000007
21.9590800001
11.31045
10.0558399999
7.41332000005
12.59666
0.0
14.2765500001
0.0
11.7188300001
19.9527400001
10.7283
10.98276
8.29408000002
9.39183999994
9.85908999993
2.93227000011
5.36317999999
8.0747
7.40642000001
11.68354
8.46212000004
3.98574000003
13.1365199999
12.8702
5.70668000006
18.9423699999
0.0
11.2749600001
22.87482
0.0
14.65299
15.21396
19.9722
0.0
28.71288
8.66005000006
9.20251999993
7.2525699999
9.30477000005
0.0
7.0663399999
12.7772
16.69346
8.28191000002
9.46011999995
10.97936
10.8017099999
11.68108
11.6270699999
7.04111000011
11.5010299999
10.3256
13.1672999999
0.0
13.9640899999
17.2310800001
12.29484
7.92420000001
4.32712999999
22.13084
9.12554000004
7.19231999991
12.5044
21.78812
13.88021
12.79512
10.6806499999
15.3641700001
7.04060999991
7.97762000002
0.0
10.21737
28.09344
5.42195000011
10.52608
14.1270900001
10.9888100001
6.79108
14.0567699999
17.3161900002
13.08643
0.0
9.28543999989
32.0203000001
7.55933000008
11.96868
19.6209799999
14.85434
7.48363000003
10.73318
5.49381000001
9.50997999997
5.03944999992
9.22244000004
6.68511999992
10.41178
14.92074
5.73449000006
6.47740999993
20.49165
5.66172000009
13.3782799999
7.26410999999
12.77336
11.40126
7.42491000006
7.00865999993
11.0991200001
6.39205000002
14.98734
51.31462
35.3631399999
22.4363299998
12.15856
10.91825
11.45788
8.11858000001
8.4704300001
8.06868999999
5.92811999994
10.93145
7.52351999993
8.55772999988
0.0
10.19664
15.8424399999
0.0
5.07817999995
6.5322299999
4.78257000016
0.0
7.69342999998
0.0
10.45106
14.4603
43.29552
11.01426
11.1526100001
18.8125300001
7.23237999994
9.47025000001
0.0
4.52419000003
8.22921999998
10.13269
14.6725100001
11.8695299999
14.3556700001
9.21529000008
7.60985000001
11.54102
10.21682
5.05200000003
17.69464
8.48126000003
9.19880000013
9.25884000014
9.41256000008
13.57541
9.04342
7.57563000009
7.78504999995
6.79683999997
6.60599000007
0.0
16.6900300001
12.2347799999
6.59089999995
23.46834
20.7485599999
10.61298
5.57651000004
12.85374
9.09435999999
14.64281
9.14879000001
16.82728
0.0
5.75247000006
12.99417
22.5948899999
10.94382
10.0120100001
2.59992999979
13.6494399998
6.93661000009
11.0369999999
9.61219000001
7.10904000001
6.4625299999
6.24680999992
8.90844999999
10.00712
11.4393000001
6.6656999999
8.40811999992
8.2104199999
15.6599200001
6.59458000003
11.5555899999
7.47041999991
0.0
5.62006999995
15.3061899999
14.2676899999
24.9773
18.4199400001
8.98674999992
7.27749999997
4.56975999998
5.68030999997
5.97317000001
0.0
20.8136400001
10.7777400002
7.17423999985
11.3127599999
8.74421999988
6.8603099999
11.4739099999
8.72146999999
9.98940000008
8.76040999999
6.64408999984
11.5694500001
7.03653999988
18.4802699999
5.13193000003
15.8128500001
8.61430999998
11.13502
11.4394
10.7144300001
28.32048
12.4292499999
9.71013999986
7.97930999997
7.69381000008
0.0
4.29827000003
0.0
13.5703500001
11.08558
10.9494200001
17.25444
13.89858
0.0
0.0
7.80643999984
10.4732199999
6.35450000002
0.0
5.56662000006
10.7801
8.76433000015
14.02029
0.0
9.90240999998
10.83873
8.29241999995
13.2004000001
14.1840800002
7.02500999998
15.93525
6.25563999987
12.7948700001
6.52633999998
5.44773999997
0.0
12.6563499999
5.61093999993
7.07754999993
10.8167500001
15.5739
7.31887000008
5.34423000016
6.87767000007
7.30970999994
8.55471000005
10.2669899999
9.95563999994
0.0
7.37436999998
7.24001000007
8.95345000003
8.2390399999
8.51118999999
18.2474
12.28249
26.1331399999
11.4108800001
6.93020000006
2.74601
9.20545999997
9.73531999986
18.64682
11.11314
15.04654
3.37483999995
4.96471000009
4.79812000005
17.35395
16.9796500001
11.14302
10.41376
9.56365000003
15.58183
8.89598999999
12.9386100001
8.41120999993
12.38191
21.6563199998
10.6938799999
7.68317999993
0.0
8.62491999997
15.5567500001
18.17732
9.06890000007
14.1808900001
9.53711000003
11.08344
8.65934000001
10.09716
11.9187499998
7.62503000011
7.73994999996
4.83500000008
9.08468000009
12.33273
7.17432999995
15.45384
9.45456999994
10.14911
37.0381100001
9.33041000005
7.48047000007
8.08906000003
15.2355399999
6.83131999988
13.78422
9.26506000001
9.53622000013
0.0
10.3281200001
28.61141
11.10687
7.67220000003
0.0
9.17670000007
8.42657000001
11.2537500001
5.49646000005
16.6476100001
19.4545399999
11.6237100001
13.40587
0.0
16.8073899999
0.0
7.47019000002
12.92751
12.11674
10.9583300001
0.0
0.0
15.2283
13.7350699998
9.75630999997
6.57443000004
10.1359299999
11.9431999999
21.02698
5.95224999997
9.13668
11.464
13.4515099999
9.48139000009
7.79376999999
13.89449
9.50265000015
