11.5297199999
11.2048600001
18.18562
0.0
0.0
8.14283000014
11.4077099999
7.97280000011
12.97676
8.07659999991
6.79351999995
7.1137000001
12.82121
6.94704
16.4155
11.38221
15.00952
4.69587000005
6.00825000007
21.9590800001
11.31045
10.0558399999
7.41332000005
12.59666
0.0
14.2765500001
0.0
11.7188300001
19.9527400001
10.7283
10.98276
8.29408000002
9.39183999994
9.85908999993
2.93227000011
5.36317999999
8.0747
7.40642000001
11.68354
8.46212000004
3.98574000003
13.1365199999
12.8702
5.70668000006
18.9423699999
0.0
11.2749600001
22.87482
0.0
14.65299
