15.91571
6.06774999993
8.26228000002
18.7195799999
18.0335899999
0.0
10.9975199999
27.01708
4.77884999989
6.43865000014
10.2901400001
9.2731600001
9.44211999991
18.0787000001
0.0
9.93211000005
13.63426
10.4761699999
3.55532000004
10.4305900001
10.53822
9.25981999992
7.37569999998
5.68345000013
9.49284000008
5.84909000003
15.98206
9.76583000005
22.7329600001
17.73465
8.89179000002
7.12291999999
13.8271000001
14.2000599999
8.75494000013
23.99504
13.5557700001
15.1719800001
9.22128000006
7.95403000002
9.62667000003
9.58388999989
13.9965000001
13.7143600001
6.15459999989
13.3317500001
8.91636999999
8.67821999989
7.6182100001
9.87162999995
