0.0
9.28543999989
32.0203000001
7.55933000008
11.96868
19.6209799999
14.85434
7.48363000003
10.73318
5.49381000001
9.50997999997
5.03944999992
9.22244000004
6.68511999992
10.41178
14.92074
5.73449000006
6.47740999993
20.49165
5.66172000009
13.3782799999
7.26410999999
12.77336
11.40126
7.42491000006
7.00865999993
11.0991200001
6.39205000002
14.98734
51.31462
35.3631399999
22.4363299998
12.15856
10.91825
11.45788
8.11858000001
8.4704300001
8.06868999999
5.92811999994
10.93145
7.52351999993
8.55772999988
0.0
10.19664
15.8424399999
0.0
5.07817999995
6.5322299999
4.78257000016
0.0
