9.72772000008
6.49540999997
6.64571000007
7.27069000015
6.91712999996
12.54917
14.1404000001
0.0
12.5618299999
0.0
2.73765999998
10.98369
10.1769100002
0.0
8.48260999995
11.74607
7.33331000002
7.94626999996
6.04360999994
10.6525200001
4.48463999992
11.8319700001
6.04241000011
15.9539900001
13.1561799999
0.0
7.32247999986
8.95429000002
10.7159599999
5.46771999996
23.06091
13.36709
17.09565
7.73835
7.68394000002
0.0
6.34907999996
12.49936
7.53229999996
6.78980999999
7.65226
9.13563999999
16.2258599999
8.40661999991
10.4186
12.10433
8.57718999998
9.39127000002
24.5289
13.4958400001
