7.08669000003
25.6495000001
11.3943800001
7.28489000001
4.97764000006
0.0
6.22566999996
7.81687999994
11.66153
9.01365999994
12.2409000001
7.00919999997
8.45611999999
10.58092
9.84849999996
5.12227000005
10.76575
0.0
3.82253999996
0.0
12.27951
18.8182100001
15.4447000001
20.3008099999
10.4164
13.1414699999
8.66006000002
16.7848
4.16333999997
7.63306999998
9.79316999984
18.20956
13.66437
9.95542999997
20.5982299999
17.6757400001
5.0043400001
7.93591
16.1902299999
5.02112999989
14.86075
14.5850899999
12.2938400002
5.16717999999
16.7066100001
7.37621000002
0.0
5.46467999998
7.99837000004
9.05920000002
