7.69342999998
0.0
10.45106
14.4603
43.29552
11.01426
11.1526100001
18.8125300001
7.23237999994
9.47025000001
0.0
4.52419000003
8.22921999998
10.13269
14.6725100001
11.8695299999
14.3556700001
9.21529000008
7.60985000001
11.54102
10.21682
5.05200000003
17.69464
8.48126000003
9.19880000013
9.25884000014
9.41256000008
13.57541
9.04342
7.57563000009
7.78504999995
6.79683999997
6.60599000007
0.0
16.6900300001
12.2347799999
6.59089999995
23.46834
20.7485599999
10.61298
5.57651000004
12.85374
9.09435999999
14.64281
9.14879000001
16.82728
0.0
5.75247000006
12.99417
22.5948899999
