10.04279
13.2144000001
0.0
11.35075
18.46451
13.7430700001
0.0
6.21519999998
8.64058000012
10.52413
9.53289999999
4.71178999997
0.0
22.88527
9.65781999996
0.0
5.84123000002
13.12911
7.40367999999
16.8076599999
13.05605
0.0
5.98270000005
6.58934000018
9.24861000001
9.57787000004
11.4305699999
9.23309999995
17.6691099999
12.7028200001
9.56101000018
12.3120200001
8.05248000007
11.83728
13.5938400001
20.8737800001
10.0375699999
8.54532999999
16.4455099999
12.56545
7.44666999998
10.6635100001
12.40783
9.48348000005
7.24690999999
7.86390999996
8.70466999989
8.71317
6.42532000004
9.37185
