11.37829
16.52864
5.59489000007
0.0
6.09917000018
17.99846
7.15142000001
16.10919
5.58617000002
12.4319799999
5.1052600001
6.00815999997
8.42026000004
21.29551
8.03136000002
14.6595
10.1632600001
9.67909000011
13.1287599999
0.0
17.0534
8.6777
0.0
5.32167000009
16.38095
9.3589900001
11.0606500001
6.12072000001
7.40708000003
20.58421
15.5298
9.28590000002
7.70571999997
10.5933800001
5.46993000002
12.3194400001
5.44819999987
9.9659500001
9.10057000013
18.65734
7.03126999992
45.7856800001
11.8737499999
5.96197999991
7.75178000005
6.46440000006
13.40787
24.76351
9.66232
13.7732000001
