9.08822999999
14.19181
0.0
11.9329299999
0.0
13.49032
0.0
6.78341999988
13.8135999999
7.45132999984
13.10558
8.87985000003
8.18128999998
10.43672
13.92703
18.2066500001
0.0
6.52399000002
13.50882
14.4565
13.85694
6.38563000015
16.4625299999
11.36398
10.45502
8.98673
6.57238000014
8.03934000002
8.73126999999
0.0
6.00962999987
17.80024
10.01503
13.5244100001
13.5774899999
6.26533000008
17.5065599999
5.95444
5.76182000001
7.11182000011
7.78479999991
8.48780999996
15.5298200001
15.8117099999
3.15104999999
10.3648400001
9.05742999993
0.0
9.85574999999
7.41778000002
