7.58373999991
31.6778099999
10.88301
2.95435999986
8.06718000001
9.72988999996
10.6766900001
0.0
10.01795
12.10176
12.9559599999
10.0927200001
14.2236500001
9.86248999997
18.35967
8.30740999989
17.1645600001
10.9658299999
13.8427100001
16.97121
5.40953999991
0.0
10.7051
0.0
13.74121
12.32171
7.96350000007
5.22270000004
17.4429000001
12.6659499999
0.0
6.97704999999
10.5449100001
7.05443000002
8.6349200001
8.40130000003
5.36262999999
0.0
7.48720999993
18.2226399998
7.68145000015
11.2174499999
11.6332300002
9.01664000005
17.4643100001
11.1604800001
10.51139
15.0506499999
0.0
12.1620599999
