13.16317
4.54691999999
7.45438000001
6.85230999999
13.4427799999
8.62511999987
22.0032800001
10.14328
16.3603000002
13.01176
0.0
8.80264999997
6.69123999996
10.6418700001
13.68224
29.5964400001
9.93173999991
7.02954000002
15.1951900001
10.559
5.25029
14.60561
34.0066200001
17.26518
8.08259999997
10.56539
14.3943100001
9.06959999993
11.71904
3.10404000012
0.0
10.6595600002
9.01993999991
8.81182000006
7.83936999994
9.28942000004
9.56235000002
8.51335999998
9.82417000004
5.62822999991
12.9268799999
10.77021
5.32274999993
12.97714
10.56653
8.07024000003
0.0
6.52676000004
0.0
9.91680000001
