7.08736999996
4.46483999991
11.07153
5.49682000012
12.7158400001
5.50417999993
8.36931999994
17.0109999999
6.59188000008
0.0
10.39623
7.07648000016
10.13017
12.56068
10.74592
11.1309399999
11.9595
9.28078999999
0.0
2.38630999997
17.15761
11.9011199999
21.46213
7.05444999994
34.3224099999
8.54745999991
0.0
0.0
0.0
9.43883999996
21.3798
0.0
11.0740600001
13.87997
17.1284500001
8.68503999989
0.0
0.0
15.6298999999
14.5870200001
0.0
4.43730999995
6.84979999997
0.0
20.8875999999
11.74369
6.59060999984
7.51332000003
4.39152999991
10.54122
