11.4394
10.7144300001
28.32048
12.4292499999
9.71013999986
7.97930999997
7.69381000008
0.0
4.29827000003
0.0
13.5703500001
11.08558
10.9494200001
17.25444
13.89858
0.0
0.0
7.80643999984
10.4732199999
6.35450000002
0.0
5.56662000006
10.7801
8.76433000015
14.02029
0.0
9.90240999998
10.83873
8.29241999995
13.2004000001
14.1840800002
7.02500999998
15.93525
6.25563999987
12.7948700001
6.52633999998
5.44773999997
0.0
12.6563499999
5.61093999993
7.07754999993
10.8167500001
15.5739
7.31887000008
5.34423000016
6.87767000007
7.30970999994
8.55471000005
10.2669899999
9.95563999994
