10.94382
10.0120100001
2.59992999979
13.6494399998
6.93661000009
11.0369999999
9.61219000001
7.10904000001
6.4625299999
6.24680999992
8.90844999999
10.00712
11.4393000001
6.6656999999
8.40811999992
8.2104199999
15.6599200001
6.59458000003
11.5555899999
7.47041999991
0.0
5.62006999995
15.3061899999
14.2676899999
24.9773
18.4199400001
8.98674999992
7.27749999997
4.56975999998
5.68030999997
5.97317000001
0.0
20.8136400001
10.7777400002
7.17423999985
11.3127599999
8.74421999988
6.8603099999
11.4739099999
8.72146999999
9.98940000008
8.76040999999
6.64408999984
11.5694500001
7.03653999988
18.4802699999
5.13193000003
15.8128500001
8.61430999998
11.13502
