7.60989999992
3.50879999995
4.77827999997
14.2587
8.12278999994
16.2460800001
10.0385700001
9.7729199999
11.72921
7.94090000005
16.85162
12.5988200001
10.11276
11.2039399999
10.9928899999
8.14688000001
5.96819000004
9.71791999997
8.03689999995
7.95155
9.85871000006
0.0
12.4964299999
6.75918000005
14.8729599999
11.0714699998
21.9989900001
8.19923000003
15.03388
6.93617
17.7213500001
11.97805
0.0
3.33625999989
13.63341
13.86849
5.91717000003
10.73144
7.36627
16.16824
12.24447
9.66693000006
12.2931899999
7.38157999993
15.4902799999
18.10988
13.00509
4.89828000008
0.0
8.25450000004
