19.7839900001
3.5009199999
13.0899600001
0.0
5.21703000006
73.7869000001
14.52682
17.3214799999
13.1185799999
11.31805
12.6393899999
8.93964
15.6273800001
0.0
9.22881999996
12.5318299999
6.88573999994
13.16119
11.0669699999
17.3783100001
5.5727299999
10.4486799999
10.4306099999
18.2929
8.73853000009
15.2057
7.7895999999
10.24914
11.24579
9.11552000011
3.92236000008
17.2803400001
8.11994
15.47236
10.40527
4.35959000001
8.38298999995
7.75819999992
10.1753900001
7.53121999989
8.7076000002
0.0
13.8865100001
8.46114000003
35.01888
25.28091
13.67818
7.55909000011
10.2008799999
47.9898100001
