2.93734000006
5.13743000012
7.06579999998
6.28755999997
18.4277
0.0
8.9868500001
13.2754800001
10.5334799999
8.80721
7.59977999993
9.10259000002
14.87981
9.99047000008
13.27618
9.56302999996
11.60497
6.00378999999
6.08452999999
7.88312000001
5.13416000002
8.68128999998
0.0
13.1237699999
17.6904
8.10992000008
10.76104
0.0
9.79252999998
19.5149400001
8.00987000018
3.19072999991
5.70341999992
15.54576
8.30917000002
6.8639
12.5585
8.00714999996
13.53929
12.02462
8.28037000005
5.77649999992
18.7761
0.0
11.1993000001
14.4158300001
10.0181999999
15.5603700001
10.9906599999
4.35313000006
