3.34178000002
2.84768999997
16.9059199999
8.81377000001
0.0
10.7924799999
0.0
5.04961999995
0.0
9.74716999999
14.7197
3.66436000005
7.53417999996
19.6294199999
12.0360200001
10.81145
0.0
0.0
10.5095600002
9.54700999998
3.42586999992
4.24196000001
5.87898000004
6.38647999999
0.0
0.0
10.5781200001
11.0714400001
12.76193
6.84868000005
19.10086
8.11953999999
8.75621000002
12.45203
14.2112
9.81392999983
9.74362000008
41.06593
16.07886
13.2212000001
24.3852
5.45114000014
0.0
10.8892699999
22.59251
15.05603
7.60772999993
0.0
0.0
3.09502999997
