10.5136499999
5.59240999992
5.68833999999
15.5439500001
3.83013999998
14.4893599999
12.39427
6.23251
14.83617
6.04434999998
0.0
14.738
8.85671999992
12.12742
11.19865
13.81313
10.3519799999
6.50798999995
26.3207899999
6.97416999994
6.41894999996
3.353
7.24447000015
11.19969
6.19329000008
9.32218000002
17.61544
9.05351000011
7.97959999996
7.09545999998
0.0
6.27541
11.15446
4.45825000014
9.10736000002
13.41388
15.76714
11.5462699999
5.60132999998
7.35748000001
13.1547500001
5.53108999995
0.0
10.2759299999
11.88695
0.0
12.59031
16.8287600001
10.3135299999
6.95213999995
15.10059
0.0
0.0
7.18122000003
11.93644
9.15509999997
0.0
14.41441
7.09397999989
10.4329600001
13.0153599998
12.5527099998
7.84401999996
0.0
12.53799
10.40368
7.95374000003
8.44187999994
12.2525100001
6.7869399999
6.72492999991
9.65347000014
14.1953200001
8.83092999994
21.3115699999
8.86594000016
6.5316600001
15.8288499999
50.01512
9.25627999986
18.0060800001
8.63935000007
10.04453
13.56138
11.6143400001
0.0
0.0
11.9568500001
9.95944000012
7.53425999987
13.02445
8.91611999995
0.0
12.48786
13.2426300001
6.18750000012
9.41509999998
4.21867000009
9.68893999991
8.64406000008
9.24380000005
6.26595999999
10.52973
10.15311
15.76546
10.2655000002
9.28741999995
14.06196
29.22165
9.88706999982
0.0
11.2798499999
16.2465
9.3311200001
0.0
10.0800399999
15.75669
11.8098899999
9.62563999998
7.77620999992
11.2482599999
8.51997000002
10.1606499999
11.2081699999
10.40015
6.50410000002
11.35846
10.8557000001
19.0290100001
8.13364999997
14.4924000001
8.48230000003
13.7596800001
14.5900199998
7.74497999996
8.56483000005
5.14205000002
11.1518
5.38336999994
8.99071999989
10.75611
5.93877000001
5.70189000003
13.9751500001
8.50635000004
11.92448
15.7110300001
6.30217000004
9.96068000002
7.37783000001
12.0632999999
6.36525999999
18.33001
9.36426000006
12.0582
6.36695000005
10.45568
16.12152
13.1284199998
12.80911
4.90038000001
8.07614999998
10.39408
11.6874599999
11.11297
8.52484000009
14.66613
14.07418
25.4002599999
7.50384000002
6.02459999989
0.0
9.19852000009
9.46785999998
12.5843099999
17.5983300001
21.7977699999
0.0
10.87006
6.48392999987
10.79391
9.52378000005
10.0736300001
10.99193
25.8258999999
9.24230000004
5.49315999995
11.5951599999
0.0
7.22369999997
0.0
15.7527800001
19.30191
7.23061000009
24.86182
11.7632499998
11.68826
12.14964
12.0891699999
11.6560000001
14.06909
9.46719000011
13.49603
21.8922899999
14.31308
0.0
9.91709
3.89047999994
9.40993999992
7.61002000002
10.25859
7.30796000001
17.9883900001
0.0
0.0
0.0
15.0313099999
12.3464800001
8.52194000001
16.2746499999
13.6500299999
9.96029000008
15.0040300001
8.52756999992
14.71606
2.86067999993
2.93775999988
8.68466999999
14.598
6.6383799999
11.3286499999
7.79236000008
10.30788
12.60545
16.4069299999
5.27647000004
12.4783199999
0.0
35.4707900001
0.0
18.23722
8.54700000002
9.70330000005
11.61792
11.6095500001
9.88291999989
9.84323999996
6.33020999993
8.33507999999
8.8926700002
5.47787000006
13.76723
16.6140300001
0.0
0.0
13.78317
5.24731999997
9.93946999998
11.15017
10.24281
7.97056000005
7.09648000007
5.13160999992
12.5664199999
13.4617900001
12.1120699999
11.47802
0.0
7.73435000004
9.10077000002
8.59415000002
12.71262
12.69504
7.61636999995
3.93128000002
16.12943
12.8579699999
8.58536999999
14.9103100001
0.0
8.64355000015
16.32631
7.90847000002
11.22221
12.85649
14.47947
10.5600800001
11.39344
9.95126000023
12.9790899999
0.0
13.6311499999
6.87942000001
8.47274999996
0.0
6.33274999994
8.99374000006
7.6021299999
8.10360999999
5.0128400001
7.08906000003
10.5228100001
6.38792000001
8.48142999993
6.09941999998
13.74332
7.94052000018
11.5967499999
21.26281
9.16259999992
13.3490899999
8.61234999995
0.0
5.37202999997
8.82415999996
8.87640999991
14.98723
11.2669
28.2933100001
12.53533
0.0
12.58205
7.53622999985
11.4773899999
22.39523
8.07827000006
9.79078000004
11.39842
17.5629500001
8.39030000009
13.1879000001
11.32052
0.0
5.18316999997
11.3458700001
16.1513500001
8.7493299999
8.52404999989
8.12566000002
0.0
9.77215999993
6.30325999996
7.36663000006
3.98242999997
4.95208999992
7.76396000001
10.07023
10.4183400001
10.1214499999
0.0
12.14552
12.70078
17.4810199999
13.2898799999
10.94917
7.72561000008
9.46449000004
6.17094999994
11.9323
5.59898999997
12.2684700001
7.1537100001
20.10931
7.32780999993
13.8280400001
11.7360099998
22.9010100001
13.35378
8.4654499999
6.27145000012
12.65649
11.2885900001
6.14930999989
9.51060000004
9.08862000005
10.5719099999
32.06539
7.00930999999
13.4235999999
3.51144000003
3.15127999999
8.61869999999
10.86938
16.0297700001
4.35005999985
15.9794300001
11.71585
16.1505200001
5.50137999991
2.85534000013
14.6994299999
7.48881999997
7.24602999981
9.09944999986
0.0
0.0
15.41189
6.25442000001
8.20348000014
8.2183200001
2.93734000006
5.13743000012
7.06579999998
6.28755999997
18.4277
0.0
8.9868500001
13.2754800001
10.5334799999
8.80721
7.59977999993
9.10259000002
14.87981
9.99047000008
13.27618
9.56302999996
11.60497
6.00378999999
6.08452999999
7.88312000001
5.13416000002
8.68128999998
0.0
13.1237699999
17.6904
8.10992000008
10.76104
0.0
9.79252999998
19.5149400001
8.00987000018
3.19072999991
5.70341999992
15.54576
8.30917000002
6.8639
12.5585
8.00714999996
13.53929
12.02462
8.28037000005
5.77649999992
18.7761
0.0
11.1993000001
14.4158300001
10.0181999999
15.5603700001
10.9906599999
4.35313000006
3.34178000002
2.84768999997
16.9059199999
8.81377000001
0.0
10.7924799999
0.0
5.04961999995
0.0
9.74716999999
14.7197
3.66436000005
7.53417999996
19.6294199999
12.0360200001
10.81145
0.0
0.0
10.5095600002
9.54700999998
3.42586999992
4.24196000001
5.87898000004
6.38647999999
0.0
0.0
10.5781200001
11.0714400001
12.76193
6.84868000005
19.10086
8.11953999999
8.75621000002
12.45203
14.2112
9.81392999983
9.74362000008
41.06593
16.07886
13.2212000001
24.3852
5.45114000014
0.0
10.8892699999
22.59251
15.05603
7.60772999993
0.0
0.0
3.09502999997
0.0
7.70371999999
8.60277999996
13.1518699999
15.5621300001
6.84158999985
9.61273000005
10.6650399999
12.73988
8.64417999994
5.64612000005
3.60463000007
9.03487999993
11.73505
0.0
10.1176
5.25535999984
13.5324599999
11.39168
9.34916999983
11.3762300001
0.0
13.8465699999
26.76876
0.0
6.31134000001
9.96188000008
11.8910699999
15.9236300001
10.69132
7.38611000008
8.20898000011
14.5617400002
6.96295000007
6.80703000003
17.4948700001
10.7396599998
8.55563000008
11.7644
11.42888
11.4085699999
14.9211599999
7.11562000006
6.23323999997
6.64008999977
8.97132000001
13.81187
7.48633999994
6.27695999993
20.23425
9.72401000001
10.4614500001
0.0
14.4678400001
5.32996
5.81073999999
0.0
12.66903
5.32721999998
0.0
15.7349299999
10.0903599998
7.73700000008
8.75069999998
8.66616000002
12.2926700001
9.52789999999
9.51459999999
6.01370999985
10.2728900001
17.60671
3.94432000001
13.17165
3.34946000006
11.2236800001
9.88675999979
3.69617000001
14.05346
3.9246899999
14.73734
13.4396699998
0.0
12.1012400001
7.31108999997
11.2462899999
10.8631300001
0.0
6.79170000006
5.62970999989
14.92315
7.39653999999
9.04504000023
8.15114999993
9.01200999995
22.5545800001
4.70829999994
5.31944000011
12.30819
9.39214000001
16.75803
19.7839900001
3.5009199999
13.0899600001
0.0
5.21703000006
73.7869000001
14.52682
17.3214799999
13.1185799999
11.31805
12.6393899999
8.93964
15.6273800001
0.0
9.22881999996
12.5318299999
6.88573999994
13.16119
11.0669699999
17.3783100001
5.5727299999
10.4486799999
10.4306099999
18.2929
8.73853000009
15.2057
7.7895999999
10.24914
11.24579
9.11552000011
3.92236000008
17.2803400001
8.11994
15.47236
10.40527
4.35959000001
8.38298999995
7.75819999992
10.1753900001
7.53121999989
8.7076000002
0.0
13.8865100001
8.46114000003
35.01888
25.28091
13.67818
7.55909000011
10.2008799999
47.9898100001
0.0
10.09162
13.95016
15.2369499999
28.75875
11.7442000001
6.02050999994
5.75896000001
9.46591000003
9.08076000004
7.91070000001
13.36757
7.37600000005
7.41440999997
13.3475500001
6.16118000005
10.0594200001
0.0
6.49447999999
11.2051199999
0.0
12.1773
12.3645
13.4752199999
21.4295399999
9.21643999999
7.62873999996
17.9902999999
10.4458199999
19.01833
0.0
9.07541000005
12.2090800001
5.70003000007
10.11331
15.63034
10.9825699999
10.5136600001
10.5810399998
12.1300200002
11.3983
10.4972
11.78445
10.2352
12.39646
11.80224
15.86685
9.58799000003
5.00425999996
8.00562999991
11.75249
13.5309699998
9.04177000001
10.8986700001
5.54852999991
0.0
13.57103
11.15215
17.0503999999
10.6524299999
0.0
14.8803300001
10.6215400001
10.4592700001
6.15218000009
9.6793399998
17.9234500001
0.0
9.47623999999
0.0
10.0347799999
13.19734
5.32240000018
0.0
13.59431
9.96898000012
7.90862999985
8.52259999991
21.87598
8.60221999988
3.3244899998
10.65041
13.91362
4.52182999987
7.60796000005
12.07319
11.56481
11.68964
10.37208
17.7192000001
11.8437700002
10.55824
12.6612099999
7.91894
9.12104999996
14.28689
5.83917000005
9.30352999992
0.0
10.6669800001
10.91828
6.11878000002
12.9034299999
9.37069000001
5.28885000001
8.92930000008
0.0
13.54518
9.08446999989
14.53866
17.5882999999
5.55991999991
18.61118
0.0
0.0
5.92539000011
6.84837999998
6.04493999993
24.34309
14.43865
9.70912000001
23.2138000001
15.8696000001
11.85308
6.59242999996
9.23913999985
50.11522
14.2132499999
0.0
3.53332000016
0.0
7.78493999992
12.7330499999
5.84558000008
7.50431000022
17.44502
18.1933
7.23736999999
7.98809
14.56283
10.84585
11.46886
7.42642999999
6.05530000001
11.25314
12.0959
8.91478999995
8.85318000009
6.46766000008
7.79443999997
17.0215700002
5.90982000006
8.48501000006
10.68484
10.0868100001
0.0
11.9817900001
0.0
9.85586999997
11.23139
5.42462000006
5.83875
15.5958799999
11.0145899999
13.0491299999
32.62838
12.0497099999
9.21662000008
8.75009999995
5.25333000009
7.70990999998
9.40485000017
9.65694000002
4.20880000014
10.25955
10.3183299999
9.61217999994
12.1788399999
12.47345
3.90182000003
4.41303000005
11.12028
6.40362000011
12.4601499999
12.7980300001
0.0
4.87850999995
9.09290000005
17.84426
4.61969999992
10.21374
7.20271999994
15.0288299999
11.61578
14.4876100001
0.0
11.3433700001
9.4486
7.76542000007
11.61362
7.13333999994
5.57682000007
7.65338000003
13.7266199999
7.52046000003
12.9904199999
12.0177099999
6.98779000004
9.47213000001
16.9851099999
17.7047900001
13.5634900001
7.29979999992
15.76249
7.49224000005
15.5867200001
5.01168999996
10.6304800001
13.9234799999
14.1547
10.0973
7.47090999992
31.8286
23.32077
12.6717300001
7.81352000008
0.0
8.16347999987
47.6931700001
10.4432100001
12.04951
10.2687400001
12.52287
56.3040700001
6.80955000001
4.00164000003
0.0
9.89713000006
8.50011000002
0.0
5.52860000008
12.7528700001
13.0746899999
9.00108000007
11.5217
0.0
11.36245
0.0
6.64613999997
8.80097999994
5.84867999982
0.0
12.7021699999
10.36727
16.47864
0.0
8.63206000009
15.12004
13.28515
10.51399
12.6106099999
8.36028000002
6.97261000006
15.64818
0.0
10.3342
28.81727
6.85050000006
5.66934000002
12.70351
7.65625999996
15.0063199999
13.6767899999
9.45212999999
14.01729
9.58831999998
14.8584699999
10.1238999999
12.28672
5.48060000001
8.45581000007
6.56695999997
9.99332999997
14.93963
8.32208000007
15.6167199999
10.06935
3.86297000002
6.72961999988
8.54628000001
4.61413999996
10.7278499999
14.4718299999
11.31935
6.65342999995
10.2818999999
8.11008999997
9.59272000007
15.6934400001
13.2883799999
15.02325
7.59094999998
6.16527999996
12.8100899999
6.61525999999
12.2689300001
8.01569999987
8.54270999983
8.7054199999
0.0
21.04649
8.12364999996
13.0188899999
4.50205000001
7.60598999995
7.9249000001
11.6101800001
17.9635900001
4.88614000008
14.56099
4.64690000005
21.0016600001
9.76827
9.80564000004
7.6441899999
0.0
10.84731
18.7594699999
4.51035999996
5.53578000003
10.0575400001
0.0
10.5303100001
9.56017999991
15.1347699999
17.1058700001
8.75493000005
11.7163199999
12.06553
9.61074999999
9.84503000008
14.40548
8.44436999992
8.50487999991
3.12927999999
7.87077000004
7.82584000006
8.93357999995
10.7300400001
15.6236
