7.08906000003
10.5228100001
6.38792000001
8.48142999993
6.09941999998
13.74332
7.94052000018
11.5967499999
21.26281
9.16259999992
13.3490899999
8.61234999995
0.0
5.37202999997
8.82415999996
8.87640999991
14.98723
11.2669
28.2933100001
12.53533
0.0
12.58205
7.53622999985
11.4773899999
22.39523
8.07827000006
9.79078000004
11.39842
17.5629500001
8.39030000009
13.1879000001
11.32052
0.0
5.18316999997
11.3458700001
16.1513500001
8.7493299999
8.52404999989
8.12566000002
0.0
9.77215999993
6.30325999996
7.36663000006
3.98242999997
4.95208999992
7.76396000001
10.07023
10.4183400001
10.1214499999
0.0
