12.0632999999
6.36525999999
18.33001
9.36426000006
12.0582
6.36695000005
10.45568
16.12152
13.1284199998
12.80911
4.90038000001
8.07614999998
10.39408
11.6874599999
11.11297
8.52484000009
14.66613
14.07418
25.4002599999
7.50384000002
6.02459999989
0.0
9.19852000009
9.46785999998
12.5843099999
17.5983300001
21.7977699999
0.0
10.87006
6.48392999987
10.79391
9.52378000005
10.0736300001
10.99193
25.8258999999
9.24230000004
5.49315999995
11.5951599999
0.0
7.22369999997
0.0
15.7527800001
19.30191
7.23061000009
24.86182
11.7632499998
11.68826
12.14964
12.0891699999
11.6560000001
