11.75249
13.5309699998
9.04177000001
10.8986700001
5.54852999991
0.0
13.57103
11.15215
17.0503999999
10.6524299999
0.0
14.8803300001
10.6215400001
10.4592700001
6.15218000009
9.6793399998
17.9234500001
0.0
9.47623999999
0.0
10.0347799999
13.19734
5.32240000018
0.0
13.59431
9.96898000012
7.90862999985
8.52259999991
21.87598
8.60221999988
3.3244899998
10.65041
13.91362
4.52182999987
7.60796000005
12.07319
11.56481
11.68964
10.37208
17.7192000001
11.8437700002
10.55824
12.6612099999
7.91894
9.12104999996
14.28689
5.83917000005
9.30352999992
0.0
10.6669800001
