9.72401000001
10.4614500001
0.0
14.4678400001
5.32996
5.81073999999
0.0
12.66903
5.32721999998
0.0
15.7349299999
10.0903599998
7.73700000008
8.75069999998
8.66616000002
12.2926700001
9.52789999999
9.51459999999
6.01370999985
10.2728900001
17.60671
3.94432000001
13.17165
3.34946000006
11.2236800001
9.88675999979
3.69617000001
14.05346
3.9246899999
14.73734
13.4396699998
0.0
12.1012400001
7.31108999997
11.2462899999
10.8631300001
0.0
6.79170000006
5.62970999989
14.92315
7.39653999999
9.04504000023
8.15114999993
9.01200999995
22.5545800001
4.70829999994
5.31944000011
12.30819
9.39214000001
16.75803
