15.02325
7.59094999998
6.16527999996
12.8100899999
6.61525999999
12.2689300001
8.01569999987
8.54270999983
8.7054199999
0.0
21.04649
8.12364999996
13.0188899999
4.50205000001
7.60598999995
7.9249000001
11.6101800001
17.9635900001
4.88614000008
14.56099
4.64690000005
21.0016600001
9.76827
9.80564000004
7.6441899999
0.0
10.84731
18.7594699999
4.51035999996
5.53578000003
10.0575400001
0.0
10.5303100001
9.56017999991
15.1347699999
17.1058700001
8.75493000005
11.7163199999
12.06553
9.61074999999
9.84503000008
14.40548
8.44436999992
8.50487999991
3.12927999999
7.87077000004
7.82584000006
8.93357999995
10.7300400001
15.6236
