14.06909
9.46719000011
13.49603
21.8922899999
14.31308
0.0
9.91709
3.89047999994
9.40993999992
7.61002000002
10.25859
7.30796000001
17.9883900001
0.0
0.0
0.0
15.0313099999
12.3464800001
8.52194000001
16.2746499999
13.6500299999
9.96029000008
15.0040300001
8.52756999992
14.71606
2.86067999993
2.93775999988
8.68466999999
14.598
6.6383799999
11.3286499999
7.79236000008
10.30788
12.60545
16.4069299999
5.27647000004
12.4783199999
0.0
35.4707900001
0.0
18.23722
8.54700000002
9.70330000005
11.61792
11.6095500001
9.88291999989
9.84323999996
6.33020999993
8.33507999999
8.8926700002
