15.10059
0.0
0.0
7.18122000003
11.93644
9.15509999997
0.0
14.41441
7.09397999989
10.4329600001
13.0153599998
12.5527099998
7.84401999996
0.0
12.53799
10.40368
7.95374000003
8.44187999994
12.2525100001
6.7869399999
6.72492999991
9.65347000014
14.1953200001
8.83092999994
21.3115699999
8.86594000016
6.5316600001
15.8288499999
50.01512
9.25627999986
18.0060800001
8.63935000007
10.04453
13.56138
11.6143400001
0.0
0.0
11.9568500001
9.95944000012
7.53425999987
13.02445
8.91611999995
0.0
12.48786
13.2426300001
6.18750000012
9.41509999998
4.21867000009
9.68893999991
8.64406000008
