5.47787000006
13.76723
16.6140300001
0.0
0.0
13.78317
5.24731999997
9.93946999998
11.15017
10.24281
7.97056000005
7.09648000007
5.13160999992
12.5664199999
13.4617900001
12.1120699999
11.47802
0.0
7.73435000004
9.10077000002
8.59415000002
12.71262
12.69504
7.61636999995
3.93128000002
16.12943
12.8579699999
8.58536999999
14.9103100001
0.0
8.64355000015
16.32631
7.90847000002
11.22221
12.85649
14.47947
10.5600800001
11.39344
9.95126000023
12.9790899999
0.0
13.6311499999
6.87942000001
8.47274999996
0.0
6.33274999994
8.99374000006
7.6021299999
8.10360999999
5.0128400001
