17.0215700002
5.90982000006
8.48501000006
10.68484
10.0868100001
0.0
11.9817900001
0.0
9.85586999997
11.23139
5.42462000006
5.83875
15.5958799999
11.0145899999
13.0491299999
32.62838
12.0497099999
9.21662000008
8.75009999995
5.25333000009
7.70990999998
9.40485000017
9.65694000002
4.20880000014
10.25955
10.3183299999
9.61217999994
12.1788399999
12.47345
3.90182000003
4.41303000005
11.12028
6.40362000011
12.4601499999
12.7980300001
0.0
4.87850999995
9.09290000005
17.84426
4.61969999992
10.21374
7.20271999994
15.0288299999
11.61578
14.4876100001
0.0
11.3433700001
9.4486
7.76542000007
11.61362
