5.84867999982
0.0
12.7021699999
10.36727
16.47864
0.0
8.63206000009
15.12004
13.28515
10.51399
12.6106099999
8.36028000002
6.97261000006
15.64818
0.0
10.3342
28.81727
6.85050000006
5.66934000002
12.70351
7.65625999996
15.0063199999
13.6767899999
9.45212999999
14.01729
9.58831999998
14.8584699999
10.1238999999
12.28672
5.48060000001
8.45581000007
6.56695999997
9.99332999997
14.93963
8.32208000007
15.6167199999
10.06935
3.86297000002
6.72961999988
8.54628000001
4.61413999996
10.7278499999
14.4718299999
11.31935
6.65342999995
10.2818999999
8.11008999997
9.59272000007
15.6934400001
13.2883799999
