0.0
7.70371999999
8.60277999996
13.1518699999
15.5621300001
6.84158999985
9.61273000005
10.6650399999
12.73988
8.64417999994
5.64612000005
3.60463000007
9.03487999993
11.73505
0.0
10.1176
5.25535999984
13.5324599999
11.39168
9.34916999983
11.3762300001
0.0
13.8465699999
26.76876
0.0
6.31134000001
9.96188000008
11.8910699999
15.9236300001
10.69132
7.38611000008
8.20898000011
14.5617400002
6.96295000007
6.80703000003
17.4948700001
10.7396599998
8.55563000008
11.7644
11.42888
11.4085699999
14.9211599999
7.11562000006
6.23323999997
6.64008999977
8.97132000001
13.81187
7.48633999994
6.27695999993
20.23425
