7.13333999994
5.57682000007
7.65338000003
13.7266199999
7.52046000003
12.9904199999
12.0177099999
6.98779000004
9.47213000001
16.9851099999
17.7047900001
13.5634900001
7.29979999992
15.76249
7.49224000005
15.5867200001
5.01168999996
10.6304800001
13.9234799999
14.1547
10.0973
7.47090999992
31.8286
23.32077
12.6717300001
7.81352000008
0.0
8.16347999987
47.6931700001
10.4432100001
12.04951
10.2687400001
12.52287
56.3040700001
6.80955000001
4.00164000003
0.0
9.89713000006
8.50011000002
0.0
5.52860000008
12.7528700001
13.0746899999
9.00108000007
11.5217
0.0
11.36245
0.0
6.64613999997
8.80097999994
