10.5136499999
5.59240999992
5.68833999999
15.5439500001
3.83013999998
14.4893599999
12.39427
6.23251
14.83617
6.04434999998
0.0
14.738
8.85671999992
12.12742
11.19865
13.81313
10.3519799999
6.50798999995
26.3207899999
6.97416999994
6.41894999996
3.353
7.24447000015
11.19969
6.19329000008
9.32218000002
17.61544
9.05351000011
7.97959999996
7.09545999998
0.0
6.27541
11.15446
4.45825000014
9.10736000002
13.41388
15.76714
11.5462699999
5.60132999998
7.35748000001
13.1547500001
5.53108999995
0.0
10.2759299999
11.88695
0.0
12.59031
16.8287600001
10.3135299999
6.95213999995
