0.0
10.09162
13.95016
15.2369499999
28.75875
11.7442000001
6.02050999994
5.75896000001
9.46591000003
9.08076000004
7.91070000001
13.36757
7.37600000005
7.41440999997
13.3475500001
6.16118000005
10.0594200001
0.0
6.49447999999
11.2051199999
0.0
12.1773
12.3645
13.4752199999
21.4295399999
9.21643999999
7.62873999996
17.9902999999
10.4458199999
19.01833
0.0
9.07541000005
12.2090800001
5.70003000007
10.11331
15.63034
10.9825699999
10.5136600001
10.5810399998
12.1300200002
11.3983
10.4972
11.78445
10.2352
12.39646
11.80224
15.86685
9.58799000003
5.00425999996
8.00562999991
