10.91828
6.11878000002
12.9034299999
9.37069000001
5.28885000001
8.92930000008
0.0
13.54518
9.08446999989
14.53866
17.5882999999
5.55991999991
18.61118
0.0
0.0
5.92539000011
6.84837999998
6.04493999993
24.34309
14.43865
9.70912000001
23.2138000001
15.8696000001
11.85308
6.59242999996
9.23913999985
50.11522
14.2132499999
0.0
3.53332000016
0.0
7.78493999992
12.7330499999
5.84558000008
7.50431000022
17.44502
18.1933
7.23736999999
7.98809
14.56283
10.84585
11.46886
7.42642999999
6.05530000001
11.25314
12.0959
8.91478999995
8.85318000009
6.46766000008
7.79443999997
