12.14552
12.70078
17.4810199999
13.2898799999
10.94917
7.72561000008
9.46449000004
6.17094999994
11.9323
5.59898999997
12.2684700001
7.1537100001
20.10931
7.32780999993
13.8280400001
11.7360099998
22.9010100001
13.35378
8.4654499999
6.27145000012
12.65649
11.2885900001
6.14930999989
9.51060000004
9.08862000005
10.5719099999
32.06539
7.00930999999
13.4235999999
3.51144000003
3.15127999999
8.61869999999
10.86938
16.0297700001
4.35005999985
15.9794300001
11.71585
16.1505200001
5.50137999991
2.85534000013
14.6994299999
7.48881999997
7.24602999981
9.09944999986
0.0
0.0
15.41189
6.25442000001
8.20348000014
8.2183200001
