9.24380000005
6.26595999999
10.52973
10.15311
15.76546
10.2655000002
9.28741999995
14.06196
29.22165
9.88706999982
0.0
11.2798499999
16.2465
9.3311200001
0.0
10.0800399999
15.75669
11.8098899999
9.62563999998
7.77620999992
11.2482599999
8.51997000002
10.1606499999
11.2081699999
10.40015
6.50410000002
11.35846
10.8557000001
19.0290100001
8.13364999997
14.4924000001
8.48230000003
13.7596800001
14.5900199998
7.74497999996
8.56483000005
5.14205000002
11.1518
5.38336999994
8.99071999989
10.75611
5.93877000001
5.70189000003
13.9751500001
8.50635000004
11.92448
15.7110300001
6.30217000004
9.96068000002
7.37783000001
