0.0
0.0
0.0
15.49845
0.0
13.49326
0.0
9.50560000003
9.74349999998
0.0
0.0
29.6683799999
0.0
25.22769
0.0
0.0
0.0
0.0
0.0
10.0857600002
10.9151000001
0.0
0.0
0.0
0.0
0.0
0.0
0.0
14.68856
0.0
7.20285
11.3722899999
7.89586000005
10.51526
0.0
24.9738700001
0.0
0.0
0.0
16.61347
10.1781299999
6.59904
5.37758000009
11.64558
7.31469999999
14.07155
0.0
0.0
15.0283400001
17.7369
0.0
0.0
0.0
0.0
0.0
0.0
3.70819999999
0.0
0.0
7.26017999998
0.0
0.0
14.6012400001
10.28258
6.60727000004
0.0
0.0
11.2452000001
0.0
14.6800300002
0.0
12.48863
9.4837499999
6.06168000004
0.0
11.68992
7.94639000006
8.1969000001
9.94709000003
0.0
0.0
0.0
0.0
0.0
8.22954999993
0.0
12.2296000002
0.0
10.2903199999
0.0
0.0
0.0
7.7045799999
16.43567
0.0
0.0
0.0
0.0
0.0
0.0
16.1207
5.82472000003
9.56333999999
8.31423000002
12.0535200001
10.88359
0.0
7.97129999998
0.0
0.0
0.0
0.0
8.51821000013
0.0
0.0
21.11768
9.67111000011
0.0
0.0
20.01399
10.26364
0.0
0.0
0.0
0.0
0.0
9.6407499999
0.0
9.90234999999
0.0
7.23329000012
66.6047100001
0.0
0.0
0.0
0.0
0.0
0.0
0.0
0.0
16.09852
10.0042999998
10.39526
9.96921999985
0.0
10.70216
0.0
10.01449
10.34704
0.0
0.0
5.47848000005
0.0
6.81059999997
0.0
10.1769300002
0.0
7.02848999994
3.70169000002
9.69791999995
3.79001999984
8.58409000013
8.13225000002
0.0
0.0
0.0
0.0
0.0
11.2820000001
11.7241400001
0.0
7.03065999993
6.06213999994
0.0
0.0
8.48200999992
13.33672
0.0
0.0
12.58305
0.0
0.0
0.0
0.0
14.2586600002
0.0
0.0
0.0
6.13311000005
5.95385999989
8.41535999998
0.0
0.0
7.73350000009
0.0
10.99716
0.0
0.0
10.50408
0.0
5.42349000007
0.0
0.0
13.95964
0.0
0.0
0.0
7.77769000002
11.70245
0.0
0.0
0.0
5.69741000002
0.0
0.0
0.0
0.0
0.0
0.0
17.6344999999
0.0
0.0
9.02767999994
0.0
0.0
10.05952
0.0
0.0
0.0
0.0
0.0
8.07681
0.0
0.0
0.0
0.0
8.26079000009
3.52776999993
0.0
9.75831000006
0.0
0.0
0.0
0.0
0.0
0.0
0.0
0.0
0.0
0.0
0.0
10.45049
12.37896
12.96666
0.0
0.0
0.0
11.2483700002
0.0
0.0
5.98407000001
7.48135999998
0.0
10.15408
11.7300700002
11.76017
0.0
0.0
0.0
0.0
0.0
8.82924999995
0.0
0.0
0.0
7.49777000002
14.47474
0.0
34.1781
0.0
0.0
0.0
0.0
0.0
0.0
0.0
0.0
0.0
0.0
17.3874799999
0.0
0.0
0.0
0.0
0.0
0.0
0.0
0.0
0.0
0.0
0.0
0.0
0.0
0.0
0.0
8.66947000008
0.0
0.0
12.95226
8.83164000011
10.2793999999
0.0
12.2662900001
6.37392000004
0.0
0.0
0.0
0.0
0.0
0.0
14.2472600001
14.30041
15.61375
11.09733
0.0
0.0
0.0
7.65425999998
0.0
7.72612000001
9.09257999994
0.0
0.0
0.0
7.42021999985
10.29042
9.90807999996
0.0
0.0
0.0
0.0
0.0
0.0
13.5052499999
0.0
7.94483000005
6.76332999999
6.65633000003
0.0
0.0
25.85373
0.0
7.13893999998
0.0
0.0
9.18919000006
0.0
16.54828
5.49442999996
10.4880899999
0.0
20.4297500001
0.0
10.9339300001
0.0
9.67045999994
10.31275
10.11859
4.5337400001
0.0
8.03998999996
15.4285700001
0.0
10.0678899999
0.0
0.0
0.0
0.0
0.0
0.0
0.0
0.0
0.0
7.46401
0.0
11.00725
0.0
0.0
0.0
17.5855
38.04734
14.42422
8.76753999991
13.18446
0.0
6.84780999995
0.0
4.52296999993
0.0
0.0
10.22817
0.0
0.0
7.64390000002
0.0
8.22157000005
0.0
0.0
0.0
0.0
5.59320999996
0.0
0.0
0.0
0.0
0.0
7.08546000009
0.0
5.79316999996
8.26461999991
0.0
0.0
10.70932
0.0
0.0
0.0
7.33403999999
16.5521099999
17.7696199999
18.3580199998
0.0
0.0
0.0
58.9840800001
0.0
0.0
9.09886000003
14.54134
11.04879
0.0
0.0
0.0
0.0
0.0
0.0
0.0
0.0
0.0
0.0
0.0
9.10994999995
24.81566
0.0
3.80341999989
9.34242
0.0
20.2223199999
0.0
0.0
11.2371899999
0.0
9.05573000002
0.0
0.0
0.0
0.0
10.68788
0.0
0.0
0.0
11.7980299999
0.0
0.0
9.67035000003
4.56576000003
7.45718000003
5.64200999995
0.0
0.0
4.01445999998
0.0
11.25657
7.49928000011
30.9173199999
0.0
0.0
0.0
24.5687899999
0.0
13.7984900001
11.7335099999
0.0
0.0
16.3020799999
5.30399999989
0.0
0.0
0.0
17.91896
0.0
0.0
0.0
0.0
7.08348000003
8.64206999994
0.0
7.11322000006
0.0
0.0
9.93616999988
0.0
0.0
26.28513
0.0
0.0
11.6609100001
14.6104799999
0.0
0.0
10.08626
15.2531800001
0.0
10.4629899999
5.75728999998
0.0
0.0
7.25708999997
0.0
9.88742000004
13.7160400001
9.95389999996
0.0
7.59056999988
0.0
9.91531000007
0.0
7.93856000004
0.0
14.80553
0.0
0.0
0.0
0.0
0.0
6.16255999997
8.15475999995
0.0
0.0
0.0
0.0
14.0186400001
8.28804000001
0.0
0.0
20.5636999998
0.0
6.15592000005
9.58116000006
0.0
0.0
7.02250999992
0.0
0.0
9.60495000007
0.0
5.18381999992
11.91492
9.92006999999
8.36757999996
6.95843
11.66125
0.0
24.2282800002
19.02754
32.7880199999
0.0
0.0
0.0
0.0
0.0
8.92634000001
0.0
12.5981000001
7.3314599999
12.6328199999
0.0
15.85617
15.2925
17.1707800002
0.0
9.32597000001
6.02194999985
9.96640999999
0.0
0.0
8.52327000001
22.79373
0.0
12.3332900001
0.0
6.82703000004
0.0
0.0
0.0
7.40867000003
5.69676999992
8.80507999996
0.0
0.0
0.0
0.0
0.0
0.0
0.0
0.0
0.0
5.1094099998
0.0
0.0
0.0
0.0
9.71701999998
5.8608400001
0.0
0.0
15.3716300001
0.0
20.0504299999
0.0
15.10593
22.9810399999
0.0
6.12994999997
9.05165000004
0.0
0.0
0.0
0.0
4.11542000005
0.0
11.1928300001
0.0
0.0
6.45082999987
0.0
20.66966
0.0
7.5501600001
0.0
0.0
0.0
0.0
0.0
0.0
0.0
4.50812000001
10.43055
13.30766
0.0
0.0
0.0
9.57387999992
0.0
0.0
33.6146399999
0.0
0.0
6.98088000005
0.0
0.0
7.85928999993
0.0
0.0
12.1873399999
6.61465
0.0
0.0
0.0
14.29901
7.42905999999
0.0
7.80539999995
10.15475
0.0
14.78489
10.29256
0.0
0.0
0.0
0.0
0.0
0.0
9.0395800001
0.0
0.0
9.6238200001
10.8883700001
0.0
6.86288999999
0.0
11.6675199999
0.0
0.0
0.0
0.0
0.0
0.0
0.0
5.64477999997
11.6523900001
9.96025
0.0
6.74742999999
0.0
9.94571
5.61515000009
0.0
9.47833999991
0.0
9.27945999999
17.25983
0.0
0.0
7.77682999999
0.0
0.0
5.90880999994
13.07413
0.0
0.0
0.0
0.0
0.0
0.0
0.0
13.6663800002
11.4927899999
33.62116
0.0
0.0
11.31366
11.7701999999
9.37455000018
8.37867999997
0.0
0.0
15.2681299999
0.0
0.0
0.0
12.8168200001
15.68328
0.0
15.6584600002
16.7972599999
0.0
10.40601
0.0
14.68297
5.35413000023
0.0
0.0
7.62656999985
0.0
6.99069999997
0.0
0.0
0.0
0.0
13.1767899999
0.0
11.9151999999
11.9497699999
17.2315699999
0.0
0.0
0.0
0.0
10.5628699999
0.0
0.0
7.89257999999
0.0
7.02635000006
0.0
0.0
0.0
0.0
0.0
0.0
0.0
0.0
9.01374999981
14.3541799999
19.0731
0.0
9.45605999988
0.0
0.0
0.0
0.0
0.0
0.0
0.0
7.61498000007
0.0
7.33139000006
0.0
10.1254199999
0.0
0.0
0.0
10.6053499999
9.79565999983
12.07256
0.0
0.0
0.0
0.0
11.4821799999
0.0
0.0
0.0
0.0
0.0
7.09643000015
0.0
8.92008999991
0.0
11.5870299999
0.0
6.35719999997
36.42661
13.54076
12.1324
15.30064
8.44554999995
0.0
0.0
8.86981999991
7.17663
0.0
10.01443
0.0
8.5808
7.2475099999
0.0
17.5164
13.01379
0.0
0.0
0.0
0.0
5.93431999988
8.10433000012
0.0
0.0
0.0
6.65538999997
0.0
0.0
0.0
19.6765300001
8.75204000005
9.30664999993
8.00854999991
0.0
9.92744999996
0.0
0.0
0.0
0.0
19.1085500001
8.05873000005
8.61411999993
0.0
0.0
0.0
0.0
0.0
0.0
26.52962
0.0
0.0
0.0
16.1701600001
0.0
0.0
0.0
12.74185
0.0
0.0
0.0
0.0
0.0
16.20051
0.0
13.5070399998
0.0
0.0
0.0
13.5401699999
8.52018999995
0.0
8.71604999993
0.0
0.0
8.21792000008
9.65007000009
9.31371999998
11.66749
0.0
0.0
11.72239
0.0
0.0
0.0
16.41017
0.0
0.0
0.0
11.6099400001
0.0
9.17249000014
0.0
0.0
9.36413000012
0.0
0.0
5.96676999994
0.0
0.0
0.0
0.0
4.03401000006
0.0
0.0
0.0
13.69497
9.44915999996
13.7985700001
9.74228000001
0.0
0.0
0.0
28.7176600001
9.91576999996
0.0
9.50547999982
0.0
0.0
9.29270999995
0.0
0.0
0.0
7.66651999997
10.0037100001
0.0
0.0
5.34299999999
0.0
9.96721999987
22.3637199999
0.0
0.0
0.0
0.0
20.3086099999
0.0
7.68320999993
0.0
7.13875999989
6.17163999996
8.4106399999
8.37436999998
0.0
13.52313
7.48635000002
11.2871799999
10.75489
0.0
16.62899
8.81004999997
0.0
9.7948899999
0.0
0.0
10.0989600001
4.21825999988
0.0
0.0
7.57854000002
0.0
7.44380999985
0.0
0.0
14.6576899998
10.08725
8.96214000008
0.0
