2
8 8 1
0 9.3 15.5 19.1 19.7 44.4 59.2 117.4
0.95377956 0 14.3 18.1 19.3 44.1 60.8 116.5
1.7179896 1.5705369 0 18.4 18.9 45.7 60.9 117.1
2.2081077 2.0595623 2.1161532 0 16.2 48.7 54.8 121.5
2.2993218 2.2419404 2.1953679 1.7978435 0 47.8 53.6 114.8
7.6281057 7.6199109 8.0925888 8.9062262 8.665926 0 61.6 128.4
12.021789 12.5446 12.5377 10.449907 10.043973 12.906058 0 118.3
58.262667 57.030287 58.17013 63.487063 55.023234 74.82922 60.298454 0
8 8 2
0 11.3 15.8 18.2 20.3 36.3 57.8 118.4
1.1544001 0 13.7 15.7 18.7 35.4 55.4 118.8
1.7060719 1.430372 0 13.8 16.1 36 56.8 114.9
2.0344506 1.6953714 1.4487148 0 14.9 36.2 56.1 112.6
2.3240496 2.084258 1.7419549 1.5929981 0 34.8 53 116.2
5.3568122 5.1665358 5.2821719 5.3484362 5.0166515 0 58.4 122.8
11.738569 10.843621 11.339412 11.044182 10.09838 12.100542 0 123.1
61.428193 62.605769 57.528642 54.369297 59.230859 69.03175 68.867262 0
