19.3313499999
14.0234299999
21.2331199999
9.16971000005
17.9953900001
14.99384
13.76425
6.14009999996
20.33582
17.8039599999
17.8053400001
5.23763999995
15.3427800001
27.7414999999
16.2152500001
7.52263999998
20.10005
14.71462
17.8368499998
8.54556999996
13.6706599999
8.75401000003
16.93123
15.87497
9.25951000012
13.0618199999
21.83575
9.54252000002
7.94745999994
14.03621
7.24941999989
9.60940999992
14.77669
22.8735100001
13.34632
13.7129
13.6829599999
7.40932000009
16.17789
16.6641400001
11.6191400001
22.17755
23.91139
6.15281999996
12.4920099999
26.86473
14.8814000001
10.34373
20.72979
9.13422000001
