12.39822
18.89469
9.53667000006
16.3950099999
21.26377
8.29943999997
23.71042
13.84005
11.03344
7.59765000001
19.7679
15.82177
18.3268799999
12.8464800001
12.8752199998
8.9437699999
17.77308
10.69432
8.13376000011
12.68615
13.8901000001
13.1693200001
16.27404
27.6714100002
25.71904
19.79614
19.88642
22.06794
13.34217
12.92484
23.55291
14.1300299999
18.67184
14.0826999999
11.2672500001
19.76229
19.29907
8.47987000004
25.0045700001
19.3904599999
10.5660399999
12.53455
17.7676000001
16.1291799999
10.7332299999
15.3692399999
13.94146
16.2765299999
16.68169
9.55961
