6.79222000006
13.8219100001
13.5032500001
9.79723000003
13.21133
15.52373
23.51697
17.13988
21.1716
8.71013000002
15.16896
8.20893999981
14.8351700001
16.53097
6.53475000011
16.5057799999
12.6810499999
15.63295
24.08502
22.41475
10.3356799999
9.00932999991
14.3408199999
8.38844000001
8.92518999998
16.5594199998
16.7814900001
10.28312
10.7384
11.54597
15.44981
9.14280999999
18.94116
13.68329
23.71505
15.9189100001
21.4182000001
9.26751000003
17.4337599999
16.8167600001
23.2995399999
20.28015
11.0761099999
10.0950600001
11.92214
9.04845
8.6192800001
23.50076
5.85358
10.59474
