6.21039000014
14.7003900001
18.6607600001
15.6014800001
10.22944
18.5789800001
10.77029
11.40964
10.45605
8.74097000004
13.4162999999
13.36204
15.9861900001
14.4034
14.52993
10.72863
10.8297999999
8.64918000007
16.2764399999
2.36564000009
19.3515499999
13.8350900001
26.4474800001
13.2226
10.9029700001
9.97370000009
18.4079899999
5.22153999994
18.1174300001
18.0831300002
8.68244
12.40405
7.53164000006
15.1964299998
7.14398000005
11.47433
10.3797099999
20.62286
11.02124
20.47352
9.53978000011
11.7985
9.73453999998
28.0584999999
26.67808
8.63951999997
11.63609
20.5866899999
18.5554000001
15.96068
