3.93567000004
9.80468000006
7.60690999997
21.2067799999
10.19092
8.69753999996
12.60297
11.8176500001
5.30406000011
18.11927
24.2022599999
20.16335
11.84523
9.42082
11.87689
17.40483
13.25339
18.86722
23.0708000001
13.33791
16.4821699999
7.85554999998
12.52165
12.18862
14.3910700001
14.2690000001
23.70117
22.8936399999
8.92265999992
16.73924
16.9345
9.48257999995
9.45942000009
18.62321
7.15642000001
20.61095
12.47437
7.95178999996
11.29842
14.95181
23.26437
16.64714
31.9688500001
14.59396
16.87009
11.55834
21.0664699998
15.43536
14.22373
15.7369199999
