18.11849
16.5120900001
16.3637999999
13.8961999998
14.3278600001
19.4414299999
13.51249
29.61788
16.3603599999
19.6224499999
8.62248999998
22.53137
11.1461100001
16.42669
11.8235499999
11.8274
13.88345
13.97749
13.4008099999
7.90518999996
17.4781899999
14.3462800001
15.38104
14.4242400001
8.22219
16.42654
13.3475
19.8298299999
18.9417399999
7.92755000002
10.5677000001
10.8216300001
19.11996
6.20834999997
21.1877799999
12.5168100002
14.1293500001
10.01985
16.30592
11.78455
7.26349000004
17.6411499999
12.3289099999
14.2270999999
16.9777899999
20.1609800002
12.0101100001
9.98667999997
10.63804
11.35707
