18.2467599998
24.8269500001
15.07813
9.41099
14.53906
7.09777999995
17.45471
13.82479
23.05965
20.57796
17.9288699999
9.13017999998
10.01984
13.4566799999
6.14251000003
10.9122799999
19.13209
18.78518
15.6746700001
18.66489
24.9049300001
21.4962200001
5.56121000007
7.58588000014
20.4794099999
16.8556600001
15.2728999999
14.85158
29.65159
13.73856
10.96153
19.6361999999
15.5640700001
9.37092000002
13.91235
24.4891200002
17.1485799999
11.64436
9.38378999999
12.9568
10.58877
16.68446
15.19063
22.3237899999
13.8315999999
17.52199
7.63748000003
19.83705
13.7638300001
17.39274
