9.72565000004
16.50056
9.91330000001
14.8118700001
21.87798
6.38260000013
15.6458000001
7.75765000004
16.41024
14.14756
14.7117700001
14.6273200001
9.89255000011
13.34662
17.1571899999
11.32349
20.76874
17.07878
16.45565
7.09010999999
6.18883999996
13.36109
17.7191500001
4.21315000008
8.82748000009
19.41998
22.12465
20.91391
10.52876
27.31862
14.61066
25.2451700001
7.23998999991
8.0456500001
12.5717399999
19.81837
11.1316500001
15.90754
17.73066
7.49260999996
15.7429900001
24.6569299999
14.7571199998
11.12402
17.1986499999
29.42729
8.38990999991
10.44007
12.1142900002
17.26538
