21.6246400001
14.67941
13.9549799999
12.28792
19.55949
11.4501199999
18.56253
10.3306999999
7.71254999994
8.52656999999
12.2126999999
11.6967300001
14.72266
27.06446
11.41934
20.7463499999
21.26783
6.8443900001
14.0589300001
17.2646600001
6.65200999996
5.89336999995
10.1626400001
10.33
5.88260999997
14.6246999999
15.7666600001
7.44532000006
24.65137
19.84532
13.9160000001
9.97805999988
14.2000899999
14.7569700001
12.2883100001
15.21319
10.83581
11.87423
16.5687600001
26.67423
18.8946900001
19.3031400001
8.14286999998
16.39238
6.81387000007
6.0808
6.78185999987
13.50416
17.59004
8.55921000009
