15.53818
4.25399
16.2136299999
22.30162
16.57625
4.15648000001
10.55519
19.6329899998
18.8385500001
10.4093800001
7.60664000001
23.1815999998
23.7227299998
9.15353000001
12.79045
15.1754500001
20.2926800001
15.13025
15.7695200001
20.2779199999
21.2228999999
0.826039999956
18.05165
18.69505
16.65839
18.7483599999
10.00161
13.1511499999
13.27438
6.57599000004
26.9099
7.79017999989
11.79319
10.80514
19.4758899999
4.26645999996
12.36237
22.6801999999
19.8377700001
22.08746
16.18348
13.9314100001
25.85173
20.9356
11.83404
17.6775100001
20.4183500001
12.3534799999
9.17713000008
28.8131
