11.18457
6.90139999986
20.8126899999
17.6071500001
25.5048600001
16.01428
10.7187699999
10.61491
9.91504999995
12.8333599999
8.54006999999
18.8346699999
17.2563900001
12.6806999999
10.1339199999
29.24443
15.45039
13.8539399999
14.42386
7.28025000007
13.7639400001
10.3700199999
13.3885099998
16.7429699999
12.549
7.41278000001
8.16394
12.04231
21.6039400001
12.88805
9.59161
4.89010999992
24.1930600001
12.46052
18.0829800001
10.07229
17.3884299999
12.10922
12.4043299999
20.61488
16.4444299999
17.26306
16.7132499999
15.5096399999
15.9058999999
24.45594
8.70411999989
12.3833900001
17.5286100002
13.1643300001
