21.24303
17.3633999999
13.1577900001
16.1038899999
21.21682
16.0735300001
16.92319
17.17233
6.67271000007
9.77961999993
15.44987
12.10832
9.10159999994
18.27856
8.1703
17.4356199999
11.74632
15.62913
11.73987
12.29214
23.8749000001
12.2190099999
13.56017
5.07387999992
18.0831800001
17.0522099999
9.22672999999
20.06895
14.11277
17.9864000001
10.37911
25.8564100001
15.5936400001
12.73847
16.2459699999
10.96312
9.03741000011
14.6247099999
11.51784
10.07077
26.4126500001
19.48035
10.4551099999
22.70953
4.23910999997
6.51172000007
11.74979
12.5508399999
13.98792
17.96267
