18.2467599998
24.8269500001
15.07813
9.41099
14.53906
7.09777999995
17.45471
13.82479
23.05965
20.57796
17.9288699999
9.13017999998
10.01984
13.4566799999
6.14251000003
10.9122799999
19.13209
18.78518
15.6746700001
18.66489
24.9049300001
21.4962200001
5.56121000007
7.58588000014
20.4794099999
16.8556600001
15.2728999999
14.85158
29.65159
13.73856
10.96153
19.6361999999
15.5640700001
9.37092000002
13.91235
24.4891200002
17.1485799999
11.64436
9.38378999999
12.9568
10.58877
16.68446
15.19063
22.3237899999
13.8315999999
17.52199
7.63748000003
19.83705
13.7638300001
17.39274
12.41788
11.61065
18.0485100001
22.7887599999
15.4797199999
11.7453300001
12.36354
20.63167
12.6385
18.7554699999
8.69273000001
15.4428
15.5631299999
21.70606
17.9036499999
8.08260000008
12.3295599999
7.36271999998
15.2254799999
11.3594999999
18.97476
19.41868
10.5655200001
17.7442299998
18.1636699999
13.77947
13.94882
15.8180600001
11.60126
16.74734
14.2868999999
6.5073099999
18.63599
13.9925299999
14.6339499999
17.40157
10.6702299999
13.8992300001
10.27676
10.37628
16.8910200001
21.32175
6.87202999997
21.5837099999
15.2211199999
14.69837
22.2136200001
12.30631
13.3585699999
13.3537399998
13.2649299999
23.9086499999
17.40707
22.1608899999
13.0224499999
14.66236
5.97160000005
13.89744
11.0796300001
9.29159000015
18.97765
13.1269
7.80969999998
9.98764999991
13.6525399999
10.34501
13.98866
20.8148000001
7.09087000007
5.1682500001
24.83417
15.5914799999
9.40934999997
15.1934100001
17.9185599998
25.36647
21.1380800001
10.42086
13.2816400001
16.59645
17.52472
8.67567000003
21.1687
20.79272
10.53064
9.50091000006
18.3314799999
14.4538199999
15.3102900001
15.3264199999
9.56812999991
9.37484999991
16.1457699999
10.79742
12.1586900002
14.0100199999
21.0020199999
18.29512
7.97348000004
13.0423999999
10.44791
16.48302
14.48468
4.23910999997
11.8049
23.1179300002
7.65207999991
23.16105
13.6694499999
16.7909499998
12.3260300002
15.6355900001
10.07167
18.21591
15.6938
21.24465
22.04518
9.29659000016
18.84357
18.14298
13.7655100001
16.63673
10.4312400001
13.6714900001
9.48491000012
15.28954
14.2255500001
22.6750800001
11.42422
9.89210000006
14.72808
4.91931000003
5.40166999993
11.7748900001
13.77073
14.75911
19.3295
11.03548
22.10753
13.5669099999
22.49361
4.4898199999
9.21084999992
11.31476
14.1893099999
23.0153499999
4.43055999989
14.9397099999
8.61890999996
14.98733
25.41755
22.4125699999
15.75899
15.63595
14.6598800002
11.4720299999
12.70231
11.2143700002
15.12957
15.7122000001
10.9206600001
13.5065599999
12.0885699999
13.30126
21.7056699999
8.23652999999
13.4902400001
6.83449999988
7.55076000001
18.88575
14.78801
21.4862
14.5949700001
16.84919
10.0048400001
8.28082999995
15.02411
16.12291
7.19513000001
20.9839700001
16.34158
14.30647
13.49734
16.9606299999
13.59768
19.14482
13.46823
8.27957999997
22.44039
7.92469999997
4.7161800001
11.8378299999
7.91278000001
16.6634800001
20.1709
21.4691400001
17.3057499999
23.92897
24.21584
13.97366
12.39822
18.89469
9.53667000006
16.3950099999
21.26377
8.29943999997
23.71042
13.84005
11.03344
7.59765000001
19.7679
15.82177
18.3268799999
12.8464800001
12.8752199998
8.9437699999
17.77308
10.69432
8.13376000011
12.68615
13.8901000001
13.1693200001
16.27404
27.6714100002
25.71904
19.79614
19.88642
22.06794
13.34217
12.92484
23.55291
14.1300299999
18.67184
14.0826999999
11.2672500001
19.76229
19.29907
8.47987000004
25.0045700001
19.3904599999
10.5660399999
12.53455
17.7676000001
16.1291799999
10.7332299999
15.3692399999
13.94146
16.2765299999
16.68169
9.55961
8.79310999997
13.79638
13.01251
21.0082100001
22.9043500001
14.41807
17.3278699999
13.9932700001
13.05556
16.91163
20.8518600001
8.34154000005
13.72345
20.9335399999
15.49132
14.7184599999
29.35983
11.6851999999
21.2162199999
25.3298300001
16.8027999998
12.5958599999
21.24291
16.9334300001
11.9495400001
24.90013
7.69354000001
14.4016699999
19.55629
16.08224
15.28521
14.34325
29.87625
16.14122
11.59811
14.9879900001
18.20521
20.35692
8.84106000001
20.6989200001
14.67362
10.55484
16.0731899999
13.39931
12.34615
12.82947
20.1835200001
18.93989
21.93001
21.07182
18.11849
16.5120900001
16.3637999999
13.8961999998
14.3278600001
19.4414299999
13.51249
29.61788
16.3603599999
19.6224499999
8.62248999998
22.53137
11.1461100001
16.42669
11.8235499999
11.8274
13.88345
13.97749
13.4008099999
7.90518999996
17.4781899999
14.3462800001
15.38104
14.4242400001
8.22219
16.42654
13.3475
19.8298299999
18.9417399999
7.92755000002
10.5677000001
10.8216300001
19.11996
6.20834999997
21.1877799999
12.5168100002
14.1293500001
10.01985
16.30592
11.78455
7.26349000004
17.6411499999
12.3289099999
14.2270999999
16.9777899999
20.1609800002
12.0101100001
9.98667999997
10.63804
11.35707
19.3313499999
14.0234299999
21.2331199999
9.16971000005
17.9953900001
14.99384
13.76425
6.14009999996
20.33582
17.8039599999
17.8053400001
5.23763999995
15.3427800001
27.7414999999
16.2152500001
7.52263999998
20.10005
14.71462
17.8368499998
8.54556999996
13.6706599999
8.75401000003
16.93123
15.87497
9.25951000012
13.0618199999
21.83575
9.54252000002
7.94745999994
14.03621
7.24941999989
9.60940999992
14.77669
22.8735100001
13.34632
13.7129
13.6829599999
7.40932000009
16.17789
16.6641400001
11.6191400001
22.17755
23.91139
6.15281999996
12.4920099999
26.86473
14.8814000001
10.34373
20.72979
9.13422000001
3.93567000004
9.80468000006
7.60690999997
21.2067799999
10.19092
8.69753999996
12.60297
11.8176500001
5.30406000011
18.11927
24.2022599999
20.16335
11.84523
9.42082
11.87689
17.40483
13.25339
18.86722
23.0708000001
13.33791
16.4821699999
7.85554999998
12.52165
12.18862
14.3910700001
14.2690000001
23.70117
22.8936399999
8.92265999992
16.73924
16.9345
9.48257999995
9.45942000009
18.62321
7.15642000001
20.61095
12.47437
7.95178999996
11.29842
14.95181
23.26437
16.64714
31.9688500001
14.59396
16.87009
11.55834
21.0664699998
15.43536
14.22373
15.7369199999
21.6246400001
14.67941
13.9549799999
12.28792
19.55949
11.4501199999
18.56253
10.3306999999
7.71254999994
8.52656999999
12.2126999999
11.6967300001
14.72266
27.06446
11.41934
20.7463499999
21.26783
6.8443900001
14.0589300001
17.2646600001
6.65200999996
5.89336999995
10.1626400001
10.33
5.88260999997
14.6246999999
15.7666600001
7.44532000006
24.65137
19.84532
13.9160000001
9.97805999988
14.2000899999
14.7569700001
12.2883100001
15.21319
10.83581
11.87423
16.5687600001
26.67423
18.8946900001
19.3031400001
8.14286999998
16.39238
6.81387000007
6.0808
6.78185999987
13.50416
17.59004
8.55921000009
10.01114
11.3073899999
20.3841499999
8.4084800001
17.1276499999
7.55782999995
9.38104000001
19.49734
18.3542600001
13.8822900001
13.78287
18.99647
16.8524200001
15.6178100001
10.9352999999
13.8031899999
13.62743
14.3250899999
10.91617
6.91469999996
11.3783099999
13.7095499999
12.1481700001
13.58761
10.71306
11.9649499999
17.9952000001
13.3498499999
13.41371
10.27792
28.94606
8.30342000001
19.04288
11.58315
17.47993
15.94406
20.5632100001
8.68052000005
23.9203400001
22.3674199999
21.7128000001
11.49074
28.46263
5.89945000003
16.01031
12.29805
18.80483
12.4202599999
11.4731099999
13.12916
9.06157000014
13.5264399999
10.37063
3.90532000002
15.4214700001
18.9226800001
17.5342600001
7.86580000003
18.1338800001
17.94319
17.2524600001
16.7619500001
15.5166600002
18.0188900001
16.2132100001
15.8107099999
3.57134000002
14.23222
22.2592000001
12.42681
17.0190300001
15.5199399999
17.0125000001
7.54405000003
15.23188
14.57956
12.26912
23.7876800001
18.8737999999
14.89864
15.75495
14.8643799998
16.59398
15.3879000001
13.2283900001
13.2029700001
12.13364
11.11755
7.27980999998
18.98303
5.12456999999
11.1270100001
8.75779000006
9.01474000001
10.85111
6.54357999982
17.70485
31.7485399999
13.81984
24.78442
11.18457
6.90139999986
20.8126899999
17.6071500001
25.5048600001
16.01428
10.7187699999
10.61491
9.91504999995
12.8333599999
8.54006999999
18.8346699999
17.2563900001
12.6806999999
10.1339199999
29.24443
15.45039
13.8539399999
14.42386
7.28025000007
13.7639400001
10.3700199999
13.3885099998
16.7429699999
12.549
7.41278000001
8.16394
12.04231
21.6039400001
12.88805
9.59161
4.89010999992
24.1930600001
12.46052
18.0829800001
10.07229
17.3884299999
12.10922
12.4043299999
20.61488
16.4444299999
17.26306
16.7132499999
15.5096399999
15.9058999999
24.45594
8.70411999989
12.3833900001
17.5286100002
13.1643300001
9.72565000004
16.50056
9.91330000001
14.8118700001
21.87798
6.38260000013
15.6458000001
7.75765000004
16.41024
14.14756
14.7117700001
14.6273200001
9.89255000011
13.34662
17.1571899999
11.32349
20.76874
17.07878
16.45565
7.09010999999
6.18883999996
13.36109
17.7191500001
4.21315000008
8.82748000009
19.41998
22.12465
20.91391
10.52876
27.31862
14.61066
25.2451700001
7.23998999991
8.0456500001
12.5717399999
19.81837
11.1316500001
15.90754
17.73066
7.49260999996
15.7429900001
24.6569299999
14.7571199998
11.12402
17.1986499999
29.42729
8.38990999991
10.44007
12.1142900002
17.26538
6.79222000006
13.8219100001
13.5032500001
9.79723000003
13.21133
15.52373
23.51697
17.13988
21.1716
8.71013000002
15.16896
8.20893999981
14.8351700001
16.53097
6.53475000011
16.5057799999
12.6810499999
15.63295
24.08502
22.41475
10.3356799999
9.00932999991
14.3408199999
8.38844000001
8.92518999998
16.5594199998
16.7814900001
10.28312
10.7384
11.54597
15.44981
9.14280999999
18.94116
13.68329
23.71505
15.9189100001
21.4182000001
9.26751000003
17.4337599999
16.8167600001
23.2995399999
20.28015
11.0761099999
10.0950600001
11.92214
9.04845
8.6192800001
23.50076
5.85358
10.59474
21.24303
17.3633999999
13.1577900001
16.1038899999
21.21682
16.0735300001
16.92319
17.17233
6.67271000007
9.77961999993
15.44987
12.10832
9.10159999994
18.27856
8.1703
17.4356199999
11.74632
15.62913
11.73987
12.29214
23.8749000001
12.2190099999
13.56017
5.07387999992
18.0831800001
17.0522099999
9.22672999999
20.06895
14.11277
17.9864000001
10.37911
25.8564100001
15.5936400001
12.73847
16.2459699999
10.96312
9.03741000011
14.6247099999
11.51784
10.07077
26.4126500001
19.48035
10.4551099999
22.70953
4.23910999997
6.51172000007
11.74979
12.5508399999
13.98792
17.96267
15.53818
4.25399
16.2136299999
22.30162
16.57625
4.15648000001
10.55519
19.6329899998
18.8385500001
10.4093800001
7.60664000001
23.1815999998
23.7227299998
9.15353000001
12.79045
15.1754500001
20.2926800001
15.13025
15.7695200001
20.2779199999
21.2228999999
0.826039999956
18.05165
18.69505
16.65839
18.7483599999
10.00161
13.1511499999
13.27438
6.57599000004
26.9099
7.79017999989
11.79319
10.80514
19.4758899999
4.26645999996
12.36237
22.6801999999
19.8377700001
22.08746
16.18348
13.9314100001
25.85173
20.9356
11.83404
17.6775100001
20.4183500001
12.3534799999
9.17713000008
28.8131
6.21039000014
14.7003900001
18.6607600001
15.6014800001
10.22944
18.5789800001
10.77029
11.40964
10.45605
8.74097000004
13.4162999999
13.36204
15.9861900001
14.4034
14.52993
10.72863
10.8297999999
8.64918000007
16.2764399999
2.36564000009
19.3515499999
13.8350900001
26.4474800001
13.2226
10.9029700001
9.97370000009
18.4079899999
5.22153999994
18.1174300001
18.0831300002
8.68244
12.40405
7.53164000006
15.1964299998
7.14398000005
11.47433
10.3797099999
20.62286
11.02124
20.47352
9.53978000011
11.7985
9.73453999998
28.0584999999
26.67808
8.63951999997
11.63609
20.5866899999
18.5554000001
15.96068
12.4352100001
7.24393
9.06744000001
13.3989499999
28.57382
15.16729
18.4605699999
8.81744000001
10.2122300001
19.57681
12.00713
14.7726000001
15.4574000001
13.0373
14.64174
12.5769100001
9.49385999993
11.0108100001
7.46305000014
9.59192000004
5.48826999997
18.51624
22.8151099999
17.51847
16.3611899999
11.8715800002
17.35305
14.4237299999
10.2046299999
12.9454000001
27.43409
10.17902
5.11519000004
23.21529
18.88836
9.24699999986
14.2167499998
16.7404700001
18.1755599999
18.1622499999
18.66347
20.6461699998
11.9529100001
15.28835
20.9003
14.12642
16.9661600001
25.4706300001
18.93011
11.83412
