9.06157000014
13.5264399999
10.37063
3.90532000002
15.4214700001
18.9226800001
17.5342600001
7.86580000003
18.1338800001
17.94319
17.2524600001
16.7619500001
15.5166600002
18.0188900001
16.2132100001
15.8107099999
3.57134000002
14.23222
22.2592000001
12.42681
17.0190300001
15.5199399999
17.0125000001
7.54405000003
15.23188
14.57956
12.26912
23.7876800001
18.8737999999
14.89864
15.75495
14.8643799998
16.59398
15.3879000001
13.2283900001
13.2029700001
12.13364
11.11755
7.27980999998
18.98303
5.12456999999
11.1270100001
8.75779000006
9.01474000001
10.85111
6.54357999982
17.70485
31.7485399999
13.81984
24.78442
