8.79310999997
13.79638
13.01251
21.0082100001
22.9043500001
14.41807
17.3278699999
13.9932700001
13.05556
16.91163
20.8518600001
8.34154000005
13.72345
20.9335399999
15.49132
14.7184599999
29.35983
11.6851999999
21.2162199999
25.3298300001
16.8027999998
12.5958599999
21.24291
16.9334300001
11.9495400001
24.90013
7.69354000001
14.4016699999
19.55629
16.08224
15.28521
14.34325
29.87625
16.14122
11.59811
14.9879900001
18.20521
20.35692
8.84106000001
20.6989200001
14.67362
10.55484
16.0731899999
13.39931
12.34615
12.82947
20.1835200001
18.93989
21.93001
21.07182
