12.41788
11.61065
18.0485100001
22.7887599999
15.4797199999
11.7453300001
12.36354
20.63167
12.6385
18.7554699999
8.69273000001
15.4428
15.5631299999
21.70606
17.9036499999
8.08260000008
12.3295599999
7.36271999998
15.2254799999
11.3594999999
18.97476
19.41868
10.5655200001
17.7442299998
18.1636699999
13.77947
13.94882
15.8180600001
11.60126
16.74734
14.2868999999
6.5073099999
18.63599
13.9925299999
14.6339499999
17.40157
10.6702299999
13.8992300001
10.27676
10.37628
16.8910200001
21.32175
6.87202999997
21.5837099999
15.2211199999
14.69837
22.2136200001
12.30631
13.3585699999
13.3537399998
