10.01114
11.3073899999
20.3841499999
8.4084800001
17.1276499999
7.55782999995
9.38104000001
19.49734
18.3542600001
13.8822900001
13.78287
18.99647
16.8524200001
15.6178100001
10.9352999999
13.8031899999
13.62743
14.3250899999
10.91617
6.91469999996
11.3783099999
13.7095499999
12.1481700001
13.58761
10.71306
11.9649499999
17.9952000001
13.3498499999
13.41371
10.27792
28.94606
8.30342000001
19.04288
11.58315
17.47993
15.94406
20.5632100001
8.68052000005
23.9203400001
22.3674199999
21.7128000001
11.49074
28.46263
5.89945000003
16.01031
12.29805
18.80483
12.4202599999
11.4731099999
13.12916
