12.4352100001
7.24393
9.06744000001
13.3989499999
28.57382
15.16729
18.4605699999
8.81744000001
10.2122300001
19.57681
12.00713
14.7726000001
15.4574000001
13.0373
14.64174
12.5769100001
9.49385999993
11.0108100001
7.46305000014
9.59192000004
5.48826999997
18.51624
22.8151099999
17.51847
16.3611899999
11.8715800002
17.35305
14.4237299999
10.2046299999
12.9454000001
27.43409
10.17902
5.11519000004
23.21529
18.88836
9.24699999986
14.2167499998
16.7404700001
18.1755599999
18.1622499999
18.66347
20.6461699998
11.9529100001
15.28835
20.9003
14.12642
16.9661600001
25.4706300001
18.93011
11.83412
