13.2649299999
23.9086499999
17.40707
22.1608899999
13.0224499999
14.66236
5.97160000005
13.89744
11.0796300001
9.29159000015
18.97765
13.1269
7.80969999998
9.98764999991
13.6525399999
10.34501
13.98866
20.8148000001
7.09087000007
5.1682500001
24.83417
15.5914799999
9.40934999997
15.1934100001
17.9185599998
25.36647
21.1380800001
10.42086
13.2816400001
16.59645
17.52472
8.67567000003
21.1687
20.79272
10.53064
9.50091000006
18.3314799999
14.4538199999
15.3102900001
15.3264199999
9.56812999991
9.37484999991
16.1457699999
10.79742
12.1586900002
14.0100199999
21.0020199999
18.29512
7.97348000004
13.0423999999
