25.41755
22.4125699999
15.75899
15.63595
14.6598800002
11.4720299999
12.70231
11.2143700002
15.12957
15.7122000001
10.9206600001
13.5065599999
12.0885699999
13.30126
21.7056699999
8.23652999999
13.4902400001
6.83449999988
7.55076000001
18.88575
14.78801
21.4862
14.5949700001
16.84919
10.0048400001
8.28082999995
15.02411
16.12291
7.19513000001
20.9839700001
16.34158
14.30647
13.49734
16.9606299999
13.59768
19.14482
13.46823
8.27957999997
22.44039
7.92469999997
4.7161800001
11.8378299999
7.91278000001
16.6634800001
20.1709
21.4691400001
17.3057499999
23.92897
24.21584
13.97366
