10.44791
16.48302
14.48468
4.23910999997
11.8049
23.1179300002
7.65207999991
23.16105
13.6694499999
16.7909499998
12.3260300002
15.6355900001
10.07167
18.21591
15.6938
21.24465
22.04518
9.29659000016
18.84357
18.14298
13.7655100001
16.63673
10.4312400001
13.6714900001
9.48491000012
15.28954
14.2255500001
22.6750800001
11.42422
9.89210000006
14.72808
4.91931000003
5.40166999993
11.7748900001
13.77073
14.75911
19.3295
11.03548
22.10753
13.5669099999
22.49361
4.4898199999
9.21084999992
11.31476
14.1893099999
23.0153499999
4.43055999989
14.9397099999
8.61890999996
14.98733
