6.23450000014
13.4974100001
15.80989
10.74243
8.6174300001
5.47317000001
28.15123
30.62031
27.12401
21.20948
10.3002800001
9.36193999997
7.027
14.2257600001
28.88116
17.72656
13.5313800001
17.2755399999
14.21994
5.97271999996
7.50875000004
6.77786000003
45.96642
5.44269000005
7.01238999993
8.84568999999
21.62219
16.94797
26.3172
10.71931
9.49505999999
12.93695
13.9893199999
11.71899
7.18682000006
34.7743999999
34.25817
16.3791700001
36.5859300001
47.84878
8.80288999993
24.91327
11.8521499999
29.7233800001
40.13591
7.00179000001
12.85332
5.28890000004
11.63472
12.48421
