10.10732
38.74625
3.93635999993
18.9249699999
12.99564
12.44709
16.1923400001
21.0291800001
18.10817
22.9467600001
14.72646
21.4407799999
9.13422000001
32.08746
10.5663000001
29.8764199999
33.1284299999
18.7588099999
29.99013
10.4185900001
23.0469
21.1206100001
12.62502
16.84342
6.22104000009
13.6112
20.03662
19.3871299999
11.88029
35.22581
16.6397200001
13.0401999999
9.56776999997
7.87871000008
9.21372999996
26.12414
7.90258999995
26.17209
19.8793600001
21.72674
13.67762
6.9227
10.81965
22.0007
36.2134900001
15.51815
6.26945000002
13.6012299999
10.77019
28.82892
