6.01460000011
16.4373
10.37519
14.67085
8.39454000001
25.27127
9.80883999995
25.50033
14.1699
8.34430000011
19.56013
10.4631999999
19.3902800001
16.8610800001
7.96149999998
9.31674000004
16.49875
27.00188
43.24121
16.39668
24.21957
27.03247
22.9172
21.1006100001
13.30227
13.46027
8.13135000004
11.8991799999
5.96800999995
26.1404999999
16.31059
6.87894000008
14.35774
28.1106200001
16.74946
11.92879
46.15202
10.2804
12.13893
15.94154
6.35599000007
30.9148800001
35.12666
11.99957
10.2646
21.6111100001
9.89093999995
23.13669
13.17233
11.3838300001
