10.0857299999
11.40811
8.21845000004
20.68103
37.2947200001
28.8500600001
16.26133
17.41093
11.20871
20.7364899999
22.51986
7.57886000001
13.64617
17.01711
22.05334
31.3027299999
26.9975200001
24.4833900001
16.10373
17.5983600001
45.13037
33.53806
24.83394
11.64396
24.62433
4.70098000008
25.4152
7.12019000005
18.2638699999
24.0364099999
26.3160700001
16.51873
9.89823999989
24.79801
20.15355
18.79729
19.05326
9.41579000012
31.6511200001
20.69701
4.76009
20.93902
15.5943700001
31.2306199999
26.44218
11.2216200001
39.64527
8.71153000009
4.67194999999
31.87235
