9.29805999994
10.99346
17.38295
11.7665400001
19.4292600001
9.99974
25.7491200001
12.2547200001
18.77419
16.5967699999
10.64863
15.341
8.43349000008
9.69227
31.27039
25.89598
8.03975999996
5.05336000002
24.24476
29.66674
25.76343
8.28731000004
34.03643
11.5576299999
24.73179
6.91217999998
14.5897599999
17.27777
11.27854
32.92295
21.8295700001
24.41134
11.8070000001
30.8156499999
14.34606
10.46939
17.4003500001
27.43429
10.1237
9.99628999992
6.01387000002
33.91764
48.32909
36.17239
26.28201
38.2325599999
20.39964
19.58079
27.36451
42.8097
