13.57813
8.62878000003
8.00520999997
5.76125999994
41.8754
17.4279299999
4.36702000001
36.32765
33.9253300001
9.82936999993
20.13537
47.74245
9.96383000002
19.35622
18.8653200001
7.51109000004
13.736
15.14595
31.9732700001
49.4274800001
32.4966599999
12.9005399999
27.9208
5.87940000009
10.17463
24.6211500001
38.64016
11.23668
3.80694000004
5.85897000006
5.98780999996
10.6764
26.79085
12.9907000001
15.8873299999
6.88835000002
10.7740000001
37.0043500001
41.61592
18.76865
10.9135799999
27.38509
12.99707
42.97363
16.91586
2.05533
13.66804
21.16458
15.827
38.87164
