21.20759
13.01802
14.55736
24.56194
9.75640000007
12.15269
41.55966
12.3372299999
30.09314
16.90329
12.0447099999
31.43516
8.31056000001
9.30498000002
25.3148299999
9.74763999996
3.55499000009
15.98191
13.0216300001
11.4387300001
9.27896000003
9.55773
11.5607
19.9271099999
10.0702300001
9.14796000009
13.9631899999
10.3291
11.2416199999
12.03723
7.37326999987
5.75112999999
6.57649000001
6.54340000008
12.33158
19.0550899999
16.42452
16.39052
15.58532
28.90423
17.2691499999
23.24162
13.7082899999
21.2657399999
13.63407
51.81323
11.2603000001
11.2720799999
12.86525
8.56394999998
