10.4739999999
13.12752
32.2842399999
8.29379999998
9.07238000003
18.58921
13.60833
33.56845
22.9553799999
11.78158
18.0926
33.92281
23.9785
10.1132500001
11.8925100002
43.8259099999
3.82894999988
28.6982999999
7.30024000001
13.0990399999
12.10378
21.8727699999
27.1760600001
16.3509900001
23.2469400001
7.82967999997
19.9671900001
10.53723
23.77243
29.46267
6.9264
16.42637
37.3278
12.21173
5.59817999997
4.0340199999
17.4526900001
13.58446
15.61986
3.6375500001
8.24331999989
18.0077
22.83323
11.78316
25.20666
39.48044
9.92132000008
14.5101000001
13.4127400001
33.4082899999
13.57813
8.62878000003
8.00520999997
5.76125999994
41.8754
17.4279299999
4.36702000001
36.32765
33.9253300001
9.82936999993
20.13537
47.74245
9.96383000002
19.35622
18.8653200001
7.51109000004
13.736
15.14595
31.9732700001
49.4274800001
32.4966599999
12.9005399999
27.9208
5.87940000009
10.17463
24.6211500001
38.64016
11.23668
3.80694000004
5.85897000006
5.98780999996
10.6764
26.79085
12.9907000001
15.8873299999
6.88835000002
10.7740000001
37.0043500001
41.61592
18.76865
10.9135799999
27.38509
12.99707
42.97363
16.91586
2.05533
13.66804
21.16458
15.827
38.87164
9.10652000003
36.11228
6.04543000006
6.34489000007
9.90455999994
14.10921
13.14142
13.79297
6.44290999998
13.08745
9.09436999995
19.8454600001
46.35257
8.7583300001
28.2303500001
12.4863900001
29.0869499999
25.09635
31.7282100001
8.91236999992
46.57911
17.03614
22.73431
19.4322899999
32.8438899999
19.2467
9.21402999992
16.65139
11.5620800001
16.56011
29.3313399999
17.40885
37.8941500001
10.48917
10.5016199999
40.54324
30.23992
17.3396500001
16.97266
17.56366
12.5729200001
7.09301000007
11.64135
6.91264
23.4878299999
13.9516500001
31.6218900001
8.21704000002
43.3163600001
6.88668999996
8.28756000008
20.12786
10.86975
7.10126000002
9.21915999998
19.06952
21.0379999999
11.5420899999
30.8317400001
20.5000199999
7.73615000001
39.39772
9.77169999992
11.0585
5.27344000002
25.38192
4.09474000009
4.5451600001
26.1897199999
12.30019
9.66032000002
9.86996000004
29.0867
9.17978999997
9.82312000007
14.39423
4.36792000011
10.97294
12.0333
15.20712
8.51352000004
20.0336999999
18.1274699999
10.0635099999
14.8196599999
35.34886
24.70551
26.3794
16.92663
9.68593000004
12.59561
44.4990899999
14.4033500002
16.45368
22.49309
17.18559
17.09691
6.10508000001
5.63395999989
9.11372000002
6.23450000014
13.4974100001
15.80989
10.74243
8.6174300001
5.47317000001
28.15123
30.62031
27.12401
21.20948
10.3002800001
9.36193999997
7.027
14.2257600001
28.88116
17.72656
13.5313800001
17.2755399999
14.21994
5.97271999996
7.50875000004
6.77786000003
45.96642
5.44269000005
7.01238999993
8.84568999999
21.62219
16.94797
26.3172
10.71931
9.49505999999
12.93695
13.9893199999
11.71899
7.18682000006
34.7743999999
34.25817
16.3791700001
36.5859300001
47.84878
8.80288999993
24.91327
11.8521499999
29.7233800001
40.13591
7.00179000001
12.85332
5.28890000004
11.63472
12.48421
9.29805999994
10.99346
17.38295
11.7665400001
19.4292600001
9.99974
25.7491200001
12.2547200001
18.77419
16.5967699999
10.64863
15.341
8.43349000008
9.69227
31.27039
25.89598
8.03975999996
5.05336000002
24.24476
29.66674
25.76343
8.28731000004
34.03643
11.5576299999
24.73179
6.91217999998
14.5897599999
17.27777
11.27854
32.92295
21.8295700001
24.41134
11.8070000001
30.8156499999
14.34606
10.46939
17.4003500001
27.43429
10.1237
9.99628999992
6.01387000002
33.91764
48.32909
36.17239
26.28201
38.2325599999
20.39964
19.58079
27.36451
42.8097
10.10732
38.74625
3.93635999993
18.9249699999
12.99564
12.44709
16.1923400001
21.0291800001
18.10817
22.9467600001
14.72646
21.4407799999
9.13422000001
32.08746
10.5663000001
29.8764199999
33.1284299999
18.7588099999
29.99013
10.4185900001
23.0469
21.1206100001
12.62502
16.84342
6.22104000009
13.6112
20.03662
19.3871299999
11.88029
35.22581
16.6397200001
13.0401999999
9.56776999997
7.87871000008
9.21372999996
26.12414
7.90258999995
26.17209
19.8793600001
21.72674
13.67762
6.9227
10.81965
22.0007
36.2134900001
15.51815
6.26945000002
13.6012299999
10.77019
28.82892
21.20759
13.01802
14.55736
24.56194
9.75640000007
12.15269
41.55966
12.3372299999
30.09314
16.90329
12.0447099999
31.43516
8.31056000001
9.30498000002
25.3148299999
9.74763999996
3.55499000009
15.98191
13.0216300001
11.4387300001
9.27896000003
9.55773
11.5607
19.9271099999
10.0702300001
9.14796000009
13.9631899999
10.3291
11.2416199999
12.03723
7.37326999987
5.75112999999
6.57649000001
6.54340000008
12.33158
19.0550899999
16.42452
16.39052
15.58532
28.90423
17.2691499999
23.24162
13.7082899999
21.2657399999
13.63407
51.81323
11.2603000001
11.2720799999
12.86525
8.56394999998
16.4124199999
16.3042700001
13.62589
9.92616000003
14.63933
28.3994999999
10.41382
6.03795999999
11.21855
12.4477300001
36.7530500001
21.61554
23.49785
12.36271
30.83821
41.91662
9.76601999998
11.6067
17.35909
28.82459
4.70822999999
5.33149999997
14.93811
10.19634
3.06967999996
10.12557
16.54924
8.87915999989
18.81791
12.14816
12.30293
10.50096
7.58837000001
11.35057
36.54367
17.26719
10.6802399999
21.0687500001
11.5870500001
19.7927199999
11.3719199999
19.89328
19.06134
37.26625
30.63358
15.1066599999
22.5826699999
5.52361999988
18.83675
17.40672
9.08122000005
32.96652
12.48349
34.2213000001
9.34338999994
17.6112
26.0380000001
19.8426099999
5.47025999997
12.7117100001
3.97759000002
11.5656399999
10.45954
28.4233499999
17.2922500001
19.0338399999
18.9965499999
20.96849
22.2788399999
9.41183
19.0678300001
17.83927
26.75567
16.73457
7.78709999996
28.13458
9.46230000001
19.1784100001
25.93698
24.89448
11.64457
29.24607
13.3993100001
30.7299299999
6.26668
7.54714000004
28.7215699999
11.28588
16.607
8.93343000009
5.37600000005
21.74158
25.5583799999
16.6431199999
29.60859
23.87348
20.44405
11.6201599999
10.57869
5.93674999999
10.0857299999
11.40811
8.21845000004
20.68103
37.2947200001
28.8500600001
16.26133
17.41093
11.20871
20.7364899999
22.51986
7.57886000001
13.64617
17.01711
22.05334
31.3027299999
26.9975200001
24.4833900001
16.10373
17.5983600001
45.13037
33.53806
24.83394
11.64396
24.62433
4.70098000008
25.4152
7.12019000005
18.2638699999
24.0364099999
26.3160700001
16.51873
9.89823999989
24.79801
20.15355
18.79729
19.05326
9.41579000012
31.6511200001
20.69701
4.76009
20.93902
15.5943700001
31.2306199999
26.44218
11.2216200001
39.64527
8.71153000009
4.67194999999
31.87235
6.00691
33.7201799999
22.53778
12.57637
12.8688599999
30.28793
9.75381999998
27.15841
25.1798199998
6.78976999992
12.27729
23.8394599999
6.85161999997
9.36491
17.60347
46.85226
16.55213
20.8949099999
30.28053
18.89516
17.09059
18.83537
21.75337
18.4431200001
14.9265700001
17.27072
19.88032
22.1641000001
37.68803
12.79209
16.9153699999
24.4011
9.94759999996
20.31699
12.96892
18.50089
10.9688499999
19.1530800001
9.53921999992
10.2413999999
37.92655
33.1531
10.3050000001
8.22359999991
6.83432999998
18.9465900001
6.39035
13.77578
11.14116
7.11736000003
11.2134
45.39686
21.28915
18.27887
5.44391999999
7.91321000014
8.98903000006
7.69660000002
34.56243
18.6011600001
9.90883999993
37.1430099999
9.63033000007
21.2922000001
14.51305
17.57724
17.2390599999
25.7220599999
19.0051600001
26.2525599999
19.77039
5.92119000002
14.79229
19.1725999999
30.0940099999
11.2838
22.5867
19.58523
12.5266900001
15.8680300001
20.64961
27.5976399999
15.67865
10.5255
13.6118599999
37.82595
10.2102
7.59899000009
17.71076
24.14082
14.93956
14.68245
38.31544
16.7411900001
11.7344
13.93495
18.98226
13.0839099999
12.901
9.52757999999
7.05342000001
33.9451299999
34.1339899999
7.32591999997
14.48837
24.8167300001
25.39131
24.5620800001
11.90866
28.22178
43.01376
12.9914300001
23.65706
32.59828
17.2397899999
11.98362
12.7476400001
14.67698
21.73224
16.99482
10.47271
13.0204500001
5.94571000012
40.8882500001
19.16631
30.5970399999
14.80686
23.63744
10.7181899999
14.50291
13.0672699999
12.57171
34.4601400001
8.15779000008
8.06019000011
13.90887
16.3344599999
28.25942
21.58504
34.93667
18.60448
7.30372000008
6.78469999996
25.38451
30.7858600001
16.9965799999
27.70083
7.09516999999
4.50661999988
14.00211
41.8185599999
26.02252
8.36011000001
8.83448999992
27.2455200001
28.14838
12.3667899999
31.2983499999
12.14351
16.6799499999
10.60445
9.73077999998
4.65422000003
32.33714
18.65148
17.2833300001
16.02749
4.59970999998
47.95425
8.30813999998
13.7600400001
12.22574
13.88082
21.93834
10.99039
17.18481
15.6060700001
8.45948000008
13.70813
30.53843
19.21412
9.01719000004
37.67485
21.8152199999
18.12445
8.47438999999
25.2161300001
12.07835
17.5626399999
17.2145700001
11.05483
12.8544300001
18.32597
19.8280600001
20.6127699999
8.39999000006
28.89448
26.42481
8.29003000003
27.10726
6.01460000011
16.4373
10.37519
14.67085
8.39454000001
25.27127
9.80883999995
25.50033
14.1699
8.34430000011
19.56013
10.4631999999
19.3902800001
16.8610800001
7.96149999998
9.31674000004
16.49875
27.00188
43.24121
16.39668
24.21957
27.03247
22.9172
21.1006100001
13.30227
13.46027
8.13135000004
11.8991799999
5.96800999995
26.1404999999
16.31059
6.87894000008
14.35774
28.1106200001
16.74946
11.92879
46.15202
10.2804
12.13893
15.94154
6.35599000007
30.9148800001
35.12666
11.99957
10.2646
21.6111100001
9.89093999995
23.13669
13.17233
11.3838300001
17.7273
10.5845700001
27.4174400001
9.95481999998
17.44313
27.4686300001
11.3231099999
20.17166
12.75521
18.67415
14.0159999999
14.6764799999
20.20261
7.38355999999
13.42276
24.5427900001
7.82097
48.1518699999
8.26851999993
9.73711999995
16.54534
18.03377
15.63221
10.77718
15.71792
15.31065
16.5615900001
10.9164699999
6.16793999996
15.83058
14.80926
13.6665299999
21.2509900001
15.37205
11.2367700001
16.6604800001
28.9174299999
9.70647000009
17.14329
12.1323700001
7.75731999998
11.8797
17.3537099999
26.6559799999
17.29828
9.20192000002
6.76800000004
20.99326
6.54012000002
10.4943400001
21.42537
9.15229999996
22.75059
30.5356600001
21.4079
14.0532300001
16.2908699999
9.48074000003
33.8850499999
16.9153300001
14.0477699999
14.48253
16.8788600001
14.50017
37.8938699999
10.9778
22.9802600001
24.92388
1.06767000002
11.33095
9.16440000001
17.2257200001
9.83297999995
6.64704999991
5.76414999994
10.66697
22.12913
12.11309
13.27573
10.37657
5.60836999991
3.49324999994
19.67362
16.9264699999
10.5640799999
11.1160399999
10.2113600001
34.28944
19.07649
6.16298000002
27.51061
9.79382000002
15.26002
28.81561
9.68203000003
30.24528
28.0193
41.4994000001
16.0645900001
23.8354699999
14.73651
18.2014799999
9.91575000004
37.75864
24.4933600001
7.23801999993
9.12810000009
18.1284
26.9117200001
5.76089000003
35.28178
9.79157999996
13.5214600001
10.6849900001
10.83085
17.7135600001
16.07549
30.3329700001
2.80333000002
23.3894500001
8.48418000003
29.51284
32.6640399999
32.5155899998
13.35543
39.6998699999
24.5180599999
37.22216
5.84927999997
16.9217500001
19.8462
12.9479
13.15234
7.52071000007
10.67773
40.93859
19.0105600001
17.84497
26.64543
10.05701
12.34568
13.7184499999
24.48086
7.85368000006
33.97064
17.30219
5.75227000006
10.55299
19.4113700001
9.23302000004
25.43623
14.58835
16.93216
35.99097
7.56027000002
13.8739700001
10.35859
8.63126000005
37.15987
46.23546
17.2914700001
11.6042199999
36.3966499999
7.36387
8.41266999999
25.79828
16.20167
13.5306999999
37.603
11.323
33.6315799999
28.21133
12.1199400001
13.51217
31.17265
12.48006
4.17164000007
13.7446099999
3.85057000001
13.1739500001
45.95476
9.80082999996
12.89223
14.78363
25.63385
26.27192
31.9882100001
39.27093
40.81378
8.66612000007
10.4937600001
25.90831
10.6965399999
16.38549
7.52915999992
23.4260399999
11.5980999999
30.8832500001
6.32174000004
17.7973500001
