21.42537
9.15229999996
22.75059
30.5356600001
21.4079
14.0532300001
16.2908699999
9.48074000003
33.8850499999
16.9153300001
14.0477699999
14.48253
16.8788600001
14.50017
37.8938699999
10.9778
22.9802600001
24.92388
1.06767000002
11.33095
9.16440000001
17.2257200001
9.83297999995
6.64704999991
5.76414999994
10.66697
22.12913
12.11309
13.27573
10.37657
5.60836999991
3.49324999994
19.67362
16.9264699999
10.5640799999
11.1160399999
10.2113600001
34.28944
19.07649
6.16298000002
27.51061
9.79382000002
15.26002
28.81561
9.68203000003
30.24528
28.0193
41.4994000001
16.0645900001
23.8354699999
