8.28756000008
20.12786
10.86975
7.10126000002
9.21915999998
19.06952
21.0379999999
11.5420899999
30.8317400001
20.5000199999
7.73615000001
39.39772
9.77169999992
11.0585
5.27344000002
25.38192
4.09474000009
4.5451600001
26.1897199999
12.30019
9.66032000002
9.86996000004
29.0867
9.17978999997
9.82312000007
14.39423
4.36792000011
10.97294
12.0333
15.20712
8.51352000004
20.0336999999
18.1274699999
10.0635099999
14.8196599999
35.34886
24.70551
26.3794
16.92663
9.68593000004
12.59561
44.4990899999
14.4033500002
16.45368
22.49309
17.18559
17.09691
6.10508000001
5.63395999989
9.11372000002
