6.00691
33.7201799999
22.53778
12.57637
12.8688599999
30.28793
9.75381999998
27.15841
25.1798199998
6.78976999992
12.27729
23.8394599999
6.85161999997
9.36491
17.60347
46.85226
16.55213
20.8949099999
30.28053
18.89516
17.09059
18.83537
21.75337
18.4431200001
14.9265700001
17.27072
19.88032
22.1641000001
37.68803
12.79209
16.9153699999
24.4011
9.94759999996
20.31699
12.96892
18.50089
10.9688499999
19.1530800001
9.53921999992
10.2413999999
37.92655
33.1531
10.3050000001
8.22359999991
6.83432999998
18.9465900001
6.39035
13.77578
11.14116
7.11736000003
