11.2134
45.39686
21.28915
18.27887
5.44391999999
7.91321000014
8.98903000006
7.69660000002
34.56243
18.6011600001
9.90883999993
37.1430099999
9.63033000007
21.2922000001
14.51305
17.57724
17.2390599999
25.7220599999
19.0051600001
26.2525599999
19.77039
5.92119000002
14.79229
19.1725999999
30.0940099999
11.2838
22.5867
19.58523
12.5266900001
15.8680300001
20.64961
27.5976399999
15.67865
10.5255
13.6118599999
37.82595
10.2102
7.59899000009
17.71076
24.14082
14.93956
14.68245
38.31544
16.7411900001
11.7344
13.93495
18.98226
13.0839099999
12.901
9.52757999999
