9.10652000003
36.11228
6.04543000006
6.34489000007
9.90455999994
14.10921
13.14142
13.79297
6.44290999998
13.08745
9.09436999995
19.8454600001
46.35257
8.7583300001
28.2303500001
12.4863900001
29.0869499999
25.09635
31.7282100001
8.91236999992
46.57911
17.03614
22.73431
19.4322899999
32.8438899999
19.2467
9.21402999992
16.65139
11.5620800001
16.56011
29.3313399999
17.40885
37.8941500001
10.48917
10.5016199999
40.54324
30.23992
17.3396500001
16.97266
17.56366
12.5729200001
7.09301000007
11.64135
6.91264
23.4878299999
13.9516500001
31.6218900001
8.21704000002
43.3163600001
6.88668999996
