9.08122000005
32.96652
12.48349
34.2213000001
9.34338999994
17.6112
26.0380000001
19.8426099999
5.47025999997
12.7117100001
3.97759000002
11.5656399999
10.45954
28.4233499999
17.2922500001
19.0338399999
18.9965499999
20.96849
22.2788399999
9.41183
19.0678300001
17.83927
26.75567
16.73457
7.78709999996
28.13458
9.46230000001
19.1784100001
25.93698
24.89448
11.64457
29.24607
13.3993100001
30.7299299999
6.26668
7.54714000004
28.7215699999
11.28588
16.607
8.93343000009
5.37600000005
21.74158
25.5583799999
16.6431199999
29.60859
23.87348
20.44405
11.6201599999
10.57869
5.93674999999
