17.7273
10.5845700001
27.4174400001
9.95481999998
17.44313
27.4686300001
11.3231099999
20.17166
12.75521
18.67415
14.0159999999
14.6764799999
20.20261
7.38355999999
13.42276
24.5427900001
7.82097
48.1518699999
8.26851999993
9.73711999995
16.54534
18.03377
15.63221
10.77718
15.71792
15.31065
16.5615900001
10.9164699999
6.16793999996
15.83058
14.80926
13.6665299999
21.2509900001
15.37205
11.2367700001
16.6604800001
28.9174299999
9.70647000009
17.14329
12.1323700001
7.75731999998
11.8797
17.3537099999
26.6559799999
17.29828
9.20192000002
6.76800000004
20.99326
6.54012000002
10.4943400001
