16.4124199999
16.3042700001
13.62589
9.92616000003
14.63933
28.3994999999
10.41382
6.03795999999
11.21855
12.4477300001
36.7530500001
21.61554
23.49785
12.36271
30.83821
41.91662
9.76601999998
11.6067
17.35909
28.82459
4.70822999999
5.33149999997
14.93811
10.19634
3.06967999996
10.12557
16.54924
8.87915999989
18.81791
12.14816
12.30293
10.50096
7.58837000001
11.35057
36.54367
17.26719
10.6802399999
21.0687500001
11.5870500001
19.7927199999
11.3719199999
19.89328
19.06134
37.26625
30.63358
15.1066599999
22.5826699999
5.52361999988
18.83675
17.40672
