10.4739999999
13.12752
32.2842399999
8.29379999998
9.07238000003
18.58921
13.60833
33.56845
22.9553799999
11.78158
18.0926
33.92281
23.9785
10.1132500001
11.8925100002
43.8259099999
3.82894999988
28.6982999999
7.30024000001
13.0990399999
12.10378
21.8727699999
27.1760600001
16.3509900001
23.2469400001
7.82967999997
19.9671900001
10.53723
23.77243
29.46267
6.9264
16.42637
37.3278
12.21173
5.59817999997
4.0340199999
17.4526900001
13.58446
15.61986
3.6375500001
8.24331999989
18.0077
22.83323
11.78316
25.20666
39.48044
9.92132000008
14.5101000001
13.4127400001
33.4082899999
