7.05342000001
33.9451299999
34.1339899999
7.32591999997
14.48837
24.8167300001
25.39131
24.5620800001
11.90866
28.22178
43.01376
12.9914300001
23.65706
32.59828
17.2397899999
11.98362
12.7476400001
14.67698
21.73224
16.99482
10.47271
13.0204500001
5.94571000012
40.8882500001
19.16631
30.5970399999
14.80686
23.63744
10.7181899999
14.50291
13.0672699999
12.57171
34.4601400001
8.15779000008
8.06019000011
13.90887
16.3344599999
28.25942
21.58504
34.93667
18.60448
7.30372000008
6.78469999996
25.38451
30.7858600001
16.9965799999
27.70083
7.09516999999
4.50661999988
14.00211
