41.8185599999
26.02252
8.36011000001
8.83448999992
27.2455200001
28.14838
12.3667899999
31.2983499999
12.14351
16.6799499999
10.60445
9.73077999998
4.65422000003
32.33714
18.65148
17.2833300001
16.02749
4.59970999998
47.95425
8.30813999998
13.7600400001
12.22574
13.88082
21.93834
10.99039
17.18481
15.6060700001
8.45948000008
13.70813
30.53843
19.21412
9.01719000004
37.67485
21.8152199999
18.12445
8.47438999999
25.2161300001
12.07835
17.5626399999
17.2145700001
11.05483
12.8544300001
18.32597
19.8280600001
20.6127699999
8.39999000006
28.89448
26.42481
8.29003000003
27.10726
