25.43623
14.58835
16.93216
35.99097
7.56027000002
13.8739700001
10.35859
8.63126000005
37.15987
46.23546
17.2914700001
11.6042199999
36.3966499999
7.36387
8.41266999999
25.79828
16.20167
13.5306999999
37.603
11.323
33.6315799999
28.21133
12.1199400001
13.51217
31.17265
12.48006
4.17164000007
13.7446099999
3.85057000001
13.1739500001
45.95476
9.80082999996
12.89223
14.78363
25.63385
26.27192
31.9882100001
39.27093
40.81378
8.66612000007
10.4937600001
25.90831
10.6965399999
16.38549
7.52915999992
23.4260399999
11.5980999999
30.8832500001
6.32174000004
17.7973500001
