14.73651
18.2014799999
9.91575000004
37.75864
24.4933600001
7.23801999993
9.12810000009
18.1284
26.9117200001
5.76089000003
35.28178
9.79157999996
13.5214600001
10.6849900001
10.83085
17.7135600001
16.07549
30.3329700001
2.80333000002
23.3894500001
8.48418000003
29.51284
32.6640399999
32.5155899998
13.35543
39.6998699999
24.5180599999
37.22216
5.84927999997
16.9217500001
19.8462
12.9479
13.15234
7.52071000007
10.67773
40.93859
19.0105600001
17.84497
26.64543
10.05701
12.34568
13.7184499999
24.48086
7.85368000006
33.97064
17.30219
5.75227000006
10.55299
19.4113700001
9.23302000004
