33.80652
18.19832
29.4061299999
27.2901600001
7.80146999995
35.45268
30.32166
25.89834
10.9044999998
23.63004
34.63289
32.48803
37.06921
40.54925
33.5961499999
25.5388499999
41.2371799999
23.05316
16.21987
29.5153499999
29.13469
27.56005
29.4534400001
15.3701000002
28.59013
40.3976
17.83115
25.0019
44.7340399999
13.1316800001
32.60418
11.84371
41.48503
30.16659
22.5764300001
42.89461
39.41821
25.1636999999
27.7455200001
26.1745300001
28.1905199999
25.62974
13.50602
36.6189900001
35.81992
40.7764900001
28.6890600001
44.9510999999
20.3555300001
30.01997
