43.0131399999
28.47454
37.78653
24.4445
37.2364599999
27.47759
13.43828
20.1032100001
10.5271299999
27.2342000001
30.8695
21.41434
12.2097600001
25.06331
35.4734199999
27.57725
23.15283
24.52646
34.6170199999
6.66759999993
29.47515
12.4065300002
38.74653
17.71173
12.55807
26.4875599999
14.97976
18.3905999999
17.40488
30.6150499999
28.5182800001
29.4683900001
32.1695399999
8.18848999997
26.0020900001
22.8857700001
31.11223
36.06943
21.9351400001
44.2595900001
9.46004999999
12.8444700001
13.35791
23.4155400001
26.95208
18.51992
25.69246
34.41299
43.2446399999
22.8991500001
