43.9536
21.8672199999
27.0781399999
22.02892
11.60336
32.27916
28.15174
16.12294
17.90536
39.3485099999
39.87995
34.58863
31.14304
5.94348999998
33.9426399999
26.8311399999
24.72523
24.16525
17.5314000001
47.9621799999
31.5784600001
29.2369199999
23.30753
30.2811499999
36.3339299998
28.7682299999
29.838
37.35591
28.54761
28.95802
24.2903699999
18.57115
22.73778
36.8822499999
46.41272
18.3167800001
21.9932500001
36.91284
17.9797499999
17.88416
12.58956
8.18287999998
31.6726099999
9.62479000003
42.9307100001
38.7485000001
33.84202
35.0120899999
34.35983
29.6529000001
