32.62809
14.89037
40.9353
29.10583
25.47882
31.82297
26.5288000001
18.02905
24.16582
32.78541
25.78828
34.8165799999
41.3160199999
20.6503900001
29.7706099999
37.8060500001
32.14409
29.28133
32.36419
18.54241
23.7619299999
35.86982
35.76633
21.22749
25.78588
47.24385
43.7703100001
45.34991
39.7370199999
30.6394499999
38.49612
19.7072100001
38.73211
39.3904200001
28.00855
39.08566
32.35931
28.5764500001
24.5456099999
23.82793
14.50101
17.0886499999
27.3483300001
36.1553
23.40402
22.59606
14.0184099999
36.14842
33.23646
37.22705
