22.20049
14.6225899999
38.93059
22.24924
32.6814599999
30.32559
32.6288899999
34.58094
7.44837
31.7465
26.84182
31.37757
24.5107
10.2843599999
35.97572
32.9418499999
19.6823
15.19622
15.76456
14.32177
40.0255100001
36.1277599999
36.15818
15.09376
18.00012
33.61745
33.2048299999
34.8187399999
27.33855
11.6048
39.1758399999
25.3586299999
28.02709
30.0996
11.9006200001
37.31238
28.78822
16.10188
40.36531
26.4704400001
35.54821
31.97655
45.01237
26.4877300001
38.7816900001
36.55666
18.53676
38.1154300001
19.5190999999
25.06192
