32.71297
24.31787
44.20539
28.12476
33.4236099999
12.1470700001
32.62395
26.42171
26.7560700001
35.67175
16.08682
38.28862
35.5393100001
7.88004999992
31.18895
33.21898
44.4606799999
25.6125299999
30.24381
16.8711400001
21.9870000001
18.1290300001
36.30438
15.8047100001
8.24274000002
46.7298600001
39.7005800001
29.6070300001
32.1593000001
28.58319
31.98761
24.06932
18.46007
13.80689
31.02532
16.4913900001
30.2429299999
31.4450300001
40.14957
39.1926500001
24.20161
28.90426
28.99852
41.5746899999
11.5793
16.2174
36.42687
21.42736
24.59403
24.60867
