19.3093600001
42.92837
33.71923
20.35831
37.3635999999
27.13329
42.45615
40.7296499999
14.03896
27.5349000001
41.30322
12.6534900001
29.95079
14.76297
30.78021
31.2199899999
13.1124700001
15.0575599999
28.1121499999
30.0008700001
33.6640999999
34.1356599999
23.27225
13.96314
37.33331
30.1350900001
20.44025
23.6624800001
20.1573000001
17.8446599999
47.27986
6.67287999997
35.98602
17.5878
30.66432
31.11227
36.57446
15.28113
20.3454699999
7.16974999988
19.8781999999
34.07544
39.32093
46.32479
40.55718
22.25259
23.7365999999
27.34445
23.22305
30.0008500001
