30.0690900001
8.84285000002
32.8520200001
38.06395
42.58912
15.42268
29.53217
24.60402
20.56694
8.9166
19.7314700002
23.74412
16.9926699999
14.3314599999
27.5634399999
41.38136
13.11471
18.69646
19.42317
12.18602
17.63183
24.17863
21.94631
27.77227
41.7843300001
40.6638499999
10.3196800001
22.72759
22.44364
21.3473499999
42.0161400001
35.92094
32.9608400001
26.71898
35.9140299999
19.49474
22.68921
34.17262
23.5828600001
22.70309
32.7935899999
36.06158
38.6626599999
17.61798
21.6781499999
34.56456
32.88121
24.05932
45.2024999999
28.0093100001
