14.79296
32.5675000001
27.8778799999
21.6222599999
32.8081799999
8.3515600001
7.87594000006
34.87391
8.88027999992
22.47992
20.23713
29.40292
22.4781699999
35.22554
22.8640599999
29.79762
23.02726
17.6846799999
29.12204
32.74996
28.2181800001
43.6370400001
39.93425
26.5444
18.11136
25.19791
10.09025
18.7281000001
7.77947000007
35.12775
12.29041
17.60651
26.33854
31.03351
33.31031
42.33079
26.0806
17.10548
16.91975
45.9251600001
22.3914600001
32.72476
29.4228300001
14.2931700001
27.72556
28.48632
19.33767
28.12483
21.7307
31.56721
