22.20049
14.6225899999
38.93059
22.24924
32.6814599999
30.32559
32.6288899999
34.58094
7.44837
31.7465
26.84182
31.37757
24.5107
10.2843599999
35.97572
32.9418499999
19.6823
15.19622
15.76456
14.32177
40.0255100001
36.1277599999
36.15818
15.09376
18.00012
33.61745
33.2048299999
34.8187399999
27.33855
11.6048
39.1758399999
25.3586299999
28.02709
30.0996
11.9006200001
37.31238
28.78822
16.10188
40.36531
26.4704400001
35.54821
31.97655
45.01237
26.4877300001
38.7816900001
36.55666
18.53676
38.1154300001
19.5190999999
25.06192
33.80652
18.19832
29.4061299999
27.2901600001
7.80146999995
35.45268
30.32166
25.89834
10.9044999998
23.63004
34.63289
32.48803
37.06921
40.54925
33.5961499999
25.5388499999
41.2371799999
23.05316
16.21987
29.5153499999
29.13469
27.56005
29.4534400001
15.3701000002
28.59013
40.3976
17.83115
25.0019
44.7340399999
13.1316800001
32.60418
11.84371
41.48503
30.16659
22.5764300001
42.89461
39.41821
25.1636999999
27.7455200001
26.1745300001
28.1905199999
25.62974
13.50602
36.6189900001
35.81992
40.7764900001
28.6890600001
44.9510999999
20.3555300001
30.01997
36.4416199999
15.4767900001
20.07674
20.79589
20.4142799999
24.03452
18.16249
11.44559
2.81134999997
16.7029499999
15.16918
41.33665
26.4672699999
5.44317999994
47.65948
25.71132
25.7285099999
17.1500200001
38.12611
8.34520999994
41.4057
20.3647000002
39.2692100001
18.7003
25.2448600001
34.2374100001
32.00792
22.7326999999
31.68576
26.4198299999
22.9542200001
23.60379
26.30532
12.13209
30.60054
27.70174
17.2706899999
21.06428
40.81561
26.68793
22.46527
24.32975
7.25391999993
20.5578600001
38.83979
15.5604600001
32.1984900001
33.14811
25.12576
17.0068299999
51.6140600001
30.10572
38.6455399999
11.4972900001
15.12812
34.05808
36.3885400001
32.7624400001
41.1804100001
37.40286
14.7706200001
22.20803
15.0523500001
22.55467
17.70424
21.90842
33.7675599999
21.00728
10.7954899999
7.48799000005
5.76896000002
22.91515
31.59815
16.11498
24.1539499999
20.7531300001
16.3932200001
27.46328
27.0006
36.6546899999
48.98905
12.1680900001
29.7210400001
29.6619299999
12.79281
35.14096
44.3626699999
20.98195
34.2850100001
21.3097400001
12.3394800001
31.1147899999
35.1890700001
15.39859
32.65217
25.5676199999
27.63103
7.91734000004
8.37656999996
15.5048199999
12.51255
30.9843
11.3888599999
31.46532
37.5751499999
10.46844
18.4531500001
16.7626
13.2300399999
39.98083
8.18362000003
26.00396
6.75162
7.74250999989
27.19747
33.22211
35.89816
28.80189
27.08423
35.05382
24.04902
23.6288900001
34.8808200001
15.3525299998
17.41131
28.92492
18.97934
16.75189
38.6304599999
33.24566
16.0530800001
21.0653900001
25.62534
35.7636500001
37.7896699999
37.4932400001
38.9557
21.41834
43.7804700001
13.2527900001
24.9598
19.30751
37.2282399999
25.8711099999
22.85877
21.95274
24.95456
28.5556399999
16.72788
27.05899
14.79296
32.5675000001
27.8778799999
21.6222599999
32.8081799999
8.3515600001
7.87594000006
34.87391
8.88027999992
22.47992
20.23713
29.40292
22.4781699999
35.22554
22.8640599999
29.79762
23.02726
17.6846799999
29.12204
32.74996
28.2181800001
43.6370400001
39.93425
26.5444
18.11136
25.19791
10.09025
18.7281000001
7.77947000007
35.12775
12.29041
17.60651
26.33854
31.03351
33.31031
42.33079
26.0806
17.10548
16.91975
45.9251600001
22.3914600001
32.72476
29.4228300001
14.2931700001
27.72556
28.48632
19.33767
28.12483
21.7307
31.56721
33.80184
17.70845
41.0773599999
17.80807
33.90795
23.0085300001
36.8979499999
45.6278100001
33.69527
40.5569
41.2245199999
30.5019599999
29.12352
22.23539
18.4984200001
31.8908599999
24.69071
21.6366099999
29.10479
35.70889
13.77628
34.35758
27.24707
25.0580399999
26.3418599999
31.79837
48.3888599999
20.44471
41.7351699999
18.2841
16.40524
22.98873
45.7479000001
40.7804399999
5.38997999998
14.8425799999
18.42785
24.23359
35.6022999999
35.5370700001
10.0458900001
30.3500699999
22.88725
26.9234600001
28.6322499999
28.20493
6.94704000012
29.3041099999
37.3559699999
24.16342
32.62809
14.89037
40.9353
29.10583
25.47882
31.82297
26.5288000001
18.02905
24.16582
32.78541
25.78828
34.8165799999
41.3160199999
20.6503900001
29.7706099999
37.8060500001
32.14409
29.28133
32.36419
18.54241
23.7619299999
35.86982
35.76633
21.22749
25.78588
47.24385
43.7703100001
45.34991
39.7370199999
30.6394499999
38.49612
19.7072100001
38.73211
39.3904200001
28.00855
39.08566
32.35931
28.5764500001
24.5456099999
23.82793
14.50101
17.0886499999
27.3483300001
36.1553
23.40402
22.59606
14.0184099999
36.14842
33.23646
37.22705
43.0131399999
28.47454
37.78653
24.4445
37.2364599999
27.47759
13.43828
20.1032100001
10.5271299999
27.2342000001
30.8695
21.41434
12.2097600001
25.06331
35.4734199999
27.57725
23.15283
24.52646
34.6170199999
6.66759999993
29.47515
12.4065300002
38.74653
17.71173
12.55807
26.4875599999
14.97976
18.3905999999
17.40488
30.6150499999
28.5182800001
29.4683900001
32.1695399999
8.18848999997
26.0020900001
22.8857700001
31.11223
36.06943
21.9351400001
44.2595900001
9.46004999999
12.8444700001
13.35791
23.4155400001
26.95208
18.51992
25.69246
34.41299
43.2446399999
22.8991500001
30.0690900001
8.84285000002
32.8520200001
38.06395
42.58912
15.42268
29.53217
24.60402
20.56694
8.9166
19.7314700002
23.74412
16.9926699999
14.3314599999
27.5634399999
41.38136
13.11471
18.69646
19.42317
12.18602
17.63183
24.17863
21.94631
27.77227
41.7843300001
40.6638499999
10.3196800001
22.72759
22.44364
21.3473499999
42.0161400001
35.92094
32.9608400001
26.71898
35.9140299999
19.49474
22.68921
34.17262
23.5828600001
22.70309
32.7935899999
36.06158
38.6626599999
17.61798
21.6781499999
34.56456
32.88121
24.05932
45.2024999999
28.0093100001
19.3093600001
42.92837
33.71923
20.35831
37.3635999999
27.13329
42.45615
40.7296499999
14.03896
27.5349000001
41.30322
12.6534900001
29.95079
14.76297
30.78021
31.2199899999
13.1124700001
15.0575599999
28.1121499999
30.0008700001
33.6640999999
34.1356599999
23.27225
13.96314
37.33331
30.1350900001
20.44025
23.6624800001
20.1573000001
17.8446599999
47.27986
6.67287999997
35.98602
17.5878
30.66432
31.11227
36.57446
15.28113
20.3454699999
7.16974999988
19.8781999999
34.07544
39.32093
46.32479
40.55718
22.25259
23.7365999999
27.34445
23.22305
30.0008500001
32.1995
27.2080400001
26.54871
11.7640999999
53.95478
32.9184
23.87577
42.7679
27.3801999998
25.3171900001
34.48179
10.06452
28.27802
39.8505500001
19.5148
25.1556300001
16.3145
22.9025300001
28.1963000001
28.03997
31.9981499999
31.87531
31.27475
28.7597599999
33.84908
17.306
17.8614800001
30.2755199999
27.68735
29.4801200001
14.9098099999
48.0979000001
50.47175
36.30586
22.54789
52.40117
38.7508399999
30.0116600001
35.60512
4.46978000004
26.7251400001
33.3550100001
23.7732600002
29.5901400001
22.89352
35.6295899999
40.26997
32.93616
24.96112
15.34702
28.02657
9.77996000007
41.4109400001
32.0031099999
14.60458
27.43694
46.1256499999
41.18932
19.49045
37.3939800001
37.02698
47.4351700001
33.5415299999
27.93663
25.25686
35.75884
37.1045200001
35.0377900001
22.08058
27.3019900001
37.2759799999
26.0986900001
21.65455
4.87013000005
26.7918100001
15.92878
22.4950400002
35.1081900001
10.4410399999
27.06169
31.8250299999
36.09101
33.71381
31.0133399999
20.8458199999
35.8090299999
41.1526799999
10.27148
40.7886
27.80024
17.23856
32.45065
24.8285599999
47.9033000001
4.43183000013
30.2412500001
37.6869399999
32.32204
13.83881
44.1761099999
32.71297
24.31787
44.20539
28.12476
33.4236099999
12.1470700001
32.62395
26.42171
26.7560700001
35.67175
16.08682
38.28862
35.5393100001
7.88004999992
31.18895
33.21898
44.4606799999
25.6125299999
30.24381
16.8711400001
21.9870000001
18.1290300001
36.30438
15.8047100001
8.24274000002
46.7298600001
39.7005800001
29.6070300001
32.1593000001
28.58319
31.98761
24.06932
18.46007
13.80689
31.02532
16.4913900001
30.2429299999
31.4450300001
40.14957
39.1926500001
24.20161
28.90426
28.99852
41.5746899999
11.5793
16.2174
36.42687
21.42736
24.59403
24.60867
35.05884
36.08964
26.7215100001
11.7262199998
22.65575
27.90952
15.6396300001
35.27358
23.49034
9.35285000002
30.0016200001
35.6726200001
9.84852999996
18.8963099999
29.07841
29.9193000001
36.84584
36.4350400001
38.4794699999
20.3316200001
41.06505
22.7007500001
48.04625
28.01745
29.9332
29.2436099999
39.56436
22.8458700001
30.28739
22.53525
26.2875299999
33.62422
32.21277
24.6426799998
15.7244299999
30.7473
29.38673
34.80352
10.98192
7.00266999996
17.2204
23.30094
31.8468300001
30.35494
13.38457
22.5272400001
25.61182
20.8128900001
49.75345
23.88431
22.92057
7.75023999996
22.3632199999
16.2311600001
20.98745
41.5821000001
31.2593299999
21.14673
19.9209800001
7.38867999997
33.7054499999
28.15741
23.07282
12.8108399999
34.20368
31.21563
25.13118
21.1405399999
30.32096
25.15501
35.79922
20.86852
18.82262
21.5748000001
17.03059
42.33302
18.71827
22.0864400001
18.11523
21.40068
29.21921
13.50697
33.7958900001
26.3193299999
17.64021
34.78967
10.38885
9.99624000001
18.4227400001
36.6295
33.79261
20.5650500001
44.52755
11.8107499999
15.35671
41.84426
45.2403899999
20.9537300001
24.6166099999
32.48269
24.8726000001
30.7445800001
31.7184899999
16.14773
33.89407
23.67961
26.8126299999
48.91998
15.10458
10.8695499999
4.35762000002
16.6657100001
40.4643399999
35.92946
11.72332
22.3172599999
38.12627
31.13611
16.7317100001
34.31328
30.81762
16.8011100001
36.29528
33.52422
45.4499700001
39.86058
14.49607
28.0335
40.93178
33.91206
12.94086
40.8962900001
7.44475000002
22.4058299999
27.1910499999
28.3574399999
15.36116
14.6464999998
34.26164
27.56051
37.40935
42.5549699999
36.8718900001
8.07490999997
11.4339699999
24.3841200001
33.6120600001
22.93379
16.19756
12.79603
43.9536
21.8672199999
27.0781399999
22.02892
11.60336
32.27916
28.15174
16.12294
17.90536
39.3485099999
39.87995
34.58863
31.14304
5.94348999998
33.9426399999
26.8311399999
24.72523
24.16525
17.5314000001
47.9621799999
31.5784600001
29.2369199999
23.30753
30.2811499999
36.3339299998
28.7682299999
29.838
37.35591
28.54761
28.95802
24.2903699999
18.57115
22.73778
36.8822499999
46.41272
18.3167800001
21.9932500001
36.91284
17.9797499999
17.88416
12.58956
8.18287999998
31.6726099999
9.62479000003
42.9307100001
38.7485000001
33.84202
35.0120899999
34.35983
29.6529000001
28.5356299999
24.3613199999
8.5928499999
30.4999200001
23.6981599999
15.61116
22.2625
36.61197
18.3282399999
29.46588
21.7563400001
19.9183199999
38.8491
21.34777
31.8886399999
26.6762499999
12.84212
46.14764
15.22811
32.69759
24.0932999999
35.8008900001
25.8696
32.60083
7.06544999999
38.62108
32.32822
44.13433
23.0261799999
30.3518599999
24.41636
22.58296
21.55325
33.3095300001
39.31742
19.6324999999
29.20797
38.3896299999
21.1456500001
36.98099
14.00744
32.4419100001
24.10968
21.6826799999
36.46627
20.1751399999
24.21483
11.6556299999
11.19004
13.8224899999
32.57331
20.5460600001
15.62349
45.25241
32.49057
16.5578800001
34.8595200001
17.6829700001
20.18718
12.6004
24.52881
28.1946
31.3865
32.14614
26.05349
24.96759
16.74708
28.30273
33.71985
48.89725
25.73288
27.0330299999
23.38124
22.3490500001
27.6092299999
22.15895
19.78469
13.6542699999
32.7744699999
28.8196
32.8454999999
13.1137499999
28.83764
23.36191
10.40259
33.2143
31.38877
30.65465
18.6592499999
37.73065
24.6638499999
19.9652499999
17.0758699999
33.7215400001
7.75381000002
44.65127
15.92019
21.9404699999
26.2181599999
11.9520299999
