28.5356299999
24.3613199999
8.5928499999
30.4999200001
23.6981599999
15.61116
22.2625
36.61197
18.3282399999
29.46588
21.7563400001
19.9183199999
38.8491
21.34777
31.8886399999
26.6762499999
12.84212
46.14764
15.22811
32.69759
24.0932999999
35.8008900001
25.8696
32.60083
7.06544999999
38.62108
32.32822
44.13433
23.0261799999
30.3518599999
24.41636
22.58296
21.55325
33.3095300001
39.31742
19.6324999999
29.20797
38.3896299999
21.1456500001
36.98099
14.00744
32.4419100001
24.10968
21.6826799999
36.46627
20.1751399999
24.21483
11.6556299999
11.19004
13.8224899999
