36.4416199999
15.4767900001
20.07674
20.79589
20.4142799999
24.03452
18.16249
11.44559
2.81134999997
16.7029499999
15.16918
41.33665
26.4672699999
5.44317999994
47.65948
25.71132
25.7285099999
17.1500200001
38.12611
8.34520999994
41.4057
20.3647000002
39.2692100001
18.7003
25.2448600001
34.2374100001
32.00792
22.7326999999
31.68576
26.4198299999
22.9542200001
23.60379
26.30532
12.13209
30.60054
27.70174
17.2706899999
21.06428
40.81561
26.68793
22.46527
24.32975
7.25391999993
20.5578600001
38.83979
15.5604600001
32.1984900001
33.14811
25.12576
17.0068299999
