24.8726000001
30.7445800001
31.7184899999
16.14773
33.89407
23.67961
26.8126299999
48.91998
15.10458
10.8695499999
4.35762000002
16.6657100001
40.4643399999
35.92946
11.72332
22.3172599999
38.12627
31.13611
16.7317100001
34.31328
30.81762
16.8011100001
36.29528
33.52422
45.4499700001
39.86058
14.49607
28.0335
40.93178
33.91206
12.94086
40.8962900001
7.44475000002
22.4058299999
27.1910499999
28.3574399999
15.36116
14.6464999998
34.26164
27.56051
37.40935
42.5549699999
36.8718900001
8.07490999997
11.4339699999
24.3841200001
33.6120600001
22.93379
16.19756
12.79603
