28.02657
9.77996000007
41.4109400001
32.0031099999
14.60458
27.43694
46.1256499999
41.18932
19.49045
37.3939800001
37.02698
47.4351700001
33.5415299999
27.93663
25.25686
35.75884
37.1045200001
35.0377900001
22.08058
27.3019900001
37.2759799999
26.0986900001
21.65455
4.87013000005
26.7918100001
15.92878
22.4950400002
35.1081900001
10.4410399999
27.06169
31.8250299999
36.09101
33.71381
31.0133399999
20.8458199999
35.8090299999
41.1526799999
10.27148
40.7886
27.80024
17.23856
32.45065
24.8285599999
47.9033000001
4.43183000013
30.2412500001
37.6869399999
32.32204
13.83881
44.1761099999
