12.51255
30.9843
11.3888599999
31.46532
37.5751499999
10.46844
18.4531500001
16.7626
13.2300399999
39.98083
8.18362000003
26.00396
6.75162
7.74250999989
27.19747
33.22211
35.89816
28.80189
27.08423
35.05382
24.04902
23.6288900001
34.8808200001
15.3525299998
17.41131
28.92492
18.97934
16.75189
38.6304599999
33.24566
16.0530800001
21.0653900001
25.62534
35.7636500001
37.7896699999
37.4932400001
38.9557
21.41834
43.7804700001
13.2527900001
24.9598
19.30751
37.2282399999
25.8711099999
22.85877
21.95274
24.95456
28.5556399999
16.72788
27.05899
