51.6140600001
30.10572
38.6455399999
11.4972900001
15.12812
34.05808
36.3885400001
32.7624400001
41.1804100001
37.40286
14.7706200001
22.20803
15.0523500001
22.55467
17.70424
21.90842
33.7675599999
21.00728
10.7954899999
7.48799000005
5.76896000002
22.91515
31.59815
16.11498
24.1539499999
20.7531300001
16.3932200001
27.46328
27.0006
36.6546899999
48.98905
12.1680900001
29.7210400001
29.6619299999
12.79281
35.14096
44.3626699999
20.98195
34.2850100001
21.3097400001
12.3394800001
31.1147899999
35.1890700001
15.39859
32.65217
25.5676199999
27.63103
7.91734000004
8.37656999996
15.5048199999
