32.57331
20.5460600001
15.62349
45.25241
32.49057
16.5578800001
34.8595200001
17.6829700001
20.18718
12.6004
24.52881
28.1946
31.3865
32.14614
26.05349
24.96759
16.74708
28.30273
33.71985
48.89725
25.73288
27.0330299999
23.38124
22.3490500001
27.6092299999
22.15895
19.78469
13.6542699999
32.7744699999
28.8196
32.8454999999
13.1137499999
28.83764
23.36191
10.40259
33.2143
31.38877
30.65465
18.6592499999
37.73065
24.6638499999
19.9652499999
17.0758699999
33.7215400001
7.75381000002
44.65127
15.92019
21.9404699999
26.2181599999
11.9520299999
