35.05884
36.08964
26.7215100001
11.7262199998
22.65575
27.90952
15.6396300001
35.27358
23.49034
9.35285000002
30.0016200001
35.6726200001
9.84852999996
18.8963099999
29.07841
29.9193000001
36.84584
36.4350400001
38.4794699999
20.3316200001
41.06505
22.7007500001
48.04625
28.01745
29.9332
29.2436099999
39.56436
22.8458700001
30.28739
22.53525
26.2875299999
33.62422
32.21277
24.6426799998
15.7244299999
30.7473
29.38673
34.80352
10.98192
7.00266999996
17.2204
23.30094
31.8468300001
30.35494
13.38457
22.5272400001
25.61182
20.8128900001
49.75345
23.88431
