33.80184
17.70845
41.0773599999
17.80807
33.90795
23.0085300001
36.8979499999
45.6278100001
33.69527
40.5569
41.2245199999
30.5019599999
29.12352
22.23539
18.4984200001
31.8908599999
24.69071
21.6366099999
29.10479
35.70889
13.77628
34.35758
27.24707
25.0580399999
26.3418599999
31.79837
48.3888599999
20.44471
41.7351699999
18.2841
16.40524
22.98873
45.7479000001
40.7804399999
5.38997999998
14.8425799999
18.42785
24.23359
35.6022999999
35.5370700001
10.0458900001
30.3500699999
22.88725
26.9234600001
28.6322499999
28.20493
6.94704000012
29.3041099999
37.3559699999
24.16342
