22.92057
7.75023999996
22.3632199999
16.2311600001
20.98745
41.5821000001
31.2593299999
21.14673
19.9209800001
7.38867999997
33.7054499999
28.15741
23.07282
12.8108399999
34.20368
31.21563
25.13118
21.1405399999
30.32096
25.15501
35.79922
20.86852
18.82262
21.5748000001
17.03059
42.33302
18.71827
22.0864400001
18.11523
21.40068
29.21921
13.50697
33.7958900001
26.3193299999
17.64021
34.78967
10.38885
9.99624000001
18.4227400001
36.6295
33.79261
20.5650500001
44.52755
11.8107499999
15.35671
41.84426
45.2403899999
20.9537300001
24.6166099999
32.48269
