32.1995
27.2080400001
26.54871
11.7640999999
53.95478
32.9184
23.87577
42.7679
27.3801999998
25.3171900001
34.48179
10.06452
28.27802
39.8505500001
19.5148
25.1556300001
16.3145
22.9025300001
28.1963000001
28.03997
31.9981499999
31.87531
31.27475
28.7597599999
33.84908
17.306
17.8614800001
30.2755199999
27.68735
29.4801200001
14.9098099999
48.0979000001
50.47175
36.30586
22.54789
52.40117
38.7508399999
30.0116600001
35.60512
4.46978000004
26.7251400001
33.3550100001
23.7732600002
29.5901400001
22.89352
35.6295899999
40.26997
32.93616
24.96112
15.34702
