17.2385399999
23.45716
8.35985000001
10.2771299999
19.4347499999
28.87619
16.30813
26.68154
29.52305
20.74627
15.4110600001
7.72896999982
30.2685400001
16.1575
16.71543
29.24757
9.10033000004
39.71294
15.73933
22.4219500001
12.6594300001
24.63896
23.14218
10.5197699999
11.5127099999
10.10095
5.64216000005
31.88595
41.2668199999
27.65977
25.0808899999
19.3611300001
11.9666100001
27.60759
20.7614900001
27.2820400001
24.38116
33.12752
12.82747
14.1969099999
26.97358
12.2620700001
27.39055
30.00342
12.04302
27.97667
11.94279
17.7571499998
31.0029
23.38648
25.61058
22.82403
29.86703
16.73048
22.11157
37.04265
28.4790899999
17.2451699999
12.8192500001
21.6784600001
12.90546
10.93021
17.75289
8.53509999998
7.63660999993
24.50673
24.4796600001
28.1823100001
5.56752000004
26.1262299999
43.4360700001
24.8132199999
10.2955299999
22.4735699999
26.5946999999
52.8838900001
22.72544
11.95644
22.0135100001
11.03038
11.6012499999
10.15141
31.0248
20.10451
17.3088
25.8178200001
19.81551
9.79005000007
9.96291
16.77705
28.2470000001
12.12732
38.3969299999
26.89096
8.20903999999
9.84556000005
10.6732200001
29.46332
23.5259799999
5.9138499999
6.85076000006
18.45643
8.56022999994
20.6269200001
27.4587
37.4090199999
10.3386
12.32135
17.9433599999
12.14113
19.23352
12.8371
21.73205
17.74078
28.8079
19.4597899999
34.71638
16.5459700001
21.40032
5.28646999993
8.68252999999
11.1553100001
15.1966299999
29.3187000001
22.93022
10.8288299999
6.56325000001
22.36552
17.21303
17.38353
13.7297
38.9906799999
16.50275
16.67844
21.3869800001
8.05506000004
9.82735000004
36.23016
22.86415
20.8845600002
8.03686999995
17.6958099999
24.47808
22.31027
31.4552199999
27.56598
16.6074400001
24.0189299999
17.2373599999
25.40209
6.5160699999
10.13166
7.97982999997
22.8370700001
30.49592
24.6292099999
15.27514
19.87586
41.9239399999
11.9892600001
27.4940299999
19.0343500001
23.20669
8.01032999996
10.39216
7.58955999999
28.5158099999
30.05915
39.64271
23.93371
12.2689200001
7.13965000003
14.71141
10.3534499999
15.20322
16.5189299999
8.61334000004
13.78842
16.4691799999
16.73675
19.3927600001
14.3005000001
5.78322999994
14.89223
23.1218100002
9.84642000007
9.98605000007
23.06854
15.0990400001
11.9249799999
17.0927799999
30.7249499999
13.86629
25.20222
19.7155899999
11.88562
22.9599999998
26.08089
9.27971000003
17.83228
31.19959
8.72878999985
21.0397999999
17.9358800001
24.72801
6.47102000006
16.62427
17.9484400001
6.36448000011
30.8123399999
18.5149099999
18.54311
15.46629
33.3960899999
34.14996
31.7845700001
16.3401900001
29.06692
12.18753
11.30533
19.93983
18.77784
47.15144
21.47272
37.02196
35.01118
21.08326
23.2000900001
17.47928
23.96993
22.2796700001
11.02947
19.4771499999
19.73066
20.3110499999
27.1990499999
17.33066
11.9896399999
26.49415
18.8519199999
21.7467799999
24.90848
14.4581399999
28.61129
26.67531
21.9940000001
9.02723999997
4.56862000003
9.41201999981
25.0160100001
16.76901
25.22065
13.35075
9.40229
7.73647999996
16.5320599999
27.45518
34.73682
13.88572
17.6288599999
30.43428
16.36025
18.47522
7.82024999999
29.3950799999
16.6410000001
12.3007299999
44.0423600001
10.0033
10.5038599999
34.23135
17.9445900001
19.4235200001
10.8678
11.2808599999
15.1678299999
15.9575499999
8.24097999989
19.96343
11.06877
22.3882500001
14.0969799999
23.0353000001
21.61525
23.32981
21.79974
15.3729900001
24.9375599999
22.0504299999
18.04709
19.78582
32.24726
34.3714100001
22.18905
19.5683700001
29.8977300001
30.24715
21.9055199999
6.24158000003
10.00956
24.29526
14.63209
39.7081
19.41191
32.26595
40.24442
16.3005000001
14.53842
33.5256200001
12.25468
29.6794500001
7.28382000001
23.10974
24.33785
18.22136
31.23288
49.47324
10.4864200001
14.95565
16.97541
32.0096400001
18.1062299999
15.92748
29.48115
12.5782900001
14.1977499999
21.21421
22.9428699999
10.09614
9.83698000002
9.57569999993
12.9227799999
13.0271800001
15.7599000001
11.43664
19.89477
22.3582900001
31.66785
24.2518699999
36.4159
8.14319999993
20.49852
12.7641200001
11.42142
20.0992099999
18.26006
14.7610399999
13.5071100001
28.14938
19.0021499998
23.2965400001
20.83031
43.57252
14.85771
8.33869
22.3606100001
13.4011
18.8430699999
22.29103
20.5772000001
6.31465000007
10.3777399999
31.8341699999
15.5750400001
34.5473100001
9.51549999998
9.85278999992
8.98327999993
9.77979000006
30.1099
17.2113099999
19.8844099999
11.7870700001
20.1486300001
6.32084000006
12.6881799999
32.09126
23.4309
46.19854
13.7401199999
13.85083
17.98219
4.2858099998
29.66235
16.75926
23.5969100001
19.5639900001
5.96025
7.58665999991
28.5434600001
8.79071000009
6.13644999999
17.46011
12.67938
4.63026999997
9.50268999999
4.82724000001
20.39777
12.9937999999
20.5822800001
21.48392
9.36620000005
32.61867
25.40643
30.0106500001
9.73443999991
8.53685000003
13.40758
12.5587000001
22.55501
4.77021999995
29.02886
17.5397
34.44083
7.84491999994
20.7196899999
18.3459599999
8.85217999993
28.6768200001
15.5497300001
20.5104500001
24.83465
10.89123
15.5797199999
13.4281400001
11.11963
14.7692999999
39.6912999999
16.0363200001
12.80876
23.9471
23.7740000001
7.48982999998
19.24081
23.38998
32.9077500002
19.3315900001
8.92845000001
25.3904100001
20.1974099999
21.4139
8.35898999998
24.95647
14.44147
17.89261
10.0014799999
18.5325200001
18.84393
18.7553999999
11.1593300001
14.9428200001
15.4658
17.9263500001
21.88882
10.7191699999
7.59809999994
25.5289199998
19.8946600001
13.5093500001
23.97565
19.70368
23.4541099998
23.9363399999
10.6175899999
15.8022799999
34.63696
7.1662199999
24.2480899999
28.6875499999
32.04493
32.9234399999
22.1894300001
32.89704
9.67125000001
17.66823
16.93305
15.61541
25.5802099999
7.09993999999
8.93893000006
19.2650499999
15.2071999999
31.4829600001
16.22607
22.8891
17.3776700001
16.3554100001
16.37332
9.11395999999
21.49191
22.9017099999
19.19273
33.4515300001
26.34458
18.0259399998
15.62621
12.2244699999
22.731
17.2575500001
21.3936299999
23.36047
9.67761999997
25.18016
32.98248
20.31121
21.36781
18.95705
22.9127600001
36.83214
27.61924
21.54475
15.40785
19.66585
9.29974999989
33.9820099999
26.3499499999
10.5614
10.4585300001
17.33418
32.7370000001
30.44281
21.4084099999
34.2877700001
15.8261500001
11.86102
30.9051999999
11.67067
24.12953
31.97302
12.9771199999
11.0474500001
21.85002
9.30991000007
16.19684
11.70124
23.5710700001
19.37653
8.05348
23.1927100001
12.3430300001
30.08089
7.43137000001
26.0253099999
28.19811
24.20682
24.94227
33.2819700001
38.5009000001
19.56592
27.21403
7.0289899999
11.95421
28.27105
30.12502
21.06516
25.07903
6.71180000005
23.91741
11.30116
4.98517000012
11.4215300001
35.4394
7.25206999993
9.13298999995
14.70152
24.87015
11.6098499999
12.36569
9.35902000009
9.98846000002
13.7069199999
26.9569499999
21.88278
32.15931
21.65969
22.61121
44.4605599999
17.39783
13.8557500001
18.1282800001
14.34571
55.52206
22.6866499998
40.0325900001
23.21967
30.0684699999
17.4643300001
19.60064
10.6752000001
8.09149999998
16.11069
8.22977000009
23.4362999999
25.5356300001
10.73121
33.3333300001
12.9005699999
18.47146
23.0578900001
31.99853
43.1354
11.1218
18.35552
7.16483999998
15.39712
15.8539900001
22.22566
22.6812200001
21.58052
8.14026000001
11.3035
16.24922
25.0851400001
24.37341
6.00911999994
11.86334
7.32388000004
23.7664300001
27.40331
15.28969
6.58055000007
11.83731
22.88394
11.2273199999
25.98868
18.3896299999
24.5887099999
7.43064000004
22.9299700001
34.56953
21.5962800001
4.98642999993
19.43119
50.70158
7.36768999998
31.2520799999
27.9215999999
37.74446
13.88715
11.11589
45.15469
11.6327900001
12.67603
8.93669
22.6063699999
13.3912
20.65572
20.42797
23.3979399999
29.9758799999
22.7070499999
15.57652
33.4053700001
29.8047100001
13.8593699998
12.01586
13.3542800001
7.09939999995
10.7776400001
13.9532699999
12.49742
20.0540499999
9.29928000004
15.8200399999
26.91087
20.6620799999
23.05108
17.89367
29.2519899999
15.8239000001
10.7609100001
21.3758400001
16.5388099999
18.47207
14.2374900001
8.55974000006
12.99468
39.7315700001
22.30828
19.2252600001
16.4777199998
25.0861099999
28.86924
15.99743
44.05117
28.67973
20.1046899999
54.93905
14.1676800001
27.09374
13.1597
10.8345400001
12.9258600001
4.90645000001
13.209
17.4823500001
12.8828600001
25.5112900001
13.87426
11.8539099999
22.6478
10.2510599999
11.76725
29.2534899999
16.4040100001
7.88581000001
20.78931
44.9069000001
24.1822599999
7.01214000001
15.2999599999
54.19684
15.2665799999
23.4348800001
8.15648000012
9.10635999998
22.3690800001
14.4462400001
12.0804
27.8605899999
9.39702999999
19.82705
11.92936
17.19282
23.34138
6.30886999995
7.51868999994
16.0845
10.89714
24.5974399999
9.46108000004
27.4501299999
11.7596699999
17.03947
15.2350399999
27.37566
18.7681499999
16.9341200001
16.1514300001
24.06226
7.36783999996
7.66258
15.0401200001
8.42876000004
15.1324999999
6.93377999996
23.3460499999
10.87233
12.4805600001
38.98679
27.8307800001
15.8190599999
16.82042
15.8189500001
11.09007
30.8602199999
46.8127299999
31.3481600001
14.53443
22.44894
33.20073
18.82531
9.42815999989
13.41073
27.56582
34.2950600001
24.5809000001
37.8144800001
24.2266800001
20.36777
14.2848500001
12.6221099999
22.4855800001
27.3515999999
15.2354500002
25.04151
15.2002899999
12.64967
31.57417
21.1566000001
36.06122
18.24158
23.15601
9.92398000008
21.9275100001
23.1865600001
34.8028899999
26.37493
17.32386
10.36654
9.75299000007
15.2122199999
16.85552
31.58228
23.5524600002
30.0358600001
38.9045599999
20.09606
13.1285
11.43839
29.0981599999
10.12241
30.09219
9.21309999994
21.10714
16.61673
32.51512
17.88772
14.77957
14.69001
43.16941
7.12983999995
8.80662000005
24.77743
20.6623999999
11.65055
22.0464499999
10.23473
13.7811999999
9.47210000001
12.09118
44.3778
11.5751900001
11.5446700001
20.2620300001
24.35429
23.1107900001
15.9214799999
21.8088
23.73003
13.0049599999
37.1334500001
16.68908
9.41529000003
19.7216599999
27.7297599999
14.1865900001
11.6760999999
13.81027
31.97682
23.9545
6.29931999999
18.1520799999
20.9841700001
10.07014
28.4004599999
14.37045
33.43678
24.89607
28.5807599999
18.1555699999
48.4087
15.8917
7.36936000001
26.0210399999
27.3973299999
8.30995999998
11.0279699999
8.05173000006
32.8919
19.28864
11.80392
25.58496
13.8434700001
32.58757
17.1616100001
40.2032
9.98781999992
11.53779
19.88147
9.91477999999
18.71193
17.1429699999
9.18148999987
7.52198000008
10.54362
20.0680399999
26.12214
23.2606899999
32.35678
8.68187999993
23.6354
21.40973
26.35555
31.5701
11.5846000001
17.9996100001
15.35373
28.3136
18.66452
17.89558
34.5173600001
8.02084000013
24.6869699999
13.2448100001
36.15156
11.1561300001
5.72269999993
7.74442000012
14.8322399999
8.55376000004
26.2096599999
21.06278
25.45978
29.97335
26.7186500001
13.7220100001
8.65572999988
31.2333200001
20.8268899999
17.9268499999
10.29538
9.30820999993
20.8100100001
19.5302599999
12.7376600001
24.93409
29.4210000001
30.6365499999
21.72146
16.36731
26.0113900001
9.38324000011
9.99378999998
7.92108999996
19.18232
22.15422
10.9666100001
19.7785900001
9.03391999996
22.9770600001
20.52411
8.23787999991
13.21384
21.69654
12.50296
39.93241
21.01829
20.6654300001
33.9144700001
3.91814000008
11.4261200001
14.3693300001
43.6498099999
26.8293800001
29.58759
7.75744999992
11.12366
13.7603399999
18.86598
11.42742
31.3018199999
13.76037
5.57888000004
20.5576299999
18.88223
29.64586
15.39647
21.03292
8.95126000012
9.34885000007
10.8328999999
16.27558
10.62728
12.5120900001
21.83425
14.32537
13.97463
23.90232
21.5963
19.83268
19.01179
19.07034
13.12549
11.92299
23.07508
26.13021
13.7276100001
10.59183
26.70094
24.0353700001
18.4749200001
33.02576
16.72278
7.27563000005
12.3891800001
15.36303
25.66649
33.89261
18.2197
13.1739000001
6.64688999997
17.94854
11.3738299999
7.26684000005
19.0648299999
17.02964
24.87266
9.54914000002
8.39847000001
