6.5160699999
10.13166
7.97982999997
22.8370700001
30.49592
24.6292099999
15.27514
19.87586
41.9239399999
11.9892600001
27.4940299999
19.0343500001
23.20669
8.01032999996
10.39216
7.58955999999
28.5158099999
30.05915
39.64271
23.93371
12.2689200001
7.13965000003
14.71141
10.3534499999
15.20322
16.5189299999
8.61334000004
13.78842
16.4691799999
16.73675
19.3927600001
14.3005000001
5.78322999994
14.89223
23.1218100002
9.84642000007
9.98605000007
23.06854
15.0990400001
11.9249799999
17.0927799999
30.7249499999
13.86629
25.20222
19.7155899999
11.88562
22.9599999998
26.08089
9.27971000003
17.83228
