24.29526
14.63209
39.7081
19.41191
32.26595
40.24442
16.3005000001
14.53842
33.5256200001
12.25468
29.6794500001
7.28382000001
23.10974
24.33785
18.22136
31.23288
49.47324
10.4864200001
14.95565
16.97541
32.0096400001
18.1062299999
15.92748
29.48115
12.5782900001
14.1977499999
21.21421
22.9428699999
10.09614
9.83698000002
9.57569999993
12.9227799999
13.0271800001
15.7599000001
11.43664
19.89477
22.3582900001
31.66785
24.2518699999
36.4159
8.14319999993
20.49852
12.7641200001
11.42142
20.0992099999
18.26006
14.7610399999
13.5071100001
28.14938
19.0021499998
