6.85076000006
18.45643
8.56022999994
20.6269200001
27.4587
37.4090199999
10.3386
12.32135
17.9433599999
12.14113
19.23352
12.8371
21.73205
17.74078
28.8079
19.4597899999
34.71638
16.5459700001
21.40032
5.28646999993
8.68252999999
11.1553100001
15.1966299999
29.3187000001
22.93022
10.8288299999
6.56325000001
22.36552
17.21303
17.38353
13.7297
38.9906799999
16.50275
16.67844
21.3869800001
8.05506000004
9.82735000004
36.23016
22.86415
20.8845600002
8.03686999995
17.6958099999
24.47808
22.31027
31.4552199999
27.56598
16.6074400001
24.0189299999
17.2373599999
25.40209
