17.2385399999
23.45716
8.35985000001
10.2771299999
19.4347499999
28.87619
16.30813
26.68154
29.52305
20.74627
15.4110600001
7.72896999982
30.2685400001
16.1575
16.71543
29.24757
9.10033000004
39.71294
15.73933
22.4219500001
12.6594300001
24.63896
23.14218
10.5197699999
11.5127099999
10.10095
5.64216000005
31.88595
41.2668199999
27.65977
25.0808899999
19.3611300001
11.9666100001
27.60759
20.7614900001
27.2820400001
24.38116
33.12752
12.82747
14.1969099999
26.97358
12.2620700001
27.39055
30.00342
12.04302
27.97667
11.94279
17.7571499998
31.0029
23.38648
