25.61058
22.82403
29.86703
16.73048
22.11157
37.04265
28.4790899999
17.2451699999
12.8192500001
21.6784600001
12.90546
10.93021
17.75289
8.53509999998
7.63660999993
24.50673
24.4796600001
28.1823100001
5.56752000004
26.1262299999
43.4360700001
24.8132199999
10.2955299999
22.4735699999
26.5946999999
52.8838900001
22.72544
11.95644
22.0135100001
11.03038
11.6012499999
10.15141
31.0248
20.10451
17.3088
25.8178200001
19.81551
9.79005000007
9.96291
16.77705
28.2470000001
12.12732
38.3969299999
26.89096
8.20903999999
9.84556000005
10.6732200001
29.46332
23.5259799999
5.9138499999
