7.0289899999
11.95421
28.27105
30.12502
21.06516
25.07903
6.71180000005
23.91741
11.30116
4.98517000012
11.4215300001
35.4394
7.25206999993
9.13298999995
14.70152
24.87015
11.6098499999
12.36569
9.35902000009
9.98846000002
13.7069199999
26.9569499999
21.88278
32.15931
21.65969
22.61121
44.4605599999
17.39783
13.8557500001
18.1282800001
14.34571
55.52206
22.6866499998
40.0325900001
23.21967
30.0684699999
17.4643300001
19.60064
10.6752000001
8.09149999998
16.11069
8.22977000009
23.4362999999
25.5356300001
10.73121
33.3333300001
12.9005699999
18.47146
23.0578900001
31.99853
