29.0981599999
10.12241
30.09219
9.21309999994
21.10714
16.61673
32.51512
17.88772
14.77957
14.69001
43.16941
7.12983999995
8.80662000005
24.77743
20.6623999999
11.65055
22.0464499999
10.23473
13.7811999999
9.47210000001
12.09118
44.3778
11.5751900001
11.5446700001
20.2620300001
24.35429
23.1107900001
15.9214799999
21.8088
23.73003
13.0049599999
37.1334500001
16.68908
9.41529000003
19.7216599999
27.7297599999
14.1865900001
11.6760999999
13.81027
31.97682
23.9545
6.29931999999
18.1520799999
20.9841700001
10.07014
28.4004599999
14.37045
33.43678
24.89607
28.5807599999
