22.7070499999
15.57652
33.4053700001
29.8047100001
13.8593699998
12.01586
13.3542800001
7.09939999995
10.7776400001
13.9532699999
12.49742
20.0540499999
9.29928000004
15.8200399999
26.91087
20.6620799999
23.05108
17.89367
29.2519899999
15.8239000001
10.7609100001
21.3758400001
16.5388099999
18.47207
14.2374900001
8.55974000006
12.99468
39.7315700001
22.30828
19.2252600001
16.4777199998
25.0861099999
28.86924
15.99743
44.05117
28.67973
20.1046899999
54.93905
14.1676800001
27.09374
13.1597
10.8345400001
12.9258600001
4.90645000001
13.209
17.4823500001
12.8828600001
25.5112900001
13.87426
11.8539099999
