43.1354
11.1218
18.35552
7.16483999998
15.39712
15.8539900001
22.22566
22.6812200001
21.58052
8.14026000001
11.3035
16.24922
25.0851400001
24.37341
6.00911999994
11.86334
7.32388000004
23.7664300001
27.40331
15.28969
6.58055000007
11.83731
22.88394
11.2273199999
25.98868
18.3896299999
24.5887099999
7.43064000004
22.9299700001
34.56953
21.5962800001
4.98642999993
19.43119
50.70158
7.36768999998
31.2520799999
27.9215999999
37.74446
13.88715
11.11589
45.15469
11.6327900001
12.67603
8.93669
22.6063699999
13.3912
20.65572
20.42797
23.3979399999
29.9758799999
