21.48392
9.36620000005
32.61867
25.40643
30.0106500001
9.73443999991
8.53685000003
13.40758
12.5587000001
22.55501
4.77021999995
29.02886
17.5397
34.44083
7.84491999994
20.7196899999
18.3459599999
8.85217999993
28.6768200001
15.5497300001
20.5104500001
24.83465
10.89123
15.5797199999
13.4281400001
11.11963
14.7692999999
39.6912999999
16.0363200001
12.80876
23.9471
23.7740000001
7.48982999998
19.24081
23.38998
32.9077500002
19.3315900001
8.92845000001
25.3904100001
20.1974099999
21.4139
8.35898999998
24.95647
14.44147
17.89261
10.0014799999
18.5325200001
18.84393
18.7553999999
11.1593300001
