27.8307800001
15.8190599999
16.82042
15.8189500001
11.09007
30.8602199999
46.8127299999
31.3481600001
14.53443
22.44894
33.20073
18.82531
9.42815999989
13.41073
27.56582
34.2950600001
24.5809000001
37.8144800001
24.2266800001
20.36777
14.2848500001
12.6221099999
22.4855800001
27.3515999999
15.2354500002
25.04151
15.2002899999
12.64967
31.57417
21.1566000001
36.06122
18.24158
23.15601
9.92398000008
21.9275100001
23.1865600001
34.8028899999
26.37493
17.32386
10.36654
9.75299000007
15.2122199999
16.85552
31.58228
23.5524600002
30.0358600001
38.9045599999
20.09606
13.1285
11.43839
