14.9428200001
15.4658
17.9263500001
21.88882
10.7191699999
7.59809999994
25.5289199998
19.8946600001
13.5093500001
23.97565
19.70368
23.4541099998
23.9363399999
10.6175899999
15.8022799999
34.63696
7.1662199999
24.2480899999
28.6875499999
32.04493
32.9234399999
22.1894300001
32.89704
9.67125000001
17.66823
16.93305
15.61541
25.5802099999
7.09993999999
8.93893000006
19.2650499999
15.2071999999
31.4829600001
16.22607
22.8891
17.3776700001
16.3554100001
16.37332
9.11395999999
21.49191
22.9017099999
19.19273
33.4515300001
26.34458
18.0259399998
15.62621
12.2244699999
22.731
17.2575500001
21.3936299999
