8.55376000004
26.2096599999
21.06278
25.45978
29.97335
26.7186500001
13.7220100001
8.65572999988
31.2333200001
20.8268899999
17.9268499999
10.29538
9.30820999993
20.8100100001
19.5302599999
12.7376600001
24.93409
29.4210000001
30.6365499999
21.72146
16.36731
26.0113900001
9.38324000011
9.99378999998
7.92108999996
19.18232
22.15422
10.9666100001
19.7785900001
9.03391999996
22.9770600001
20.52411
8.23787999991
13.21384
21.69654
12.50296
39.93241
21.01829
20.6654300001
33.9144700001
3.91814000008
11.4261200001
14.3693300001
43.6498099999
26.8293800001
29.58759
7.75744999992
11.12366
13.7603399999
18.86598
