31.19959
8.72878999985
21.0397999999
17.9358800001
24.72801
6.47102000006
16.62427
17.9484400001
6.36448000011
30.8123399999
18.5149099999
18.54311
15.46629
33.3960899999
34.14996
31.7845700001
16.3401900001
29.06692
12.18753
11.30533
19.93983
18.77784
47.15144
21.47272
37.02196
35.01118
21.08326
23.2000900001
17.47928
23.96993
22.2796700001
11.02947
19.4771499999
19.73066
20.3110499999
27.1990499999
17.33066
11.9896399999
26.49415
18.8519199999
21.7467799999
24.90848
14.4581399999
28.61129
26.67531
21.9940000001
9.02723999997
4.56862000003
9.41201999981
25.0160100001
