23.2965400001
20.83031
43.57252
14.85771
8.33869
22.3606100001
13.4011
18.8430699999
22.29103
20.5772000001
6.31465000007
10.3777399999
31.8341699999
15.5750400001
34.5473100001
9.51549999998
9.85278999992
8.98327999993
9.77979000006
30.1099
17.2113099999
19.8844099999
11.7870700001
20.1486300001
6.32084000006
12.6881799999
32.09126
23.4309
46.19854
13.7401199999
13.85083
17.98219
4.2858099998
29.66235
16.75926
23.5969100001
19.5639900001
5.96025
7.58665999991
28.5434600001
8.79071000009
6.13644999999
17.46011
12.67938
4.63026999997
9.50268999999
4.82724000001
20.39777
12.9937999999
20.5822800001
