22.6478
10.2510599999
11.76725
29.2534899999
16.4040100001
7.88581000001
20.78931
44.9069000001
24.1822599999
7.01214000001
15.2999599999
54.19684
15.2665799999
23.4348800001
8.15648000012
9.10635999998
22.3690800001
14.4462400001
12.0804
27.8605899999
9.39702999999
19.82705
11.92936
17.19282
23.34138
6.30886999995
7.51868999994
16.0845
10.89714
24.5974399999
9.46108000004
27.4501299999
11.7596699999
17.03947
15.2350399999
27.37566
18.7681499999
16.9341200001
16.1514300001
24.06226
7.36783999996
7.66258
15.0401200001
8.42876000004
15.1324999999
6.93377999996
23.3460499999
10.87233
12.4805600001
38.98679
