11.42742
31.3018199999
13.76037
5.57888000004
20.5576299999
18.88223
29.64586
15.39647
21.03292
8.95126000012
9.34885000007
10.8328999999
16.27558
10.62728
12.5120900001
21.83425
14.32537
13.97463
23.90232
21.5963
19.83268
19.01179
19.07034
13.12549
11.92299
23.07508
26.13021
13.7276100001
10.59183
26.70094
24.0353700001
18.4749200001
33.02576
16.72278
7.27563000005
12.3891800001
15.36303
25.66649
33.89261
18.2197
13.1739000001
6.64688999997
17.94854
11.3738299999
7.26684000005
19.0648299999
17.02964
24.87266
9.54914000002
8.39847000001
