16.76901
25.22065
13.35075
9.40229
7.73647999996
16.5320599999
27.45518
34.73682
13.88572
17.6288599999
30.43428
16.36025
18.47522
7.82024999999
29.3950799999
16.6410000001
12.3007299999
44.0423600001
10.0033
10.5038599999
34.23135
17.9445900001
19.4235200001
10.8678
11.2808599999
15.1678299999
15.9575499999
8.24097999989
19.96343
11.06877
22.3882500001
14.0969799999
23.0353000001
21.61525
23.32981
21.79974
15.3729900001
24.9375599999
22.0504299999
18.04709
19.78582
32.24726
34.3714100001
22.18905
19.5683700001
29.8977300001
30.24715
21.9055199999
6.24158000003
10.00956
