18.1555699999
48.4087
15.8917
7.36936000001
26.0210399999
27.3973299999
8.30995999998
11.0279699999
8.05173000006
32.8919
19.28864
11.80392
25.58496
13.8434700001
32.58757
17.1616100001
40.2032
9.98781999992
11.53779
19.88147
9.91477999999
18.71193
17.1429699999
9.18148999987
7.52198000008
10.54362
20.0680399999
26.12214
23.2606899999
32.35678
8.68187999993
23.6354
21.40973
26.35555
31.5701
11.5846000001
17.9996100001
15.35373
28.3136
18.66452
17.89558
34.5173600001
8.02084000013
24.6869699999
13.2448100001
36.15156
11.1561300001
5.72269999993
7.74442000012
14.8322399999
