23.36047
9.67761999997
25.18016
32.98248
20.31121
21.36781
18.95705
22.9127600001
36.83214
27.61924
21.54475
15.40785
19.66585
9.29974999989
33.9820099999
26.3499499999
10.5614
10.4585300001
17.33418
32.7370000001
30.44281
21.4084099999
34.2877700001
15.8261500001
11.86102
30.9051999999
11.67067
24.12953
31.97302
12.9771199999
11.0474500001
21.85002
9.30991000007
16.19684
11.70124
23.5710700001
19.37653
8.05348
23.1927100001
12.3430300001
30.08089
7.43137000001
26.0253099999
28.19811
24.20682
24.94227
33.2819700001
38.5009000001
19.56592
27.21403
