23.2568
24.77835
4.84970000002
13.5551199999
27.7789500001
4.56656999991
22.6889699999
10.61071
18.03409
16.8809699999
44.6375
12.3611999999
23.7246300001
13.80905
16.11145
38.3344599998
23.31513
8.66839999997
18.6957700001
23.87884
10.24167
18.8429
4.23047000007
21.0507100001
21.3449899999
19.7629500001
5.92715000012
27.91694
18.62772
8.39414999995
25.54449
26.8633900001
33.4019300001
28.67243
9.27825000009
15.1679700001
19.6885200001
22.21731
37.79862
17.8795700001
20.68383
7.37532999995
14.4537699999
8.97886999999
10.04723
14.7587
7.17249999999
20.0395500001
10.8675000001
9.80379000015
