20.7757600001
35.8721400001
27.31316
29.92761
17.98392
5.0597499999
10.07887
6.10631000006
15.44013
12.10543
19.7904000001
20.13052
23.6499399999
24.3018200001
30.59486
11.9075799999
30.18012
8.33669999999
8.31572000007
8.64894999994
5.33106
12.2174099999
28.51978
14.3016000001
25.59256
30.9622599999
39.5132500001
9.5209
34.8123699999
8.56382000004
18.66006
20.3221400001
8.43305000011
19.42026
17.4355500001
26.64744
7.79186
19.16455
17.2297699999
16.5083399999
13.0033399999
13.73191
11.8246299999
17.0726700001
23.18779
6.65812000004
30.0439299999
20.5495
23.2550400001
16.92912
