19.37838
36.4741600001
19.40234
22.5167800001
17.65426
6.19605000003
12.60003
20.53182
28.93731
33.2389
14.31197
17.8163999999
25.21277
25.95997
18.9781899999
42.5044399999
9.35797000001
12.81207
27.8421
29.74878
25.58066
17.24894
14.8748900001
18.38732
8.01526000001
15.84074
33.99028
14.14105
11.11474
8.81295999989
6.73897000006
17.4445400001
20.50971
15.63882
26.36193
24.3809900001
28.0143200001
8.38806999999
19.71899
18.7352400001
21.6769
30.4182400001
16.7196
11.18412
27.8885400001
30.4715199999
22.93042
19.13064
19.00277
10.28507
