11.2148
27.3076700001
21.8595199999
11.2293799999
9.97436999995
13.4630199999
25.2811799999
42.6500899999
27.9772000001
16.14831
10.56704
17.8534599999
9.41064999998
8.60592
16.93321
32.7691800001
8.21346999996
9.89397000009
11.09457
25.47734
10.9632500001
30.37264
15.2243600001
8.60567999992
8.47511999996
20.3755
8.08382000006
8.80268999992
22.08059
37.4481500001
26.0058699999
11.83456
38.8772399999
9.86979000003
6.76902999997
28.17302
12.87878
13.05117
8.13633000012
18.83866
11.4760299999
15.8995300001
26.4190399999
17.1815099999
30.1137900001
21.29977
21.68106
8.84676999995
17.2686
18.8001700002
