7.59089000011
20.7246000001
23.4441499999
17.18745
20.52271
28.5688600001
17.97184
13.7343
9.45256000001
24.9313199999
30.4286099999
23.19882
19.42356
12.5287599999
27.7355
13.0579300001
21.7335399999
11.9393199999
17.89457
14.96243
17.45796
19.57594
41.0679999999
6.65731000004
12.2746199999
16.0376200001
34.5399100001
14.1751400001
11.74389
22.8970700001
6.18041000003
14.0014600002
8.36502000003
7.00699999998
13.52364
18.0517599999
6.99128999992
13.0914499999
16.08062
7.4362900001
17.71361
24.0734499999
20.93559
24.6807100001
12.3551100001
45.80224
23.1380500001
7.96099000005
26.56096
20.23498
