16.6275800001
8.1418300001
12.7059200001
5.45649999997
20.7112200001
6.77886999992
40.4183200002
13.2666699999
29.7972799999
8.20654000004
14.8697500002
34.10011
26.5084
9.05003999989
5.56527000002
15.1247
5.06475999998
14.71178
9.61716000002
20.21996
15.10458
13.7131000001
14.0359100001
16.46525
18.71207
34.5091500001
17.0366199998
31.00191
17.7709599999
23.3664699999
8.99447999999
16.2314599999
10.58637
24.87877
35.86447
16.8635200001
12.2185499999
12.7726599999
16.36519
13.8009000001
17.6094199999
5.00082000007
15.98769
12.0451600001
26.48376
7.02601000015
9.6361
4.51719000004
24.2456199999
13.35546
