21.79963
14.6322200001
14.7020500001
21.1309600001
23.73077
18.1207800001
25.0612199999
18.23803
8.53975
17.2478799999
16.31608
12.4207199999
27.4829699999
30.16891
13.32554
11.5335199999
19.97162
18.7794900001
7.97443000006
13.31489
22.5000499999
7.82392000011
9.36384000001
24.6582499999
23.4369099999
9.44302000001
20.92878
6.80410000007
19.18602
10.82479
20.65524
8.14356
15.1320700001
11.34055
27.61168
8.93080999993
6.20719999995
7.56282999995
10.18392
8.50732999993
20.30139
8.70052000007
30.9903899999
24.7365899999
18.1304800001
15.18016
19.7384299999
21.0865300001
17.5287299999
26.12869
