9.69443000003
31.2196000001
24.80336
12.42287
13.0888800001
18.73136
35.3989800001
8.31576999999
17.2389100001
17.93776
28.0409400001
17.4157100001
10.2390899999
5.33823999995
9.34801999992
14.51083
9.3123799999
17.65047
8.19137999997
13.6404100001
20.0329699999
21.04401
14.8363
16.88971
21.34479
16.34822
7.22739000001
18.01625
18.31968
22.62173
16.1989899999
28.88507
12.9920399998
16.5815099999
18.1083699999
14.1430599999
14.9257500001
10.85795
23.92036
11.97464
18.93382
30.3715300001
9.55690000008
20.7305099999
42.2886799999
6.74849999999
8.94500999991
18.7035000001
34.40501
10.76845
