21.6103000001
19.9784799999
28.3872699999
20.98541
14.7387
23.67949
29.59635
19.6724299999
19.87744
16.5886499999
21.38765
20.74477
37.3536499999
15.3175800001
5.1936
20.83766
21.56012
19.32852
30.32858
14.70777
10.59364
13.71842
14.73972
12.0592
13.0626899999
24.6523099999
18.24969
29.62529
23.19424
12.92513
27.4076
14.06494
41.58487
10.8173
19.0928100001
26.03392
22.1913400001
29.0787300001
17.4334
16.7955
12.0067799999
8.51535
18.36638
13.9174600001
5.92277999991
30.38222
11.69652
19.96269
16.98052
28.41499
24.9762799999
3.61967000004
25.10226
18.56727
23.1575199999
32.66149
16.67274
24.8609700002
35.2448799999
9.98967000004
14.36067
27.7117599999
18.82898
37.68295
10.1640399999
13.9775899999
19.4601899999
17.9904900001
17.35574
16.14954
12.0335100001
15.4039899999
20.8084
26.31232
17.6852799999
16.65197
15.77988
10.63585
23.0308800002
20.8255799999
32.5507899999
14.76502
28.27419
8.90009999997
20.08369
16.6211299999
9.47518000007
7.03476999991
6.91413000005
7.41121000005
22.0257499999
30.74505
16.3756
9.79881999991
12.65272
27.3301
40.19264
10.96858
20.43631
13.2979
39.6663800001
24.56342
42.0892899999
24.77818
8.78913000005
35.67915
12.77009
14.54029
13.5390400001
28.3490899999
33.9172200001
15.7986399999
17.5237200001
7.14934999996
26.6677700001
22.5358099999
18.27437
21.19502
21.73756
6.11288999987
12.9110900001
30.8641
18.02722
15.46604
21.2215699999
23.6910100001
8.68755999999
12.45572
27.5739
23.21592
25.05727
6.11585000006
17.6246
13.2695599999
14.2101200001
12.99871
24.47267
9.32380999997
22.49596
32.4861600001
18.7736900001
5.86331000004
11.06146
11.0798699999
33.17055
5.58713999996
24.9011199999
15.16718
19.8608199999
7.49372000003
32.7214500001
7.38410000002
10.3047199999
19.8295000001
22.9648699999
8.73320000002
12.6126199999
20.07467
10.1916199999
34.03516
39.3985199999
25.0838499999
24.1380500001
18.0450599999
19.6761500001
22.8841500001
20.15229
28.62811
14.82124
12.28244
28.17619
7.76201000006
14.6959400001
22.52662
26.3724699999
12.6289600001
16.08102
33.1911800001
30.4200799998
33.62055
10.15234
13.7994900001
30.52677
20.8196
16.6848500001
6.70068999997
18.9969100001
17.78114
14.99608
6.37335999997
23.56376
28.2073299999
11.2317900001
11.34846
6.55691000004
15.2571700001
13.1034499999
15.5939
16.3639400001
5.23673000012
25.94439
9.00966999994
23.4024
28.1103300001
13.1829799999
6.82596000005
15.79109
16.0531299999
11.86918
17.85855
23.8880399999
38.8774199999
19.92508
13.5007400002
13.80632
21.39808
11.8187300001
12.24439
8.76026999997
22.6401899999
33.12495
27.2181899999
8.27618000004
30.34812
13.40769
27.79648
18.8312700001
32.27261
22.72815
28.91371
19.0445399999
21.0874200002
30.37242
28.4616100001
7.19756999996
11.7199499999
17.02045
13.0598799998
11.9482600001
27.51219
19.8983799999
16.7969900001
6.99820999999
11.7958099999
29.71474
24.07806
10.28931
24.08144
17.5886499999
26.8508200001
14.1893200001
23.84087
29.65157
6.99711000011
5.33331999998
30.59727
8.01992999995
22.0779
14.6617000001
12.9316299999
28.4988100003
9.85365000006
28.6157600001
21.9546000001
18.7666600001
11.25001
15.5428999999
20.8408600001
24.77933
8.41226999997
17.50965
19.4363899999
27.93371
7.42978000001
9.27856000001
12.0175699999
11.6536699999
39.63875
18.22956
44.67813
25.12173
15.34342
19.6946
13.44179
10.1791
8.64989999996
30.6041199999
20.3722099999
22.7693899999
18.4055699999
20.4248799998
22.60103
26.6021100001
22.6359399999
9.97544999991
7.6746400001
17.59109
16.29609
23.17088
15.3482
23.2568
24.77835
4.84970000002
13.5551199999
27.7789500001
4.56656999991
22.6889699999
10.61071
18.03409
16.8809699999
44.6375
12.3611999999
23.7246300001
13.80905
16.11145
38.3344599998
23.31513
8.66839999997
18.6957700001
23.87884
10.24167
18.8429
4.23047000007
21.0507100001
21.3449899999
19.7629500001
5.92715000012
27.91694
18.62772
8.39414999995
25.54449
26.8633900001
33.4019300001
28.67243
9.27825000009
15.1679700001
19.6885200001
22.21731
37.79862
17.8795700001
20.68383
7.37532999995
14.4537699999
8.97886999999
10.04723
14.7587
7.17249999999
20.0395500001
10.8675000001
9.80379000015
9.69443000003
31.2196000001
24.80336
12.42287
13.0888800001
18.73136
35.3989800001
8.31576999999
17.2389100001
17.93776
28.0409400001
17.4157100001
10.2390899999
5.33823999995
9.34801999992
14.51083
9.3123799999
17.65047
8.19137999997
13.6404100001
20.0329699999
21.04401
14.8363
16.88971
21.34479
16.34822
7.22739000001
18.01625
18.31968
22.62173
16.1989899999
28.88507
12.9920399998
16.5815099999
18.1083699999
14.1430599999
14.9257500001
10.85795
23.92036
11.97464
18.93382
30.3715300001
9.55690000008
20.7305099999
42.2886799999
6.74849999999
8.94500999991
18.7035000001
34.40501
10.76845
7.59089000011
20.7246000001
23.4441499999
17.18745
20.52271
28.5688600001
17.97184
13.7343
9.45256000001
24.9313199999
30.4286099999
23.19882
19.42356
12.5287599999
27.7355
13.0579300001
21.7335399999
11.9393199999
17.89457
14.96243
17.45796
19.57594
41.0679999999
6.65731000004
12.2746199999
16.0376200001
34.5399100001
14.1751400001
11.74389
22.8970700001
6.18041000003
14.0014600002
8.36502000003
7.00699999998
13.52364
18.0517599999
6.99128999992
13.0914499999
16.08062
7.4362900001
17.71361
24.0734499999
20.93559
24.6807100001
12.3551100001
45.80224
23.1380500001
7.96099000005
26.56096
20.23498
11.2148
27.3076700001
21.8595199999
11.2293799999
9.97436999995
13.4630199999
25.2811799999
42.6500899999
27.9772000001
16.14831
10.56704
17.8534599999
9.41064999998
8.60592
16.93321
32.7691800001
8.21346999996
9.89397000009
11.09457
25.47734
10.9632500001
30.37264
15.2243600001
8.60567999992
8.47511999996
20.3755
8.08382000006
8.80268999992
22.08059
37.4481500001
26.0058699999
11.83456
38.8772399999
9.86979000003
6.76902999997
28.17302
12.87878
13.05117
8.13633000012
18.83866
11.4760299999
15.8995300001
26.4190399999
17.1815099999
30.1137900001
21.29977
21.68106
8.84676999995
17.2686
18.8001700002
19.37838
36.4741600001
19.40234
22.5167800001
17.65426
6.19605000003
12.60003
20.53182
28.93731
33.2389
14.31197
17.8163999999
25.21277
25.95997
18.9781899999
42.5044399999
9.35797000001
12.81207
27.8421
29.74878
25.58066
17.24894
14.8748900001
18.38732
8.01526000001
15.84074
33.99028
14.14105
11.11474
8.81295999989
6.73897000006
17.4445400001
20.50971
15.63882
26.36193
24.3809900001
28.0143200001
8.38806999999
19.71899
18.7352400001
21.6769
30.4182400001
16.7196
11.18412
27.8885400001
30.4715199999
22.93042
19.13064
19.00277
10.28507
13.8544800001
19.88854
15.74272
22.21172
14.45744
11.07173
12.37822
8.00425999996
12.14781
24.61269
22.1589200001
4.38772
16.6686100001
18.6092699999
25.54336
12.28228
5.97343999997
15.2347800001
7.57432999997
16.23121
19.5263
24.5462100001
18.02461
14.3411000001
12.7912099999
21.43738
18.52118
8.11435999989
31.3098899999
23.10962
33.2643899999
11.5344
6.51931999996
16.6952800001
19.8886200001
28.0120399999
8.25948000001
14.52064
16.2185099999
12.30527
34.77045
17.6129000001
22.77639
22.0109400001
10.2809
10.2443899999
9.98211999994
31.66973
22.83452
14.7324499999
8.49740999995
18.92403
10.41721
11.6233
17.3216200001
22.9465000001
12.7635300001
27.62939
25.6759699999
15.34802
20.0206800001
29.16129
24.0726300001
8.41292000003
30.33452
21.1417800001
13.44901
27.3341
23.65972
6.36376999994
25.60878
9.77126999991
13.23355
11.2593600001
10.9519999999
31.7291199999
12.2159400001
20.7838099999
7.98795999994
18.5136000001
24.26095
13.0911000001
21.85908
24.37931
19.7796099999
11.24762
23.07941
10.1521300001
17.0712000001
6.73057999997
16.2679000001
12.69802
10.48237
40.0657799999
26.00269
24.73902
16.13745
29.15892
9.80792000005
21.49372
6.89279000019
22.45987
21.7528199999
25.00527
11.29929
29.4569700001
22.62661
11.61314
37.8877900001
8.15743000002
5.87340000004
11.48523
35.9927699999
17.17765
12.79878
9.46879000007
11.6298700001
10.16123
25.41068
9.37160000007
40.2667900001
26.19501
16.6821600001
19.61197
13.89188
18.4709699999
18.4219199999
33.0952100001
8.36867999996
13.8709699998
8.61051999999
32.16818
14.89538
25.7760599998
5.64887999999
16.79194
8.27960999997
32.7614399999
30.70329
24.24509
15.84588
11.28764
15.6396500001
15.54529
25.71162
24.82878
8.33560000011
13.87075
24.20894
8.11380999989
16.6275800001
8.1418300001
12.7059200001
5.45649999997
20.7112200001
6.77886999992
40.4183200002
13.2666699999
29.7972799999
8.20654000004
14.8697500002
34.10011
26.5084
9.05003999989
5.56527000002
15.1247
5.06475999998
14.71178
9.61716000002
20.21996
15.10458
13.7131000001
14.0359100001
16.46525
18.71207
34.5091500001
17.0366199998
31.00191
17.7709599999
23.3664699999
8.99447999999
16.2314599999
10.58637
24.87877
35.86447
16.8635200001
12.2185499999
12.7726599999
16.36519
13.8009000001
17.6094199999
5.00082000007
15.98769
12.0451600001
26.48376
7.02601000015
9.6361
4.51719000004
24.2456199999
13.35546
20.7757600001
35.8721400001
27.31316
29.92761
17.98392
5.0597499999
10.07887
6.10631000006
15.44013
12.10543
19.7904000001
20.13052
23.6499399999
24.3018200001
30.59486
11.9075799999
30.18012
8.33669999999
8.31572000007
8.64894999994
5.33106
12.2174099999
28.51978
14.3016000001
25.59256
30.9622599999
39.5132500001
9.5209
34.8123699999
8.56382000004
18.66006
20.3221400001
8.43305000011
19.42026
17.4355500001
26.64744
7.79186
19.16455
17.2297699999
16.5083399999
13.0033399999
13.73191
11.8246299999
17.0726700001
23.18779
6.65812000004
30.0439299999
20.5495
23.2550400001
16.92912
14.4079700001
5.45553000004
10.5944299999
15.53783
23.3867499999
11.4929300001
13.73803
9.63901000004
9.53373999998
11.30226
15.3618
16.98976
18.1417800001
27.7722200002
22.5420400001
11.74824
32.04145
17.84933
46.99908
24.85461
4.89255999995
10.48539
6.23674000008
8.74115000002
10.8038599999
17.74034
21.0888899999
22.2423
18.23797
6.51417999994
17.5639
10.7701000001
7.47964999988
27.91169
43.72546
22.1666699999
14.1120800001
18.9664
12.83973
15.8807500002
34.96421
12.9640500001
19.2483399999
10.9545
35.04961
5.56702999992
6.61751999997
38.8653300001
28.48771
15.60225
39.56586
22.7630699999
10.8986599999
16.33653
8.97950999998
26.20516
28.26378
24.0032700001
15.0053099999
21.45971
26.6728099999
8.84648999991
9.15949999995
16.54987
26.1619800001
15.53708
17.9279100001
18.6659200001
23.7114799999
10.24815
19.7408799999
32.61151
23.3843
17.7990800001
21.612
8.42446999997
19.58479
12.6577999999
9.09450999997
16.6023500001
18.6966799999
17.3114
36.33266
14.3015500001
15.1907899999
7.37346999999
30.4184499999
9.66332000005
13.4489899999
19.02834
20.8270299999
33.7228199999
12.7860099999
28.2435800001
14.6938199999
29.5335499999
15.30752
16.67739
19.45452
14.82581
26.64751
11.5712
9.9620399999
27.34121
25.41584
11.34421
28.1037899998
25.12757
14.00911
15.2142700001
10.1850999999
13.41281
24.0459199999
4.05086000008
31.82386
12.6359799999
14.40538
12.74335
6.81783999992
7.42917999998
15.5384300001
13.93987
9.79079000012
14.2329600001
37.5997299999
37.32706
19.2296
21.5648099999
28.11074
8.10483000008
5.59308999998
8.75681999989
19.0836799999
7.82408000017
13.3327000001
21.06673
26.1546100001
18.6712100001
18.7201599999
19.03235
24.2777100001
9.90632000007
16.8691600001
10.0907999999
9.30732000002
25.15221
18.07352
25.59084
17.26122
28.09978
21.79963
14.6322200001
14.7020500001
21.1309600001
23.73077
18.1207800001
25.0612199999
18.23803
8.53975
17.2478799999
16.31608
12.4207199999
27.4829699999
30.16891
13.32554
11.5335199999
19.97162
18.7794900001
7.97443000006
13.31489
22.5000499999
7.82392000011
9.36384000001
24.6582499999
23.4369099999
9.44302000001
20.92878
6.80410000007
19.18602
10.82479
20.65524
8.14356
15.1320700001
11.34055
27.61168
8.93080999993
6.20719999995
7.56282999995
10.18392
8.50732999993
20.30139
8.70052000007
30.9903899999
24.7365899999
18.1304800001
15.18016
19.7384299999
21.0865300001
17.5287299999
26.12869
