14.1893200001
23.84087
29.65157
6.99711000011
5.33331999998
30.59727
8.01992999995
22.0779
14.6617000001
12.9316299999
28.4988100003
9.85365000006
28.6157600001
21.9546000001
18.7666600001
11.25001
15.5428999999
20.8408600001
24.77933
8.41226999997
17.50965
19.4363899999
27.93371
7.42978000001
9.27856000001
12.0175699999
11.6536699999
39.63875
18.22956
44.67813
25.12173
15.34342
19.6946
13.44179
10.1791
8.64989999996
30.6041199999
20.3722099999
22.7693899999
18.4055699999
20.4248799998
22.60103
26.6021100001
22.6359399999
9.97544999991
7.6746400001
17.59109
16.29609
23.17088
15.3482
