21.6103000001
19.9784799999
28.3872699999
20.98541
14.7387
23.67949
29.59635
19.6724299999
19.87744
16.5886499999
21.38765
20.74477
37.3536499999
15.3175800001
5.1936
20.83766
21.56012
19.32852
30.32858
14.70777
10.59364
13.71842
14.73972
12.0592
13.0626899999
24.6523099999
18.24969
29.62529
23.19424
12.92513
27.4076
14.06494
41.58487
10.8173
19.0928100001
26.03392
22.1913400001
29.0787300001
17.4334
16.7955
12.0067799999
8.51535
18.36638
13.9174600001
5.92277999991
30.38222
11.69652
19.96269
16.98052
28.41499
