14.4079700001
5.45553000004
10.5944299999
15.53783
23.3867499999
11.4929300001
13.73803
9.63901000004
9.53373999998
11.30226
15.3618
16.98976
18.1417800001
27.7722200002
22.5420400001
11.74824
32.04145
17.84933
46.99908
24.85461
4.89255999995
10.48539
6.23674000008
8.74115000002
10.8038599999
17.74034
21.0888899999
22.2423
18.23797
6.51417999994
17.5639
10.7701000001
7.47964999988
27.91169
43.72546
22.1666699999
14.1120800001
18.9664
12.83973
15.8807500002
34.96421
12.9640500001
19.2483399999
10.9545
35.04961
5.56702999992
6.61751999997
38.8653300001
28.48771
15.60225
