26.64751
11.5712
9.9620399999
27.34121
25.41584
11.34421
28.1037899998
25.12757
14.00911
15.2142700001
10.1850999999
13.41281
24.0459199999
4.05086000008
31.82386
12.6359799999
14.40538
12.74335
6.81783999992
7.42917999998
15.5384300001
13.93987
9.79079000012
14.2329600001
37.5997299999
37.32706
19.2296
21.5648099999
28.11074
8.10483000008
5.59308999998
8.75681999989
19.0836799999
7.82408000017
13.3327000001
21.06673
26.1546100001
18.6712100001
18.7201599999
19.03235
24.2777100001
9.90632000007
16.8691600001
10.0907999999
9.30732000002
25.15221
18.07352
25.59084
17.26122
28.09978
