24.9762799999
3.61967000004
25.10226
18.56727
23.1575199999
32.66149
16.67274
24.8609700002
35.2448799999
9.98967000004
14.36067
27.7117599999
18.82898
37.68295
10.1640399999
13.9775899999
19.4601899999
17.9904900001
17.35574
16.14954
12.0335100001
15.4039899999
20.8084
26.31232
17.6852799999
16.65197
15.77988
10.63585
23.0308800002
20.8255799999
32.5507899999
14.76502
28.27419
8.90009999997
20.08369
16.6211299999
9.47518000007
7.03476999991
6.91413000005
7.41121000005
22.0257499999
30.74505
16.3756
9.79881999991
12.65272
27.3301
40.19264
10.96858
20.43631
13.2979
