25.94439
9.00966999994
23.4024
28.1103300001
13.1829799999
6.82596000005
15.79109
16.0531299999
11.86918
17.85855
23.8880399999
38.8774199999
19.92508
13.5007400002
13.80632
21.39808
11.8187300001
12.24439
8.76026999997
22.6401899999
33.12495
27.2181899999
8.27618000004
30.34812
13.40769
27.79648
18.8312700001
32.27261
22.72815
28.91371
19.0445399999
21.0874200002
30.37242
28.4616100001
7.19756999996
11.7199499999
17.02045
13.0598799998
11.9482600001
27.51219
19.8983799999
16.7969900001
6.99820999999
11.7958099999
29.71474
24.07806
10.28931
24.08144
17.5886499999
26.8508200001
