32.7214500001
7.38410000002
10.3047199999
19.8295000001
22.9648699999
8.73320000002
12.6126199999
20.07467
10.1916199999
34.03516
39.3985199999
25.0838499999
24.1380500001
18.0450599999
19.6761500001
22.8841500001
20.15229
28.62811
14.82124
12.28244
28.17619
7.76201000006
14.6959400001
22.52662
26.3724699999
12.6289600001
16.08102
33.1911800001
30.4200799998
33.62055
10.15234
13.7994900001
30.52677
20.8196
16.6848500001
6.70068999997
18.9969100001
17.78114
14.99608
6.37335999997
23.56376
28.2073299999
11.2317900001
11.34846
6.55691000004
15.2571700001
13.1034499999
15.5939
16.3639400001
5.23673000012
