39.6663800001
24.56342
42.0892899999
24.77818
8.78913000005
35.67915
12.77009
14.54029
13.5390400001
28.3490899999
33.9172200001
15.7986399999
17.5237200001
7.14934999996
26.6677700001
22.5358099999
18.27437
21.19502
21.73756
6.11288999987
12.9110900001
30.8641
18.02722
15.46604
21.2215699999
23.6910100001
8.68755999999
12.45572
27.5739
23.21592
25.05727
6.11585000006
17.6246
13.2695599999
14.2101200001
12.99871
24.47267
9.32380999997
22.49596
32.4861600001
18.7736900001
5.86331000004
11.06146
11.0798699999
33.17055
5.58713999996
24.9011199999
15.16718
19.8608199999
7.49372000003
