39.56586
22.7630699999
10.8986599999
16.33653
8.97950999998
26.20516
28.26378
24.0032700001
15.0053099999
21.45971
26.6728099999
8.84648999991
9.15949999995
16.54987
26.1619800001
15.53708
17.9279100001
18.6659200001
23.7114799999
10.24815
19.7408799999
32.61151
23.3843
17.7990800001
21.612
8.42446999997
19.58479
12.6577999999
9.09450999997
16.6023500001
18.6966799999
17.3114
36.33266
14.3015500001
15.1907899999
7.37346999999
30.4184499999
9.66332000005
13.4489899999
19.02834
20.8270299999
33.7228199999
12.7860099999
28.2435800001
14.6938199999
29.5335499999
15.30752
16.67739
19.45452
14.82581
