13.8544800001
19.88854
15.74272
22.21172
14.45744
11.07173
12.37822
8.00425999996
12.14781
24.61269
22.1589200001
4.38772
16.6686100001
18.6092699999
25.54336
12.28228
5.97343999997
15.2347800001
7.57432999997
16.23121
19.5263
24.5462100001
18.02461
14.3411000001
12.7912099999
21.43738
18.52118
8.11435999989
31.3098899999
23.10962
33.2643899999
11.5344
6.51931999996
16.6952800001
19.8886200001
28.0120399999
8.25948000001
14.52064
16.2185099999
12.30527
34.77045
17.6129000001
22.77639
22.0109400001
10.2809
10.2443899999
9.98211999994
31.66973
22.83452
14.7324499999
