6.89279000019
22.45987
21.7528199999
25.00527
11.29929
29.4569700001
22.62661
11.61314
37.8877900001
8.15743000002
5.87340000004
11.48523
35.9927699999
17.17765
12.79878
9.46879000007
11.6298700001
10.16123
25.41068
9.37160000007
40.2667900001
26.19501
16.6821600001
19.61197
13.89188
18.4709699999
18.4219199999
33.0952100001
8.36867999996
13.8709699998
8.61051999999
32.16818
14.89538
25.7760599998
5.64887999999
16.79194
8.27960999997
32.7614399999
30.70329
24.24509
15.84588
11.28764
15.6396500001
15.54529
25.71162
24.82878
8.33560000011
13.87075
24.20894
8.11380999989
