8.49740999995
18.92403
10.41721
11.6233
17.3216200001
22.9465000001
12.7635300001
27.62939
25.6759699999
15.34802
20.0206800001
29.16129
24.0726300001
8.41292000003
30.33452
21.1417800001
13.44901
27.3341
23.65972
6.36376999994
25.60878
9.77126999991
13.23355
11.2593600001
10.9519999999
31.7291199999
12.2159400001
20.7838099999
7.98795999994
18.5136000001
24.26095
13.0911000001
21.85908
24.37931
19.7796099999
11.24762
23.07941
10.1521300001
17.0712000001
6.73057999997
16.2679000001
12.69802
10.48237
40.0657799999
26.00269
24.73902
16.13745
29.15892
9.80792000005
21.49372
