20.9964299998
17.28306
42.2475000001
12.5335299999
8.03989000001
20.82813
14.3200099999
16.52679
23.00772
5.66257000004
13.3213299999
28.44782
36.32073
14.9914800001
9.08482999995
6.51913999999
50.0366699998
30.73424
5.54222000006
29.09394
19.4031199999
7.8309099999
17.47431
21.8153799999
20.5471300001
17.3628
23.2302399999
31.56881
30.94487
14.20479
22.2824900001
16.2125799998
26.80798
11.6062500001
18.30938
28.27544
19.88158
14.88452
24.18528
34.5671300001
13.6243399999
5.27396000002
21.12579
17.3412100001
11.78911
13.8683099999
19.76331
16.2403599999
17.7493200001
6.87271000003
