9.52459000004
26.3799300001
23.3457500001
11.85373
19.29187
6.00164000003
19.3032499999
19.2671200001
18.8757099998
20.7595500001
25.2786699999
29.2112100002
12.4532399999
12.33623
11.15199
28.0098199999
28.59795
25.71187
27.90472
23.18928
17.0193
18.2676600001
17.7423
16.9993499999
15.12188
25.72459
10.98126
16.6106499999
6.66544999974
7.81664000009
11.24264
12.86447
8.47199999995
18.4137799999
13.07763
27.78651
24.16003
9.11689000006
23.8143000001
12.50144
26.14626
30.07541
25.21909
15.80245
16.96146
9.38400999992
21.8505299999
16.3779900001
13.64974
31.7613899999
