6.69043999992
12.48652
9.75037999998
9.05799999996
15.2920499999
11.07211
19.5414000001
17.66331
12.478
16.6924999999
11.5858800001
12.6230299999
24.75455
23.81377
18.5198
9.08446999989
19.9784799999
17.2326
16.67248
8.97431999992
26.4662599999
17.2390600001
24.01011
23.4442
29.7423599999
17.50839
16.7549000001
15.00734
9.68139000004
24.2518900001
11.70997
26.61584
16.8284
36.52668
28.8158699999
9.75084999995
27.9530100001
12.9823799999
17.0598200001
21.25725
25.7790400001
5.12748000002
8.69346999994
19.16113
16.28515
22.13743
9.84340999997
19.80428
15.43848
8.01063000003
