22.63824
17.9251900001
12.7547800001
31.21452
16.5326100001
12.8067699999
21.0059200001
37.0536700001
16.3618000001
9.38682000001
18.395
28.7652499999
11.53391
7.94449999998
11.28945
22.1388099999
15.5499700001
11.30937
20.56594
23.8927300001
31.43866
11.16623
17.9131199999
6.14842999994
5.77842999995
32.36029
9.67313000001
13.5282000001
14.0417699999
9.19393999991
20.64743
17.97853
30.07447
15.0030800001
19.4379499999
30.2794400001
13.5935
20.40773
15.31091
21.62231
18.7066299999
19.8399500001
13.2313599999
10.79375
17.92853
14.87527
12.33013
11.7038199999
26.2105100001
23.9681599999
