7.49611000007
24.81051
25.32938
12.42207
10.03606
15.57973
11.0131100001
16.6102600001
18.7536200001
7.72823999997
18.1324499999
24.7950200001
14.6608899999
13.5072199999
24.79123
37.3374699999
10.0195299999
15.0987
19.41406
15.0558299999
22.51698
26.5607100001
17.1574799999
12.1975799999
24.7417099999
12.50316
21.9968799999
25.0767399999
7.78048000007
23.6773600001
24.75408
25.34369
19.7497200001
31.32361
18.4049699999
19.48351
9.91581999999
27.5810300001
12.3072
22.5696699999
26.3043999999
11.5172000001
35.7265600001
14.84559
18.28409
18.1787
20.8387100003
27.7477299999
13.05915
32.64127
