20.35756
25.84827
11.0179
19.6450399999
27.0878499999
11.1055900001
17.3346300001
15.8181
13.7556999999
8.76520999998
13.34107
11.3856200001
17.9726100001
7.91061999998
19.51667
12.42885
16.7305600001
12.7326800001
16.26552
16.08761
8.17934999999
31.09752
22.9779099999
14.45906
27.07213
25.21037
21.19589
14.87314
15.5326999999
5.92316000001
31.72754
13.83237
15.07627
11.19268
32.6799999999
18.70802
21.8287899999
29.56855
9.49684000004
15.4803800001
12.4847100001
16.45115
13.87969
26.9230800001
28.61457
9.87518000009
16.1448900001
10.0744299999
10.54177
31.41567
