15.59691
25.2313999999
20.46311
16.09434
17.62335
4.28787
22.4572899999
19.7266699999
15.9804199999
16.5717199999
14.8028499999
15.25691
21.1923799999
6.39403999993
11.5607899999
21.33972
31.89326
15.92902
12.9421999999
34.0898900001
10.72286
17.10138
10.08027
15.6089300001
24.4306800001
23.80452
13.86457
9.30340999993
12.89972
14.66927
6.40729000012
23.53507
26.11011
9.24542000005
16.27585
17.9931099999
25.62815
23.2312
22.42313
25.63432
16.07021
24.21509
15.80343
25.4525
9.69791999995
20.11534
11.0345000001
8.25449999992
24.3833399999
13.7714
