21.09216
19.4067299999
10.67038
21.5081499999
15.92111
12.1670899999
23.4484599999
30.6333600001
28.22424
11.5117
9.74683000008
24.8060499999
25.5305199999
29.5249899999
13.8656500001
18.2643699999
16.3042100001
10.96358
21.53497
22.27623
21.5534300001
26.6160799999
21.17016
9.00945000001
13.7808300001
25.6597500001
8.17607000005
7.69782999996
23.2608
27.97381
25.8391699999
26.3896400001
10.23513
15.49486
8.09094000002
17.00446
14.07302
9.85884
18.89691
18.0453
19.51102
33.52279
15.88404
11.28535
20.94282
21.33143
27.45894
13.6382200001
13.76593
26.55185
