16.42851
6.20683000004
16.4635699999
19.8282600001
11.4306900001
12.3524399999
19.78126
16.1098699999
50.8765099999
26.5671600001
9.52516999992
14.6360199999
22.22378
13.42298
32.5756
32.6024000001
33.831
19.41655
24.3822100001
21.76426
15.9355200001
25.59861
16.336
20.05588
22.8534899999
17.3018499999
11.00763
29.02731
13.2746000001
28.87147
8.97122000006
30.99483
15.3160299999
14.8320700001
17.0699
15.24393
25.7106600001
9.79846999992
8.08122999989
23.33228
17.7671699999
9.68153000006
12.5439599999
15.33152
10.23913
28.43003
5.33017999993
15.53442
18.9234799999
21.80714
