16.6840300001
8.76881999988
8.63803000003
33.41801
16.4369300001
26.8407500001
22.67088
20.24468
16.15457
27.9071
4.55297000008
14.3142100001
14.0142999999
32.9650000001
5.44768999994
14.70921
13.2526000001
26.4117500001
29.2811099999
10.42242
7.66105
6.55562
8.64962000004
19.5176799999
21.86281
23.83603
33.65169
21.3389
11.5009400001
16.3607099999
22.2401800001
15.91915
23.68775
17.0034999999
7.26427000004
14.46591
24.9989799999
20.6071299999
17.8406999999
29.0339200001
15.7962
7.00348000007
21.1981700001
5.67751000007
17.04172
17.3443199999
18.2815
24.50876
26.4578100001
19.11165
