24.04039
25.3055599999
20.6081699999
13.57452
25.17377
18.5009700001
9.13745000004
24.59546
16.57449
7.85002000001
4.45862000005
14.5019800001
13.34675
27.64699
28.6851
27.7123799999
16.12601
7.13832000003
7.53483000002
14.0067700001
28.75578
23.8432499999
26.67671
14.9213800001
10.8838599999
13.04902
15.54792
10.45386
24.10918
10.25669
13.49281
19.4113100001
14.2751
9.54917999997
20.0001599999
5.16428000003
33.6095599999
20.2868700001
19.11893
12.42175
18.27533
14.3022200001
28.7771000001
15.12321
20.3679299999
17.3509900001
12.8012699999
10.4453099999
13.49103
17.0782999999
