10.5010800001
27.00963
18.05108
13.31017
20.3186699999
11.39848
9.06984999997
14.33091
21.7949100001
6.73655999999
9.38053999993
21.22331
19.27374
26.55654
21.15066
13.70011
7.40691000002
14.04113
19.0392700001
7.28775999998
20.18329
22.54772
7.11505999998
13.7925499999
7.66429999995
16.1000600001
18.4119600001
27.3200800001
29.19894
5.41524999996
21.6700200001
29.40752
15.9772800001
25.48525
14.12167
23.1420999999
6.15269999998
17.0453300001
25.40741
25.32851
16.8330399999
15.3877300001
18.5235899999
12.21377
24.8981
18.17156
34.86994
24.6094600001
10.65152
15.79463
