17.14977
24.79575
15.6479
6.12432000006
21.74128
19.32919
24.7980200001
7.03512000002
15.83825
35.52466
19.6258799999
23.83756
28.26834
15.77196
22.84636
20.52555
23.8958300001
11.97655
19.70002
12.15865
9.45944999997
9.94949000003
5.95942000009
15.39053
36.10312
7.32301000005
27.5438100001
23.87926
3.83552000008
13.2031500001
27.59594
16.82126
16.3817100001
20.12
14.04788
10.38358
10.4399
34.2137699999
21.87908
16.9229799999
8.50206000009
8.49702999997
14.52997
25.1958399999
4.59563999996
7.09256000002
9.3706599999
26.4127900001
17.5917400001
7.76219999988
