23.49688
12.4992600001
14.0417899999
21.73042
26.9259400001
11.0927500001
23.43577
8.14647000004
23.10648
8.27318999986
29.7852899999
33.41999
9.51257999998
24.54135
24.3207
17.3121699999
26.02076
7.7300199999
12.8779600001
14.15977
11.9762500001
8.30778000003
20.7056100002
10.01782
30.07944
12.9770700001
15.18119
33.8023
25.56968
33.8242
11.8739900001
9.45232000004
16.7469800001
10.74329
27.5020299999
12.1503400001
21.50153
14.4209799999
12.16652
19.4991500002
20.01029
12.4068199999
14.4540300001
23.23338
14.2766499999
17.2668400001
33.87322
15.7067199999
16.7785199999
25.9553999999
