15.79556
11.42822
4.43669999996
17.17669
19.0664
18.36404
16.3945800001
21.85411
25.6005500001
32.0308399999
10.79033
21.7755399999
17.4323699999
13.19288
18.77671
20.0597600001
16.5820099999
26.91805
24.86298
9.99566000013
19.64438
20.04318
10.81539
14.36515
23.1684099999
26.9229599999
18.9941299999
21.5294
12.47854
20.56131
9.27338000014
7.57442999992
18.9176800001
5.88586000004
14.3223899999
14.0388300001
8.25257999997
36.0011399999
18.14764
21.70614
18.0087799999
11.1143
21.50009
7.99514000001
10.1531
10.87128
5.95324000006
7.78963999997
13.0006200001
42.7129900001
