24.04039
25.3055599999
20.6081699999
13.57452
25.17377
18.5009700001
9.13745000004
24.59546
16.57449
7.85002000001
4.45862000005
14.5019800001
13.34675
27.64699
28.6851
27.7123799999
16.12601
7.13832000003
7.53483000002
14.0067700001
28.75578
23.8432499999
26.67671
14.9213800001
10.8838599999
13.04902
15.54792
10.45386
24.10918
10.25669
13.49281
19.4113100001
14.2751
9.54917999997
20.0001599999
5.16428000003
33.6095599999
20.2868700001
19.11893
12.42175
18.27533
14.3022200001
28.7771000001
15.12321
20.3679299999
17.3509900001
12.8012699999
10.4453099999
13.49103
17.0782999999
14.09988
15.48253
16.26847
18.3629099999
14.85672
23.11206
20.02126
16.2712899999
16.33504
19.83294
10.31945
28.7844499999
32.8734500001
25.4823099999
19.0399
8.08834000002
14.31999
14.58267
16.51393
4.97048000002
22.66628
14.46887
19.00151
15.42932
20.11512
29.3764800001
27.6288999999
18.2504499999
11.3581400001
39.1993200001
15.7045700001
6.35468999995
28.24736
9.27665999997
26.6399899999
13.16686
29.3761800001
5.90422000003
17.6277
33.56709
19.4531200001
11.3977099999
25.33059
10.7956600001
7.85429000005
8.15700000001
11.20601
14.51084
11.67285
23.47642
16.42851
6.20683000004
16.4635699999
19.8282600001
11.4306900001
12.3524399999
19.78126
16.1098699999
50.8765099999
26.5671600001
9.52516999992
14.6360199999
22.22378
13.42298
32.5756
32.6024000001
33.831
19.41655
24.3822100001
21.76426
15.9355200001
25.59861
16.336
20.05588
22.8534899999
17.3018499999
11.00763
29.02731
13.2746000001
28.87147
8.97122000006
30.99483
15.3160299999
14.8320700001
17.0699
15.24393
25.7106600001
9.79846999992
8.08122999989
23.33228
17.7671699999
9.68153000006
12.5439599999
15.33152
10.23913
28.43003
5.33017999993
15.53442
18.9234799999
21.80714
16.6840300001
8.76881999988
8.63803000003
33.41801
16.4369300001
26.8407500001
22.67088
20.24468
16.15457
27.9071
4.55297000008
14.3142100001
14.0142999999
32.9650000001
5.44768999994
14.70921
13.2526000001
26.4117500001
29.2811099999
10.42242
7.66105
6.55562
8.64962000004
19.5176799999
21.86281
23.83603
33.65169
21.3389
11.5009400001
16.3607099999
22.2401800001
15.91915
23.68775
17.0034999999
7.26427000004
14.46591
24.9989799999
20.6071299999
17.8406999999
29.0339200001
15.7962
7.00348000007
21.1981700001
5.67751000007
17.04172
17.3443199999
18.2815
24.50876
26.4578100001
19.11165
20.35756
25.84827
11.0179
19.6450399999
27.0878499999
11.1055900001
17.3346300001
15.8181
13.7556999999
8.76520999998
13.34107
11.3856200001
17.9726100001
7.91061999998
19.51667
12.42885
16.7305600001
12.7326800001
16.26552
16.08761
8.17934999999
31.09752
22.9779099999
14.45906
27.07213
25.21037
21.19589
14.87314
15.5326999999
5.92316000001
31.72754
13.83237
15.07627
11.19268
32.6799999999
18.70802
21.8287899999
29.56855
9.49684000004
15.4803800001
12.4847100001
16.45115
13.87969
26.9230800001
28.61457
9.87518000009
16.1448900001
10.0744299999
10.54177
31.41567
22.63824
17.9251900001
12.7547800001
31.21452
16.5326100001
12.8067699999
21.0059200001
37.0536700001
16.3618000001
9.38682000001
18.395
28.7652499999
11.53391
7.94449999998
11.28945
22.1388099999
15.5499700001
11.30937
20.56594
23.8927300001
31.43866
11.16623
17.9131199999
6.14842999994
5.77842999995
32.36029
9.67313000001
13.5282000001
14.0417699999
9.19393999991
20.64743
17.97853
30.07447
15.0030800001
19.4379499999
30.2794400001
13.5935
20.40773
15.31091
21.62231
18.7066299999
19.8399500001
13.2313599999
10.79375
17.92853
14.87527
12.33013
11.7038199999
26.2105100001
23.9681599999
21.09216
19.4067299999
10.67038
21.5081499999
15.92111
12.1670899999
23.4484599999
30.6333600001
28.22424
11.5117
9.74683000008
24.8060499999
25.5305199999
29.5249899999
13.8656500001
18.2643699999
16.3042100001
10.96358
21.53497
22.27623
21.5534300001
26.6160799999
21.17016
9.00945000001
13.7808300001
25.6597500001
8.17607000005
7.69782999996
23.2608
27.97381
25.8391699999
26.3896400001
10.23513
15.49486
8.09094000002
17.00446
14.07302
9.85884
18.89691
18.0453
19.51102
33.52279
15.88404
11.28535
20.94282
21.33143
27.45894
13.6382200001
13.76593
26.55185
18.11891
13.6694700001
9.60971999995
21.30246
13.2275899999
10.8073
13.59725
30.7230400001
9.89333000011
20.2487700001
35.1365399999
19.4229199999
22.72159
26.41275
8.51240000012
24.17265
21.7587399998
29.2193899999
13.478
5.46439999994
23.40194
18.9606799999
7.02263999998
29.40552
18.62005
15.39589
7.16584999999
17.29851
8.08337000001
15.91778
23.2877700001
22.0939699999
15.1428
10.5952399999
34.43744
20.79366
10.96741
23.16416
15.34716
12.29776
19.05371
11.28597
18.73118
16.16379
44.50962
24.48367
6.85566000012
20.3267699999
25.95236
18.8667700001
16.0428000001
9.93608999986
30.4390700001
8.75258000009
19.07814
28.33809
24.0181900001
26.2128300001
9.45208000008
15.58828
9.42080000008
18.34196
4.63094000006
21.1967700002
9.95887000009
19.5106800001
16.17287
15.7171499999
15.01744
25.7093100001
20.8344199999
29.41165
23.5267300002
23.9148900001
30.88463
16.9412399998
15.1413
10.1337100001
7.69620999997
8.37433000002
31.7887000002
15.5627000001
28.72795
24.26959
19.1462000001
21.8200299999
15.2071100001
25.2593499999
13.67698
17.0519799999
13.28234
9.46134000004
22.9727900001
15.57709
7.2737100001
11.6085
10.1594900001
24.0661599999
21.2991399999
14.67337
6.69043999992
12.48652
9.75037999998
9.05799999996
15.2920499999
11.07211
19.5414000001
17.66331
12.478
16.6924999999
11.5858800001
12.6230299999
24.75455
23.81377
18.5198
9.08446999989
19.9784799999
17.2326
16.67248
8.97431999992
26.4662599999
17.2390600001
24.01011
23.4442
29.7423599999
17.50839
16.7549000001
15.00734
9.68139000004
24.2518900001
11.70997
26.61584
16.8284
36.52668
28.8158699999
9.75084999995
27.9530100001
12.9823799999
17.0598200001
21.25725
25.7790400001
5.12748000002
8.69346999994
19.16113
16.28515
22.13743
9.84340999997
19.80428
15.43848
8.01063000003
11.1746000001
26.1878900001
25.3069699999
13.5628900001
31.2968900001
25.36581
6.61533000006
6.64671
10.40955
19.71664
23.78111
9.05218999996
27.0502599999
11.82666
24.4506399999
20.95161
20.66213
19.21852
26.6763399999
9.72628000006
7.82221000001
27.1520999999
26.82895
18.1578500001
10.80961
19.3650500001
11.2817099999
27.0238399999
26.3736
18.21662
17.5547999999
17.87153
17.07386
9.60869000002
22.7816999999
14.22048
27.42507
24.0700400001
9.50328999991
20.5449799999
19.82715
7.1213
10.37043
7.70705000008
13.8837299999
15.456
20.43014
14.26905
16.23451
24.2702299999
9.52459000004
26.3799300001
23.3457500001
11.85373
19.29187
6.00164000003
19.3032499999
19.2671200001
18.8757099998
20.7595500001
25.2786699999
29.2112100002
12.4532399999
12.33623
11.15199
28.0098199999
28.59795
25.71187
27.90472
23.18928
17.0193
18.2676600001
17.7423
16.9993499999
15.12188
25.72459
10.98126
16.6106499999
6.66544999974
7.81664000009
11.24264
12.86447
8.47199999995
18.4137799999
13.07763
27.78651
24.16003
9.11689000006
23.8143000001
12.50144
26.14626
30.07541
25.21909
15.80245
16.96146
9.38400999992
21.8505299999
16.3779900001
13.64974
31.7613899999
20.9964299998
17.28306
42.2475000001
12.5335299999
8.03989000001
20.82813
14.3200099999
16.52679
23.00772
5.66257000004
13.3213299999
28.44782
36.32073
14.9914800001
9.08482999995
6.51913999999
50.0366699998
30.73424
5.54222000006
29.09394
19.4031199999
7.8309099999
17.47431
21.8153799999
20.5471300001
17.3628
23.2302399999
31.56881
30.94487
14.20479
22.2824900001
16.2125799998
26.80798
11.6062500001
18.30938
28.27544
19.88158
14.88452
24.18528
34.5671300001
13.6243399999
5.27396000002
21.12579
17.3412100001
11.78911
13.8683099999
19.76331
16.2403599999
17.7493200001
6.87271000003
23.49688
12.4992600001
14.0417899999
21.73042
26.9259400001
11.0927500001
23.43577
8.14647000004
23.10648
8.27318999986
29.7852899999
33.41999
9.51257999998
24.54135
24.3207
17.3121699999
26.02076
7.7300199999
12.8779600001
14.15977
11.9762500001
8.30778000003
20.7056100002
10.01782
30.07944
12.9770700001
15.18119
33.8023
25.56968
33.8242
11.8739900001
9.45232000004
16.7469800001
10.74329
27.5020299999
12.1503400001
21.50153
14.4209799999
12.16652
19.4991500002
20.01029
12.4068199999
14.4540300001
23.23338
14.2766499999
17.2668400001
33.87322
15.7067199999
16.7785199999
25.9553999999
15.79556
11.42822
4.43669999996
17.17669
19.0664
18.36404
16.3945800001
21.85411
25.6005500001
32.0308399999
10.79033
21.7755399999
17.4323699999
13.19288
18.77671
20.0597600001
16.5820099999
26.91805
24.86298
9.99566000013
19.64438
20.04318
10.81539
14.36515
23.1684099999
26.9229599999
18.9941299999
21.5294
12.47854
20.56131
9.27338000014
7.57442999992
18.9176800001
5.88586000004
14.3223899999
14.0388300001
8.25257999997
36.0011399999
18.14764
21.70614
18.0087799999
11.1143
21.50009
7.99514000001
10.1531
10.87128
5.95324000006
7.78963999997
13.0006200001
42.7129900001
29.1582200001
29.4732499999
7.51172999991
20.08036
28.45242
9.95108999987
24.98363
15.64601
16.9034899999
15.7569800001
19.7194299999
28.2619400001
11.7337100002
25.01905
15.2663900001
8.47328000003
19.6816299999
8.90775000001
25.40558
9.80941999995
22.5997500001
21.1682
14.08053
6.50745000015
19.7188599999
15.8320500001
11.7840700001
12.1320799999
16.55854
13.4699700001
5.64160000009
24.1432399999
17.84147
23.7051200001
6.01351999992
29.6409799999
25.2269799999
24.3600699999
19.8803300001
23.4792299999
13.8840900001
16.6254199999
15.7718
19.60564
16.86084
23.0734299999
15.3040100001
14.79057
23.34308
26.33343
15.59691
25.2313999999
20.46311
16.09434
17.62335
4.28787
22.4572899999
19.7266699999
15.9804199999
16.5717199999
14.8028499999
15.25691
21.1923799999
6.39403999993
11.5607899999
21.33972
31.89326
15.92902
12.9421999999
34.0898900001
10.72286
17.10138
10.08027
15.6089300001
24.4306800001
23.80452
13.86457
9.30340999993
12.89972
14.66927
6.40729000012
23.53507
26.11011
9.24542000005
16.27585
17.9931099999
25.62815
23.2312
22.42313
25.63432
16.07021
24.21509
15.80343
25.4525
9.69791999995
20.11534
11.0345000001
8.25449999992
24.3833399999
13.7714
17.14977
24.79575
15.6479
6.12432000006
21.74128
19.32919
24.7980200001
7.03512000002
15.83825
35.52466
19.6258799999
23.83756
28.26834
15.77196
22.84636
20.52555
23.8958300001
11.97655
19.70002
12.15865
9.45944999997
9.94949000003
5.95942000009
15.39053
36.10312
7.32301000005
27.5438100001
23.87926
3.83552000008
13.2031500001
27.59594
16.82126
16.3817100001
20.12
14.04788
10.38358
10.4399
34.2137699999
21.87908
16.9229799999
8.50206000009
8.49702999997
14.52997
25.1958399999
4.59563999996
7.09256000002
9.3706599999
26.4127900001
17.5917400001
7.76219999988
10.5010800001
27.00963
18.05108
13.31017
20.3186699999
11.39848
9.06984999997
14.33091
21.7949100001
6.73655999999
9.38053999993
21.22331
19.27374
26.55654
21.15066
13.70011
7.40691000002
14.04113
19.0392700001
7.28775999998
20.18329
22.54772
7.11505999998
13.7925499999
7.66429999995
16.1000600001
18.4119600001
27.3200800001
29.19894
5.41524999996
21.6700200001
29.40752
15.9772800001
25.48525
14.12167
23.1420999999
6.15269999998
17.0453300001
25.40741
25.32851
16.8330399999
15.3877300001
18.5235899999
12.21377
24.8981
18.17156
34.86994
24.6094600001
10.65152
15.79463
7.49611000007
24.81051
25.32938
12.42207
10.03606
15.57973
11.0131100001
16.6102600001
18.7536200001
7.72823999997
18.1324499999
24.7950200001
14.6608899999
13.5072199999
24.79123
37.3374699999
10.0195299999
15.0987
19.41406
15.0558299999
22.51698
26.5607100001
17.1574799999
12.1975799999
24.7417099999
12.50316
21.9968799999
25.0767399999
7.78048000007
23.6773600001
24.75408
25.34369
19.7497200001
31.32361
18.4049699999
19.48351
9.91581999999
27.5810300001
12.3072
22.5696699999
26.3043999999
11.5172000001
35.7265600001
14.84559
18.28409
18.1787
20.8387100003
27.7477299999
13.05915
32.64127
