16.0428000001
9.93608999986
30.4390700001
8.75258000009
19.07814
28.33809
24.0181900001
26.2128300001
9.45208000008
15.58828
9.42080000008
18.34196
4.63094000006
21.1967700002
9.95887000009
19.5106800001
16.17287
15.7171499999
15.01744
25.7093100001
20.8344199999
29.41165
23.5267300002
23.9148900001
30.88463
16.9412399998
15.1413
10.1337100001
7.69620999997
8.37433000002
31.7887000002
15.5627000001
28.72795
24.26959
19.1462000001
21.8200299999
15.2071100001
25.2593499999
13.67698
17.0519799999
13.28234
9.46134000004
22.9727900001
15.57709
7.2737100001
11.6085
10.1594900001
24.0661599999
21.2991399999
14.67337
