14.09988
15.48253
16.26847
18.3629099999
14.85672
23.11206
20.02126
16.2712899999
16.33504
19.83294
10.31945
28.7844499999
32.8734500001
25.4823099999
19.0399
8.08834000002
14.31999
14.58267
16.51393
4.97048000002
22.66628
14.46887
19.00151
15.42932
20.11512
29.3764800001
27.6288999999
18.2504499999
11.3581400001
39.1993200001
15.7045700001
6.35468999995
28.24736
9.27665999997
26.6399899999
13.16686
29.3761800001
5.90422000003
17.6277
33.56709
19.4531200001
11.3977099999
25.33059
10.7956600001
7.85429000005
8.15700000001
11.20601
14.51084
11.67285
23.47642
