11.1746000001
26.1878900001
25.3069699999
13.5628900001
31.2968900001
25.36581
6.61533000006
6.64671
10.40955
19.71664
23.78111
9.05218999996
27.0502599999
11.82666
24.4506399999
20.95161
20.66213
19.21852
26.6763399999
9.72628000006
7.82221000001
27.1520999999
26.82895
18.1578500001
10.80961
19.3650500001
11.2817099999
27.0238399999
26.3736
18.21662
17.5547999999
17.87153
17.07386
9.60869000002
22.7816999999
14.22048
27.42507
24.0700400001
9.50328999991
20.5449799999
19.82715
7.1213
10.37043
7.70705000008
13.8837299999
15.456
20.43014
14.26905
16.23451
24.2702299999
