29.1582200001
29.4732499999
7.51172999991
20.08036
28.45242
9.95108999987
24.98363
15.64601
16.9034899999
15.7569800001
19.7194299999
28.2619400001
11.7337100002
25.01905
15.2663900001
8.47328000003
19.6816299999
8.90775000001
25.40558
9.80941999995
22.5997500001
21.1682
14.08053
6.50745000015
19.7188599999
15.8320500001
11.7840700001
12.1320799999
16.55854
13.4699700001
5.64160000009
24.1432399999
17.84147
23.7051200001
6.01351999992
29.6409799999
25.2269799999
24.3600699999
19.8803300001
23.4792299999
13.8840900001
16.6254199999
15.7718
19.60564
16.86084
23.0734299999
15.3040100001
14.79057
23.34308
26.33343
