18.11891
13.6694700001
9.60971999995
21.30246
13.2275899999
10.8073
13.59725
30.7230400001
9.89333000011
20.2487700001
35.1365399999
19.4229199999
22.72159
26.41275
8.51240000012
24.17265
21.7587399998
29.2193899999
13.478
5.46439999994
23.40194
18.9606799999
7.02263999998
29.40552
18.62005
15.39589
7.16584999999
17.29851
8.08337000001
15.91778
23.2877700001
22.0939699999
15.1428
10.5952399999
34.43744
20.79366
10.96741
23.16416
15.34716
12.29776
19.05371
11.28597
18.73118
16.16379
44.50962
24.48367
6.85566000012
20.3267699999
25.95236
18.8667700001
