28.9940500001
14.54152
18.48279
10.7577499999
30.00069
18.60513
11.13202
17.36623
26.40131
30.7455300001
21.87916
17.3430700001
17.90249
15.0688199999
24.74283
18.4826199999
19.5256599999
20.6433699999
11.6641500001
14.31502
5.94481000002
26.40697
33.86286
9.16612000007
28.5308999999
21.23567
21.22124
21.42722
12.9733999998
19.2419200001
8.19574999996
11.18092
13.4227100001
11.92485
27.5366500001
19.99913
4.51179000002
3.90292000002
24.31198
15.6963599999
13.0417200001
16.53909
10.65068
18.8311000001
13.5629100001
10.35724
31.53235
11.39808
13.7879699999
6.91204000008
