22.12898
17.2704799999
11.9002499999
16.3825800001
20.8086100001
24.54455
9.95996999997
20.56222
17.91418
9.36509000009
21.32888
10.62732
20.83048
8.59369999997
29.8566999999
22.50288
27.72846
15.1744400001
19.13463
14.83132
9.42298999999
18.8459999999
16.06227
14.71846
7.18548999995
17.51113
16.4129999998
13.8708499999
11.20745
17.4853799999
8.0675
12.7989199999
8.83649999998
16.1989399999
14.7331099999
15.0233700001
12.9777499998
8.02510999981
14.9117899999
10.79319
17.5901599999
13.4124400001
5.62289999996
35.4350599998
22.2646100001
7.48737999995
24.6272300001
29.03226
23.72874
24.5990800001
