18.62286
9.07579000003
23.17521
25.26454
22.4047600001
22.50817
32.38238
12.8131399999
14.13957
21.22186
15.7913300002
31.7463400001
9.78635999991
17.82366
27.7547
12.6252400001
19.3467299998
9.06463000004
14.0592799999
16.01024
26.96853
31.7156499999
16.1931800001
16.3904099999
15.6128100001
22.9513600001
13.01399
10.0607299998
22.9872399999
17.3801899999
17.20959
30.0726599999
25.1083300001
32.10651
25.0359499999
23.00856
20.9969100001
19.5511200001
17.25812
20.5787800001
9.80239000008
23.3639199999
15.3234699999
54.8419900001
14.9678
24.94466
28.3203299999
20.7654700001
17.19676
25.86029
