24.7786699999
19.2653900001
15.1519800001
17.3698099998
14.1443899999
18.19302
18.90454
16.86378
12.3331399999
16.8157
22.1583300001
17.46312
20.67996
8.11218000005
16.48567
28.8639900001
16.0159000001
18.3452599999
31.4807000001
14.98148
20.98758
35.59218
8.32404000009
21.0588799999
27.7930999999
18.57479
18.4739000001
24.53409
9.50705999997
16.21103
27.80091
13.4987
24.40792
9.23012999992
15.38949
7.84869999997
16.82815
11.6112400001
22.9297500001
15.3958500001
25.38432
11.04631
19.04484
14.5578000001
13.30599
20.0788500002
10.8802200001
18.02449
16.77858
10.95365
