15.3176099999
8.35730999999
8.83337000001
22.36863
16.9167300001
25.6058899999
21.5131000001
35.78785
22.8526200001
16.1072000001
11.52905
14.37072
17.5268999999
40.7082
7.45493000001
15.96702
7.20900000003
13.1601
29.4143500001
25.89115
14.9735399999
24.15134
16.6640900001
9.68481000001
3.77435999992
41.77126
4.60303
22.2038200001
11.15337
20.58578
21.94151
21.88591
5.67170000006
18.5427999999
24.1459900001
13.3070199999
20.38124
18.6579699998
13.0811699999
23.3371100001
26.39926
13.19135
10.29431
8.21678000002
8.80761999986
4.85008999996
20.03185
17.25563
10.12168
8.84793000005
