13.2863800001
19.63034
8.98603000003
13.1754000001
10.2252399999
14.34614
15.8912900001
7.88516000006
12.0572
22.6287400001
5.86491999996
17.11269
10.2877600001
4.4547
7.62003999995
22.93478
27.2913800001
5.83611000003
15.35726
14.55374
21.9351499999
6.29002000007
11.0359
16.4352000002
10.12025
16.1985500001
13.7448900001
24.99679
7.29772999999
11.61496
26.75537
15.7044500001
26.6664199999
13.4140399999
20.12097
7.92868999997
25.7096099999
10.79414
22.36829
15.01859
16.80567
15.6918899999
26.9198099999
14.73204
17.33183
18.4548000001
18.0137700001
19.40195
24.8823999999
17.0589499999
20.62158
17.29791
26.04265
20.9983900001
9.0331
23.20104
14.1989700001
15.49552
32.06404
24.4081799999
7.51150000002
10.8121
6.62950000004
17.19498
11.9422
11.7558199998
7.64669999992
24.27644
12.0696500001
22.0014699999
18.5148899999
9.68912999996
13.50856
10.14335
20.22234
20.2585699999
20.35188
39.97632
9.62054999999
22.4496699999
23.3807
21.7399
10.1748
16.17889
24.7663500002
22.95517
14.0788099999
29.7891899999
10.8883399999
14.58156
15.25922
4.22459
12.85243
19.1101099999
25.82047
26.49202
22.02819
27.46055
16.61048
22.2885200001
26.5621
22.3219400001
26.16827
27.8732699999
7.85521999991
10.5969099998
18.8287800001
9.55446999997
8.36928999994
20.76752
25.67482
20.99623
5.93391999998
14.2239600001
15.2341000001
15.75917
17.8645800001
20.07562
15.9815499999
29.6160400001
17.6250100001
6.95801000006
17.7513
8.30035000003
13.94816
12.7882600001
9.33406000002
14.05794
11.0820800001
9.58617000002
12.2997600001
6.07458000001
13.5757200001
25.8458000001
8.72837000003
26.90934
10.4776
26.9024500001
12.05964
21.8380900001
13.0904199999
28.38356
27.29476
20.0339899999
42.4917799999
10.20641
30.36461
9.49324999994
20.7111
27.2891200001
18.62286
9.07579000003
23.17521
25.26454
22.4047600001
22.50817
32.38238
12.8131399999
14.13957
21.22186
15.7913300002
31.7463400001
9.78635999991
17.82366
27.7547
12.6252400001
19.3467299998
9.06463000004
14.0592799999
16.01024
26.96853
31.7156499999
16.1931800001
16.3904099999
15.6128100001
22.9513600001
13.01399
10.0607299998
22.9872399999
17.3801899999
17.20959
30.0726599999
25.1083300001
32.10651
25.0359499999
23.00856
20.9969100001
19.5511200001
17.25812
20.5787800001
9.80239000008
23.3639199999
15.3234699999
54.8419900001
14.9678
24.94466
28.3203299999
20.7654700001
17.19676
25.86029
7.52597999992
18.03519
18.28705
22.8365900001
9.44872999995
29.42892
11.2179299999
9.47898999997
12.0316999998
10.7470999999
25.33219
15.00732
10.07943
12.34607
22.55626
8.07528999995
16.4320799998
9.52703999996
11.3915200001
22.2956500001
23.42269
23.37939
13.3893900001
14.2050600001
7.08643999987
12.5005399999
10.4509900002
23.8240500001
13.1304900001
27.39268
9.08152000001
7.09341000009
25.6177600001
22.02325
19.7526199999
10.56466
18.9277600001
38.0131400002
18.91814
15.1953899999
17.8715400001
16.8934799999
9.22945999994
10.1137999999
23.9905500001
31.0944300001
5.91232999996
7.59334999998
16.81652
14.5381600001
28.9940500001
14.54152
18.48279
10.7577499999
30.00069
18.60513
11.13202
17.36623
26.40131
30.7455300001
21.87916
17.3430700001
17.90249
15.0688199999
24.74283
18.4826199999
19.5256599999
20.6433699999
11.6641500001
14.31502
5.94481000002
26.40697
33.86286
9.16612000007
28.5308999999
21.23567
21.22124
21.42722
12.9733999998
19.2419200001
8.19574999996
11.18092
13.4227100001
11.92485
27.5366500001
19.99913
4.51179000002
3.90292000002
24.31198
15.6963599999
13.0417200001
16.53909
10.65068
18.8311000001
13.5629100001
10.35724
31.53235
11.39808
13.7879699999
6.91204000008
24.7786699999
19.2653900001
15.1519800001
17.3698099998
14.1443899999
18.19302
18.90454
16.86378
12.3331399999
16.8157
22.1583300001
17.46312
20.67996
8.11218000005
16.48567
28.8639900001
16.0159000001
18.3452599999
31.4807000001
14.98148
20.98758
35.59218
8.32404000009
21.0588799999
27.7930999999
18.57479
18.4739000001
24.53409
9.50705999997
16.21103
27.80091
13.4987
24.40792
9.23012999992
15.38949
7.84869999997
16.82815
11.6112400001
22.9297500001
15.3958500001
25.38432
11.04631
19.04484
14.5578000001
13.30599
20.0788500002
10.8802200001
18.02449
16.77858
10.95365
21.296
15.0365500001
21.3118099999
8.23187999998
9.07675000001
29.18019
10.20231
23.0300100001
17.05881
14.5980199999
23.53257
13.5173299999
18.48988
9.5062200001
26.7023499999
4.63789999997
25.14192
9.66944999993
13.21244
17.0136000001
16.9121099999
22.4743799999
33.6565800002
19.8088999999
9.75764999993
6.82720000006
11.9749200001
20.9638499999
28.0597100001
23.76553
26.7867299999
17.2727999999
7.54406999995
19.5525499999
32.76735
15.50303
12.3163099999
13.5526999999
18.1083400002
13.07822
10.6832699999
12.1733499999
19.90097
16.63747
11.5327400001
32.60126
17.27249
23.4460400001
8.8957799999
37.4068699999
21.6897399999
9.43057000008
13.5165200001
20.51714
22.88303
12.92406
12.02399
24.4543999999
29.19502
17.74094
9.32133000006
13.87633
25.68582
20.8955399999
29.16675
11.0299099999
21.2696599999
14.33413
18.93489
12.5854
23.6639500001
19.9556899999
13.3610799999
8.12106000003
22.4220299999
21.05773
9.90605000011
12.98057
19.81417
23.30768
10.63265
19.24035
29.1437200001
16.56213
20.3442500001
20.4580499998
24.8043999999
7.76383000007
26.7057500001
15.64139
13.14887
6.38048000005
15.77386
23.1939800001
11.2682899999
28.44034
14.33415
23.1941399999
12.6450799999
17.7041
20.0412999999
29.4680800001
14.89322
25.5740200001
17.5948
20.8886799999
40.5421
16.122
20.9949600002
10.5032400001
12.7400699999
8.70646000002
14.21374
37.12505
30.81324
11.0442
10.41868
22.0754499999
25.5516299999
23.1757599999
17.2904299999
14.0382299999
19.6682800001
21.8249799999
11.6236399999
17.64966
14.5562
23.36921
19.17056
22.14252
20.9895800001
16.94086
23.9464400001
19.1484500001
9.0906
10.6985099999
13.02004
12.78247
34.88653
25.64394
8.24714999995
5.56943999999
28.0197300001
30.5951700001
15.8705399999
15.6338199999
10.0594400001
18.3500099999
19.75921
29.5401300001
15.3176099999
8.35730999999
8.83337000001
22.36863
16.9167300001
25.6058899999
21.5131000001
35.78785
22.8526200001
16.1072000001
11.52905
14.37072
17.5268999999
40.7082
7.45493000001
15.96702
7.20900000003
13.1601
29.4143500001
25.89115
14.9735399999
24.15134
16.6640900001
9.68481000001
3.77435999992
41.77126
4.60303
22.2038200001
11.15337
20.58578
21.94151
21.88591
5.67170000006
18.5427999999
24.1459900001
13.3070199999
20.38124
18.6579699998
13.0811699999
23.3371100001
26.39926
13.19135
10.29431
8.21678000002
8.80761999986
4.85008999996
20.03185
17.25563
10.12168
8.84793000005
7.49627999985
24.8985600001
37.8217600001
27.41061
5.37120000005
12.6749999999
26.25413
13.8675000001
24.1502799999
17.45857
24.4440200001
14.1201399999
4.40173000004
11.6063099999
12.49864
35.47763
28.15287
22.5937000001
19.8290600001
10.04902
35.57212
22.29641
7.99893
18.081
17.2620199999
13.6509400001
7.18923000002
20.94305
6.24993000005
12.5607299998
22.53186
19.95676
8.31033999997
17.5819099999
17.54891
15.9461599999
19.67424
9.25433000003
19.6195599999
31.73771
34.3931900001
9.54741
11.99492
20.98909
7.63546999998
22.20125
17.11924
21.4836200001
25.65278
33.3239000001
22.12898
17.2704799999
11.9002499999
16.3825800001
20.8086100001
24.54455
9.95996999997
20.56222
17.91418
9.36509000009
21.32888
10.62732
20.83048
8.59369999997
29.8566999999
22.50288
27.72846
15.1744400001
19.13463
14.83132
9.42298999999
18.8459999999
16.06227
14.71846
7.18548999995
17.51113
16.4129999998
13.8708499999
11.20745
17.4853799999
8.0675
12.7989199999
8.83649999998
16.1989399999
14.7331099999
15.0233700001
12.9777499998
8.02510999981
14.9117899999
10.79319
17.5901599999
13.4124400001
5.62289999996
35.4350599998
22.2646100001
7.48737999995
24.6272300001
29.03226
23.72874
24.5990800001
24.0583799999
6.66126000008
18.4299600002
19.6263199999
40.33372
13.06574
12.3404
10.93066
27.8889900001
23.40467
21.0856700001
21.2321299999
23.94331
22.15386
12.5355799999
19.4696699999
16.0332999999
31.77405
12.41976
13.83763
21.6480700001
17.5584200001
9.90920000011
23.2611
20.56732
16.33748
23.0990000002
11.4686
24.7429699999
24.4604500001
14.60262
15.5981600001
26.59581
18.66279
12.18126
16.57234
23.46711
17.56172
7.53535999986
20.82635
19.90281
16.93903
8.88589000003
17.02715
34.4370499999
5.38595000003
6.58152999997
7.99676999997
20.44045
12.74193
13.90559
11.07257
26.72071
7.10569000011
42.85507
11.57788
15.79843
20.85673
14.08313
27.4962599999
25.76725
12.81761
7.83848999999
25.68565
17.23396
22.83704
14.94981
8.61859000009
23.30379
16.47815
9.52801000001
9.70863999997
18.8949399999
9.2157099999
23.55773
25.4484
25.24019
15.1981100001
14.6152199999
16.6553700001
9.12789
31.1908399999
24.45195
16.40017
15.2354199999
23.80993
25.23444
17.83568
10.29009
23.54054
11.4427400001
12.3781
17.35555
19.5617900001
22.0115199999
16.8087200001
24.06812
19.0271600001
14.2064699999
18.3196800001
26.8991400001
22.59311
31.3741700001
21.6389399997
32.71493
12.10393
16.97636
17.25731
11.2858299999
15.46831
6.21082000004
14.2843299999
11.4094000001
19.89116
18.50755
5.28024999995
15.9290100001
15.43336
9.81299000001
16.7821799999
22.07888
16.3970600001
11.25153
16.1724599999
24.48739
21.3284
27.07039
14.0368999999
13.03314
10.90579
24.03831
11.6705499999
18.24729
16.14929
12.54668
13.9138999999
25.17774
16.3581
30.63015
32.4245699999
17.90133
16.6736500001
16.21982
11.89857
12.15003
17.18244
11.56856
32.7876500001
22.16784
16.26591
15.2847
19.0141800001
33.6322799999
26.4863100001
12.4292
14.5994299999
20.76434
18.36541
31.2369
17.7647599999
23.60496
23.00275
12.8885100001
6.4320700001
25.4995299999
7.23513000004
24.68444
28.4643
23.43496
16.09892
33.14445
20.0090500001
24.88124
11.46738
17.20433
14.5579
13.62916
14.78111
10.9805900001
12.3578699999
11.1494600001
18.11099
20.2949599999
10.61
25.4241300001
23.2625399998
14.20487
17.45603
9.57649000001
14.2115000001
20.11537
22.6126400001
14.83935
12.40553
13.5539800001
18.17423
15.1086500001
17.33573
11.8249100001
17.26836
17.76668
9.22875000013
16.53267
12.93047
14.71332
31.88819
13.35575
15.2323700001
12.83956
20.09246
19.13816
29.4886499998
23.1108
14.5247900001
17.0418199999
18.47747
13.0421
29.0043299999
15.8143
8.31436000008
12.38452
16.14949
11.73218
17.38532
10.45169
15.14963
10.86347
29.1435
18.10071
25.89782
10.83894
20.4537300001
11.68251
11.77883
12.34485
16.3061200001
15.14539
20.2837799999
13.93032
21.9185400001
25.55865
27.1520100001
19.01631
28.8669
17.5841699999
10.48604
16.0207700001
10.58377
17.29457
12.5091100001
7.4053499999
22.7242899999
14.55061
28.9246500001
16.57043
21.0380000001
18.5930199999
14.92975
21.27486
17.32174
21.8408499999
17.68232
18.93615
9.4651700001
20.0340999999
10.68593
20.4055199999
5.10005000001
17.72925
33.0848600001
33.4264999998
11.19398
6.80905000004
14.09878
19.4383899999
22.0849000001
21.49861
8.40086000005
17.5695
14.6806999999
9.28023999999
23.14231
16.61047
5.75022000005
28.3376200001
12.85785
34.1068800001
17.82901
23.76491
14.7953900001
27.6145800001
29.3631599999
27.30842
9.08325000014
27.68099
10.6774200001
14.23404
22.05274
26.00083
7.72396999993
19.2682500001
13.1915600001
24.74174
10.94834
20.07751
24.6168699999
15.30944
18.6728100001
14.08894
29.1617099999
16.6568799999
20.5832
16.48077
10.04752
12.20158
9.56949999998
24.4086399998
10.05163
28.23135
3.38534999988
11.2976
12.17619
18.25994
21.49899
17.2364700001
10.3588
28.0616599999
21.58446
15.4643199999
16.17609
21.8330200001
9.73537000001
33.6707599999
23.3951099999
13.97101
10.8440400001
18.4001000001
9.21427999996
19.05813
18.12867
25.0682699999
12.25902
18.11314
6.72511999996
27.24282
28.80197
10.3266800001
27.12053
27.08711
27.13343
