7.4053499999
22.7242899999
14.55061
28.9246500001
16.57043
21.0380000001
18.5930199999
14.92975
21.27486
17.32174
21.8408499999
17.68232
18.93615
9.4651700001
20.0340999999
10.68593
20.4055199999
5.10005000001
17.72925
33.0848600001
33.4264999998
11.19398
6.80905000004
14.09878
19.4383899999
22.0849000001
21.49861
8.40086000005
17.5695
14.6806999999
9.28023999999
23.14231
16.61047
5.75022000005
28.3376200001
12.85785
34.1068800001
17.82901
23.76491
14.7953900001
27.6145800001
29.3631599999
27.30842
9.08325000014
27.68099
10.6774200001
14.23404
22.05274
26.00083
7.72396999993
