15.2847
19.0141800001
33.6322799999
26.4863100001
12.4292
14.5994299999
20.76434
18.36541
31.2369
17.7647599999
23.60496
23.00275
12.8885100001
6.4320700001
25.4995299999
7.23513000004
24.68444
28.4643
23.43496
16.09892
33.14445
20.0090500001
24.88124
11.46738
17.20433
14.5579
13.62916
14.78111
10.9805900001
12.3578699999
11.1494600001
18.11099
20.2949599999
10.61
25.4241300001
23.2625399998
14.20487
17.45603
9.57649000001
14.2115000001
20.11537
22.6126400001
14.83935
12.40553
13.5539800001
18.17423
15.1086500001
17.33573
11.8249100001
17.26836
