19.2682500001
13.1915600001
24.74174
10.94834
20.07751
24.6168699999
15.30944
18.6728100001
14.08894
29.1617099999
16.6568799999
20.5832
16.48077
10.04752
12.20158
9.56949999998
24.4086399998
10.05163
28.23135
3.38534999988
11.2976
12.17619
18.25994
21.49899
17.2364700001
10.3588
28.0616599999
21.58446
15.4643199999
16.17609
21.8330200001
9.73537000001
33.6707599999
23.3951099999
13.97101
10.8440400001
18.4001000001
9.21427999996
19.05813
18.12867
25.0682699999
12.25902
18.11314
6.72511999996
27.24282
28.80197
10.3266800001
27.12053
27.08711
27.13343
