26.5621
22.3219400001
26.16827
27.8732699999
7.85521999991
10.5969099998
18.8287800001
9.55446999997
8.36928999994
20.76752
25.67482
20.99623
5.93391999998
14.2239600001
15.2341000001
15.75917
17.8645800001
20.07562
15.9815499999
29.6160400001
17.6250100001
6.95801000006
17.7513
8.30035000003
13.94816
12.7882600001
9.33406000002
14.05794
11.0820800001
9.58617000002
12.2997600001
6.07458000001
13.5757200001
25.8458000001
8.72837000003
26.90934
10.4776
26.9024500001
12.05964
21.8380900001
13.0904199999
28.38356
27.29476
20.0339899999
42.4917799999
10.20641
30.36461
9.49324999994
20.7111
27.2891200001
