20.0412999999
29.4680800001
14.89322
25.5740200001
17.5948
20.8886799999
40.5421
16.122
20.9949600002
10.5032400001
12.7400699999
8.70646000002
14.21374
37.12505
30.81324
11.0442
10.41868
22.0754499999
25.5516299999
23.1757599999
17.2904299999
14.0382299999
19.6682800001
21.8249799999
11.6236399999
17.64966
14.5562
23.36921
19.17056
22.14252
20.9895800001
16.94086
23.9464400001
19.1484500001
9.0906
10.6985099999
13.02004
12.78247
34.88653
25.64394
8.24714999995
5.56943999999
28.0197300001
30.5951700001
15.8705399999
15.6338199999
10.0594400001
18.3500099999
19.75921
29.5401300001
