13.2863800001
19.63034
8.98603000003
13.1754000001
10.2252399999
14.34614
15.8912900001
7.88516000006
12.0572
22.6287400001
5.86491999996
17.11269
10.2877600001
4.4547
7.62003999995
22.93478
27.2913800001
5.83611000003
15.35726
14.55374
21.9351499999
6.29002000007
11.0359
16.4352000002
10.12025
16.1985500001
13.7448900001
24.99679
7.29772999999
11.61496
26.75537
15.7044500001
26.6664199999
13.4140399999
20.12097
7.92868999997
25.7096099999
10.79414
22.36829
15.01859
16.80567
15.6918899999
26.9198099999
14.73204
17.33183
18.4548000001
18.0137700001
19.40195
24.8823999999
17.0589499999
