24.0583799999
6.66126000008
18.4299600002
19.6263199999
40.33372
13.06574
12.3404
10.93066
27.8889900001
23.40467
21.0856700001
21.2321299999
23.94331
22.15386
12.5355799999
19.4696699999
16.0332999999
31.77405
12.41976
13.83763
21.6480700001
17.5584200001
9.90920000011
23.2611
20.56732
16.33748
23.0990000002
11.4686
24.7429699999
24.4604500001
14.60262
15.5981600001
26.59581
18.66279
12.18126
16.57234
23.46711
17.56172
7.53535999986
20.82635
19.90281
16.93903
8.88589000003
17.02715
34.4370499999
5.38595000003
6.58152999997
7.99676999997
20.44045
12.74193
