7.52597999992
18.03519
18.28705
22.8365900001
9.44872999995
29.42892
11.2179299999
9.47898999997
12.0316999998
10.7470999999
25.33219
15.00732
10.07943
12.34607
22.55626
8.07528999995
16.4320799998
9.52703999996
11.3915200001
22.2956500001
23.42269
23.37939
13.3893900001
14.2050600001
7.08643999987
12.5005399999
10.4509900002
23.8240500001
13.1304900001
27.39268
9.08152000001
7.09341000009
25.6177600001
22.02325
19.7526199999
10.56466
18.9277600001
38.0131400002
18.91814
15.1953899999
17.8715400001
16.8934799999
9.22945999994
10.1137999999
23.9905500001
31.0944300001
5.91232999996
7.59334999998
16.81652
14.5381600001
