20.62158
17.29791
26.04265
20.9983900001
9.0331
23.20104
14.1989700001
15.49552
32.06404
24.4081799999
7.51150000002
10.8121
6.62950000004
17.19498
11.9422
11.7558199998
7.64669999992
24.27644
12.0696500001
22.0014699999
18.5148899999
9.68912999996
13.50856
10.14335
20.22234
20.2585699999
20.35188
39.97632
9.62054999999
22.4496699999
23.3807
21.7399
10.1748
16.17889
24.7663500002
22.95517
14.0788099999
29.7891899999
10.8883399999
14.58156
15.25922
4.22459
12.85243
19.1101099999
25.82047
26.49202
22.02819
27.46055
16.61048
22.2885200001
