26.8991400001
22.59311
31.3741700001
21.6389399997
32.71493
12.10393
16.97636
17.25731
11.2858299999
15.46831
6.21082000004
14.2843299999
11.4094000001
19.89116
18.50755
5.28024999995
15.9290100001
15.43336
9.81299000001
16.7821799999
22.07888
16.3970600001
11.25153
16.1724599999
24.48739
21.3284
27.07039
14.0368999999
13.03314
10.90579
24.03831
11.6705499999
18.24729
16.14929
12.54668
13.9138999999
25.17774
16.3581
30.63015
32.4245699999
17.90133
16.6736500001
16.21982
11.89857
12.15003
17.18244
11.56856
32.7876500001
22.16784
16.26591
