17.76668
9.22875000013
16.53267
12.93047
14.71332
31.88819
13.35575
15.2323700001
12.83956
20.09246
19.13816
29.4886499998
23.1108
14.5247900001
17.0418199999
18.47747
13.0421
29.0043299999
15.8143
8.31436000008
12.38452
16.14949
11.73218
17.38532
10.45169
15.14963
10.86347
29.1435
18.10071
25.89782
10.83894
20.4537300001
11.68251
11.77883
12.34485
16.3061200001
15.14539
20.2837799999
13.93032
21.9185400001
25.55865
27.1520100001
19.01631
28.8669
17.5841699999
10.48604
16.0207700001
10.58377
17.29457
12.5091100001
