21.296
15.0365500001
21.3118099999
8.23187999998
9.07675000001
29.18019
10.20231
23.0300100001
17.05881
14.5980199999
23.53257
13.5173299999
18.48988
9.5062200001
26.7023499999
4.63789999997
25.14192
9.66944999993
13.21244
17.0136000001
16.9121099999
22.4743799999
33.6565800002
19.8088999999
9.75764999993
6.82720000006
11.9749200001
20.9638499999
28.0597100001
23.76553
26.7867299999
17.2727999999
7.54406999995
19.5525499999
32.76735
15.50303
12.3163099999
13.5526999999
18.1083400002
13.07822
10.6832699999
12.1733499999
19.90097
16.63747
11.5327400001
32.60126
17.27249
23.4460400001
8.8957799999
37.4068699999
