21.6897399999
9.43057000008
13.5165200001
20.51714
22.88303
12.92406
12.02399
24.4543999999
29.19502
17.74094
9.32133000006
13.87633
25.68582
20.8955399999
29.16675
11.0299099999
21.2696599999
14.33413
18.93489
12.5854
23.6639500001
19.9556899999
13.3610799999
8.12106000003
22.4220299999
21.05773
9.90605000011
12.98057
19.81417
23.30768
10.63265
19.24035
29.1437200001
16.56213
20.3442500001
20.4580499998
24.8043999999
7.76383000007
26.7057500001
15.64139
13.14887
6.38048000005
15.77386
23.1939800001
11.2682899999
28.44034
14.33415
23.1941399999
12.6450799999
17.7041
