13.90559
11.07257
26.72071
7.10569000011
42.85507
11.57788
15.79843
20.85673
14.08313
27.4962599999
25.76725
12.81761
7.83848999999
25.68565
17.23396
22.83704
14.94981
8.61859000009
23.30379
16.47815
9.52801000001
9.70863999997
18.8949399999
9.2157099999
23.55773
25.4484
25.24019
15.1981100001
14.6152199999
16.6553700001
9.12789
31.1908399999
24.45195
16.40017
15.2354199999
23.80993
25.23444
17.83568
10.29009
23.54054
11.4427400001
12.3781
17.35555
19.5617900001
22.0115199999
16.8087200001
24.06812
19.0271600001
14.2064699999
18.3196800001
