7.49627999985
24.8985600001
37.8217600001
27.41061
5.37120000005
12.6749999999
26.25413
13.8675000001
24.1502799999
17.45857
24.4440200001
14.1201399999
4.40173000004
11.6063099999
12.49864
35.47763
28.15287
22.5937000001
19.8290600001
10.04902
35.57212
22.29641
7.99893
18.081
17.2620199999
13.6509400001
7.18923000002
20.94305
6.24993000005
12.5607299998
22.53186
19.95676
8.31033999997
17.5819099999
17.54891
15.9461599999
19.67424
9.25433000003
19.6195599999
31.73771
34.3931900001
9.54741
11.99492
20.98909
7.63546999998
22.20125
17.11924
21.4836200001
25.65278
33.3239000001
