13.5776499999
10.83698
27.6140899999
18.4059400001
30.51868
9.5209
25.20447
24.5118399999
28.014
17.8502700001
14.2789100001
15.5277000001
20.84956
9.9847700001
23.1906300001
30.8152900001
31.62611
9.48850999994
9.38558
16.2585699999
10.27692
23.48012
5.79878000007
11.4573700001
20.39772
5.96897000005
17.93238
10.46747
17.95048
13.30178
20.17009
14.9725800001
22.6781599999
12.3297499999
7.98369999998
8.71675000002
13.45516
6.74105999991
10.6266200001
21.4827999999
26.9588400001
19.1305
12.45913
22.9866600001
31.5914799999
9.07040999993
16.0352200001
14.82204
32.6772000002
20.06836
