16.7730800001
6.57235999999
16.17885
26.69476
11.90915
42.6202
19.45153
33.87175
19.19566
6.50907999987
18.03791
32.94619
26.1613200001
21.38705
16.80778
23.6031599999
22.87159
23.0986
17.9309500001
17.43788
6.43458
10.7059200001
12.4136
17.38501
19.48473
23.4401799999
28.3817799999
25.3802400001
9.05034000007
7.09733999998
10.56649
21.81898
12.63948
24.2999100001
24.55146
14.91882
17.2531699999
25.58739
16.3253499999
13.8881600001
21.71717
13.2585400001
16.98095
3.59919999994
11.0584400002
20.9727800002
16.1152999999
19.08475
15.3331599999
22.37658
