25.8333400001
7.2128199999
17.0497
15.60791
21.6431600001
35.0669800001
9.97449000005
13.39775
15.07813
12.00336
15.10799
5.57339999988
11.7988
27.94531
11.49212
10.0592900001
17.7398699999
19.7300200001
10.79316
15.5246400001
23.5792700001
14.2085900001
14.3842
10.7475200001
18.5521
26.01738
17.3433600002
16.92104
13.1797999999
4.78411999997
24.84778
6.42614999996
23.9508700001
20.81288
18.0336800001
10.1254199999
18.5353499999
23.5563399999
4.17686000001
9.91832000006
26.58494
19.81677
14.21123
18.60242
19.1867899998
9.49489000009
11.7807300001
11.3286799999
19.8612299999
21.77197
