13.5820200001
26.59566
15.7549299999
26.6989
28.22721
22.7080899999
9.93585000001
22.5636300001
14.7897399999
14.59526
13.2239099999
14.3473700001
10.74357
14.2024500001
14.55614
4.72279999999
14.5911999999
29.23409
21.1822899999
12.4972400001
19.72297
19.1857399999
15.9192000001
19.6485
17.41929
13.08588
31.79718
12.73314
20.18042
10.38501
17.6047899999
12.22571
28.5471299998
20.90517
17.5423099999
23.464
15.0351099999
41.89519
20.15871
21.2621299999
7.48904000001
14.0059099999
17.75599
10.97948
21.7195700001
25.8950199998
20.76213
8.52648
13.42565
15.17751
