19.62817
22.04213
17.3604899999
22.77579
13.93366
17.13902
24.52705
18.19447
16.7406900001
26.34546
9.55894999998
14.05714
7.57919000008
5.76549000002
18.0265299999
13.32158
20.8046
13.9129999999
10.5825499999
14.20851
13.12866
19.7374
20.33456
17.03761
13.84539
32.3596999999
12.54958
15.94131
15.2551500001
13.05681
10.68414
19.59641
29.73301
7.87353999994
10.52062
8.08340999996
13.6660600001
25.45543
19.9908
25.47864
10.6512300001
14.3655099999
18.0344100001
26.9161499999
9.24846999999
11.5461299999
23.14429
9.83988999994
12.4388499999
7.16198000009
