7.51647999999
14.08478
15.27928
23.2045900001
21.4998699999
6.11026999995
9.02858000016
34.41842
10.3711400001
17.0265500001
6.87550999993
27.85652
10.4022899999
28.0686299999
26.7790299999
21.68362
17.15892
12.8309699999
19.1096
15.26816
11.02408
17.44047
19.87442
7.20382000005
7.36855000001
7.84999999998
22.12124
10.7006099999
17.1062
18.36052
32.96083
9.63577000005
25.6576800001
32.80267
17.58562
40.39825
31.47438
6.56313000002
20.2733400001
9.96878999996
8.52562999993
20.78882
29.37744
25.31415
17.7040500001
10.32196
11.9154400001
9.92158999993
23.0758199999
15.1391800001
