18.29766
29.68769
31.4438100001
25.4518799999
17.00085
16.80229
20.64561
18.0236000001
11.77134
21.9935199998
14.61627
27.0304800002
10.8216400001
21.0350099999
11.26614
14.8761699999
24.5216999999
18.6440999999
16.6044999999
17.31693
7.13667000004
14.69817
13.8700700001
12.8462499999
26.6601699999
16.10226
21.79349
10.4069200001
17.9667
11.5050900001
13.2264599999
33.3047900001
20.8492599999
10.7791699999
29.1501600001
23.1931700001
14.3753000001
14.65429
13.9652200001
9.29174999997
18.15805
20.9072499999
26.3332700001
23.62733
12.2547299999
14.69918
18.3510500001
21.4842600001
27.7846799999
17.7518600001
