15.7779700001
24.02384
12.54297
9.83431000006
17.45189
11.3409399999
16.46069
9.45215999999
17.497
9.25589000003
13.63121
14.8931700001
8.83561999991
6.50642999995
9.85411000007
12.2135299999
22.6581100001
14.8952
10.79853
12.7949600002
16.32925
16.74173
15.12791
20.2357000001
17.2567599999
13.71907
26.8401100001
15.07649
17.22335
22.69229
20.68915
33.9493100001
15.47098
10.17079
11.2482499999
17.17594
19.55842
13.7641199998
23.0480299999
13.48638
19.69327
23.0311199999
18.84297
16.36604
18.60933
14.31657
18.1858
23.9897599999
14.5747099998
29.28542
