10.50755
22.0156899999
22.69531
15.5358599999
16.05699
21.41876
24.6817800001
3.23535999993
17.5169700001
3.97370000009
18.6688
14.9621299999
17.8741199999
21.77986
24.2505099999
15.57614
10.6028300001
16.30323
6.98411000008
25.7653
11.17415
8.43587000004
17.4039799999
21.29602
14.69142
13.9530399999
11.08826
26.4131199999
22.2615199999
20.99596
14.5980100001
25.75585
13.04819
22.7292599999
15.86231
16.4163800001
8.16605
12.3308199999
17.94726
16.4808400001
13.9120500002
11.9404000001
14.12965
13.9360099999
8.46209000004
14.71105
15.4404600001
13.5630900001
9.00656999997
18.9038799999
