16.87631
21.6017100001
22.5897
9.28258
12.06587
14.3790899998
11.2106899999
23.8435199999
28.9779800001
11.0564999999
10.7859899999
35.7092500001
12.4153100001
15.80802
13.26666
5.04760000005
20.4739400001
27.7539299999
12.72011
15.76573
11.2864699999
18.38096
19.5042000002
9.18294000009
15.6083200001
12.3948
15.02714
5.37000999996
17.34534
9.24261999992
7.96036999999
12.1836399999
11.8844399999
17.1692600001
3.83295000007
23.3557899999
9.69469999999
14.6161099999
4.71623999998
13.4997500001
19.3032000001
4.51541000011
10.3111400001
9.59447999997
14.06715
18.3115899999
5.48146999988
17.1175899999
12.60624
17.80599
