17.1511
25.2201800001
14.5437800001
7.97056000005
13.0614299999
9.94969000015
26.69881
30.42418
24.4323399999
16.9537100001
15.0264199999
25.59439
15.05232
15.67658
18.3698099999
21.48751
20.12655
39.33211
20.0281799999
15.97104
12.71568
20.15912
13.0460099999
15.95052
20.83873
13.0225300002
20.70367
6.08585999999
19.3467499999
10.8055
13.8903399999
10.0559200001
12.0224100001
11.14397
24.7045299999
22.1893000001
6.1503199999
15.5670800001
23.0547799999
10.0096
19.3481299999
18.9381499999
15.4468500001
17.51017
9.53781999997
21.65876
25.42856
19.6611700001
24.9984800001
20.1864900001
