17.0510799999
10.19666
14.95933
17.41447
7.98866999999
19.3817500002
25.5388399999
4.05240999989
19.81018
30.44841
12.02409
18.38905
17.75089
14.12598
11.9691800001
35.11301
12.3767999999
21.60473
16.4658499999
15.8420299999
18.7535
17.0205400002
16.45224
21.4752700001
15.88084
10.3614599999
16.46427
28.70573
10.3577999999
26.00374
22.20652
26.3553899999
27.26431
24.40888
27.54456
18.17532
11.9221600001
10.18829
16.9748600001
15.1987400001
22.55084
17.63646
18.8062599999
17.7687099999
8.37403000006
15.49694
21.3366800001
14.8385899999
12.2088199999
21.38294
