11.90606
10.60381
14.7808500002
19.6675000001
7.02616000012
18.0347900001
29.6445000001
21.2914
29.92972
6.61627
10.6468700001
14.90857
13.2956900001
14.82443
14.7857799999
18.2227
15.41596
18.77752
15.81632
20.64951
26.5733500001
11.55097
10.93664
21.1561799999
17.72537
25.46153
14.1297500001
22.88185
5.61239999987
24.3946199999
10.8464700001
12.93831
21.00382
21.5990699999
15.0075799999
15.44259
10.33549
20.3436200001
18.62712
10.7711199999
11.5013499999
3.37821999996
26.7593500001
19.9652499999
27.9089900001
14.57949
19.9368800001
15.06969
13.7056799999
21.4353199999
