10.03798
26.82686
21.9501100001
10.61061
17.79978
28.12609
24.7556800001
27.6197500001
15.4832700001
22.35455
11.4179900002
14.41783
18.8663199999
18.24837
12.32452
26.31513
24.00396
9.49112000014
8.21852999995
29.8107000001
18.07577
23.8177900001
8.78402999998
26.64955
14.72494
7.51566999999
19.9979899999
28.0890299999
13.2622699998
23.22184
16.06206
14.43333
17.5571399999
13.01929
28.4466199999
8.71267000004
8.38072000002
11.76144
17.05344
21.66986
4.52856000001
11.4855000001
8.95386999997
20.1231
12.43975
18.01927
19.5939499999
13.73317
10.64123
28.8350900001
