17.0381700001
15.2288699999
11.44024
7.18637000001
12.58162
27.64109
10.9017900001
8.28261000011
18.72667
22.32704
6.35216999997
10.1054499999
13.03541
18.1962199999
8.7509000001
15.6354100001
9.54696999991
25.6053500001
10.8375499998
20.1980399999
14.32229
18.61665
26.1087399998
7.93471000006
16.2133599999
7.22944999998
6.98054999998
27.0265899999
4.72448999994
12.73529
24.69793
18.73776
17.9186100001
14.06978
16.8806400001
8.3809600001
16.51384
16.91643
20.02572
10.82394
19.7069699999
11.2806899999
13.0670500002
17.7997600001
28.9296700001
35.38931
19.28749
21.7478
10.59863
17.7777500001
