25.1074100001
26.3550399999
21.6437200001
33.92033
20.8102300001
12.0223500001
12.39359
21.36745
12.6586999999
13.5738799999
29.60141
19.25971
15.1584899999
21.4078399999
16.61914
22.00391
12.43293
19.4772999999
25.31895
16.33663
10.69887
6.23451999994
16.4594299999
15.8171300001
23.17628
18.8336600001
34.86486
17.98329
22.15642
19.79492
11.4986399999
15.50745
16.8044099999
13.4403100001
25.44242
10.52497
22.93666
16.63783
17.2776
10.6587299999
28.2252399999
11.29377
14.6127400001
16.56984
11.2710600001
10.29892
11.4832900001
21.5005099999
15.7509000001
7.63919999986
