17.0510799999
10.19666
14.95933
17.41447
7.98866999999
19.3817500002
25.5388399999
4.05240999989
19.81018
30.44841
12.02409
18.38905
17.75089
14.12598
11.9691800001
35.11301
12.3767999999
21.60473
16.4658499999
15.8420299999
18.7535
17.0205400002
16.45224
21.4752700001
15.88084
10.3614599999
16.46427
28.70573
10.3577999999
26.00374
22.20652
26.3553899999
27.26431
24.40888
27.54456
18.17532
11.9221600001
10.18829
16.9748600001
15.1987400001
22.55084
17.63646
18.8062599999
17.7687099999
8.37403000006
15.49694
21.3366800001
14.8385899999
12.2088199999
21.38294
16.7730800001
6.57235999999
16.17885
26.69476
11.90915
42.6202
19.45153
33.87175
19.19566
6.50907999987
18.03791
32.94619
26.1613200001
21.38705
16.80778
23.6031599999
22.87159
23.0986
17.9309500001
17.43788
6.43458
10.7059200001
12.4136
17.38501
19.48473
23.4401799999
28.3817799999
25.3802400001
9.05034000007
7.09733999998
10.56649
21.81898
12.63948
24.2999100001
24.55146
14.91882
17.2531699999
25.58739
16.3253499999
13.8881600001
21.71717
13.2585400001
16.98095
3.59919999994
11.0584400002
20.9727800002
16.1152999999
19.08475
15.3331599999
22.37658
18.29766
29.68769
31.4438100001
25.4518799999
17.00085
16.80229
20.64561
18.0236000001
11.77134
21.9935199998
14.61627
27.0304800002
10.8216400001
21.0350099999
11.26614
14.8761699999
24.5216999999
18.6440999999
16.6044999999
17.31693
7.13667000004
14.69817
13.8700700001
12.8462499999
26.6601699999
16.10226
21.79349
10.4069200001
17.9667
11.5050900001
13.2264599999
33.3047900001
20.8492599999
10.7791699999
29.1501600001
23.1931700001
14.3753000001
14.65429
13.9652200001
9.29174999997
18.15805
20.9072499999
26.3332700001
23.62733
12.2547299999
14.69918
18.3510500001
21.4842600001
27.7846799999
17.7518600001
15.79125
13.1325899999
16.89484
3.97389999998
25.9513099999
22.94184
15.90934
15.33134
14.6109900001
26.2429599999
21.6542999999
9.39585000009
20.12394
19.8479000001
8.89198000007
19.78266
11.59932
10.4541900001
14.3391100001
23.3994900001
7.77829000005
7.40172000008
10.9786999999
22.4626099999
30.8721800001
11.48356
20.31154
19.0098199999
18.9211399999
21.4500300001
9.92970999994
18.4854400001
22.2228999999
13.50916
8.50381999998
23.8479400002
9.88265000004
28.62342
16.7826099999
29.608
13.1481600001
12.68245
15.5552399999
36.4752099999
23.3270599999
20.22392
17.99755
21.6003200001
17.8835900001
15.2327599999
13.5695999998
17.1723200001
12.86165
12.2198799999
17.4243000001
12.6057899999
13.29044
23.2094200001
32.72267
11.1609100001
10.0109700001
7.17333999998
15.0994300001
22.76731
9.37604999996
24.08487
4.56489000004
13.86674
6.01437999995
7.69666000013
18.7394899999
9.07782000001
29.2760599999
28.1311699999
9.42354999995
20.36178
8.32533999998
18.10529
9.02503999998
16.8150699999
25.2875000001
15.1871099999
15.7647200001
14.6168499999
9.55187999993
21.49044
19.8711099999
32.56121
13.04431
11.29372
12.7508799999
25.97056
23.8746399999
12.74557
15.3647800001
6.47676999995
13.20075
17.83531
7.72914000007
9.96798000007
7.51647999999
14.08478
15.27928
23.2045900001
21.4998699999
6.11026999995
9.02858000016
34.41842
10.3711400001
17.0265500001
6.87550999993
27.85652
10.4022899999
28.0686299999
26.7790299999
21.68362
17.15892
12.8309699999
19.1096
15.26816
11.02408
17.44047
19.87442
7.20382000005
7.36855000001
7.84999999998
22.12124
10.7006099999
17.1062
18.36052
32.96083
9.63577000005
25.6576800001
32.80267
17.58562
40.39825
31.47438
6.56313000002
20.2733400001
9.96878999996
8.52562999993
20.78882
29.37744
25.31415
17.7040500001
10.32196
11.9154400001
9.92158999993
23.0758199999
15.1391800001
17.1511
25.2201800001
14.5437800001
7.97056000005
13.0614299999
9.94969000015
26.69881
30.42418
24.4323399999
16.9537100001
15.0264199999
25.59439
15.05232
15.67658
18.3698099999
21.48751
20.12655
39.33211
20.0281799999
15.97104
12.71568
20.15912
13.0460099999
15.95052
20.83873
13.0225300002
20.70367
6.08585999999
19.3467499999
10.8055
13.8903399999
10.0559200001
12.0224100001
11.14397
24.7045299999
22.1893000001
6.1503199999
15.5670800001
23.0547799999
10.0096
19.3481299999
18.9381499999
15.4468500001
17.51017
9.53781999997
21.65876
25.42856
19.6611700001
24.9984800001
20.1864900001
15.7779700001
24.02384
12.54297
9.83431000006
17.45189
11.3409399999
16.46069
9.45215999999
17.497
9.25589000003
13.63121
14.8931700001
8.83561999991
6.50642999995
9.85411000007
12.2135299999
22.6581100001
14.8952
10.79853
12.7949600002
16.32925
16.74173
15.12791
20.2357000001
17.2567599999
13.71907
26.8401100001
15.07649
17.22335
22.69229
20.68915
33.9493100001
15.47098
10.17079
11.2482499999
17.17594
19.55842
13.7641199998
23.0480299999
13.48638
19.69327
23.0311199999
18.84297
16.36604
18.60933
14.31657
18.1858
23.9897599999
14.5747099998
29.28542
19.62817
22.04213
17.3604899999
22.77579
13.93366
17.13902
24.52705
18.19447
16.7406900001
26.34546
9.55894999998
14.05714
7.57919000008
5.76549000002
18.0265299999
13.32158
20.8046
13.9129999999
10.5825499999
14.20851
13.12866
19.7374
20.33456
17.03761
13.84539
32.3596999999
12.54958
15.94131
15.2551500001
13.05681
10.68414
19.59641
29.73301
7.87353999994
10.52062
8.08340999996
13.6660600001
25.45543
19.9908
25.47864
10.6512300001
14.3655099999
18.0344100001
26.9161499999
9.24846999999
11.5461299999
23.14429
9.83988999994
12.4388499999
7.16198000009
25.8333400001
7.2128199999
17.0497
15.60791
21.6431600001
35.0669800001
9.97449000005
13.39775
15.07813
12.00336
15.10799
5.57339999988
11.7988
27.94531
11.49212
10.0592900001
17.7398699999
19.7300200001
10.79316
15.5246400001
23.5792700001
14.2085900001
14.3842
10.7475200001
18.5521
26.01738
17.3433600002
16.92104
13.1797999999
4.78411999997
24.84778
6.42614999996
23.9508700001
20.81288
18.0336800001
10.1254199999
18.5353499999
23.5563399999
4.17686000001
9.91832000006
26.58494
19.81677
14.21123
18.60242
19.1867899998
9.49489000009
11.7807300001
11.3286799999
19.8612299999
21.77197
10.03798
26.82686
21.9501100001
10.61061
17.79978
28.12609
24.7556800001
27.6197500001
15.4832700001
22.35455
11.4179900002
14.41783
18.8663199999
18.24837
12.32452
26.31513
24.00396
9.49112000014
8.21852999995
29.8107000001
18.07577
23.8177900001
8.78402999998
26.64955
14.72494
7.51566999999
19.9979899999
28.0890299999
13.2622699998
23.22184
16.06206
14.43333
17.5571399999
13.01929
28.4466199999
8.71267000004
8.38072000002
11.76144
17.05344
21.66986
4.52856000001
11.4855000001
8.95386999997
20.1231
12.43975
18.01927
19.5939499999
13.73317
10.64123
28.8350900001
13.5820200001
26.59566
15.7549299999
26.6989
28.22721
22.7080899999
9.93585000001
22.5636300001
14.7897399999
14.59526
13.2239099999
14.3473700001
10.74357
14.2024500001
14.55614
4.72279999999
14.5911999999
29.23409
21.1822899999
12.4972400001
19.72297
19.1857399999
15.9192000001
19.6485
17.41929
13.08588
31.79718
12.73314
20.18042
10.38501
17.6047899999
12.22571
28.5471299998
20.90517
17.5423099999
23.464
15.0351099999
41.89519
20.15871
21.2621299999
7.48904000001
14.0059099999
17.75599
10.97948
21.7195700001
25.8950199998
20.76213
8.52648
13.42565
15.17751
10.50755
22.0156899999
22.69531
15.5358599999
16.05699
21.41876
24.6817800001
3.23535999993
17.5169700001
3.97370000009
18.6688
14.9621299999
17.8741199999
21.77986
24.2505099999
15.57614
10.6028300001
16.30323
6.98411000008
25.7653
11.17415
8.43587000004
17.4039799999
21.29602
14.69142
13.9530399999
11.08826
26.4131199999
22.2615199999
20.99596
14.5980100001
25.75585
13.04819
22.7292599999
15.86231
16.4163800001
8.16605
12.3308199999
17.94726
16.4808400001
13.9120500002
11.9404000001
14.12965
13.9360099999
8.46209000004
14.71105
15.4404600001
13.5630900001
9.00656999997
18.9038799999
25.1074100001
26.3550399999
21.6437200001
33.92033
20.8102300001
12.0223500001
12.39359
21.36745
12.6586999999
13.5738799999
29.60141
19.25971
15.1584899999
21.4078399999
16.61914
22.00391
12.43293
19.4772999999
25.31895
16.33663
10.69887
6.23451999994
16.4594299999
15.8171300001
23.17628
18.8336600001
34.86486
17.98329
22.15642
19.79492
11.4986399999
15.50745
16.8044099999
13.4403100001
25.44242
10.52497
22.93666
16.63783
17.2776
10.6587299999
28.2252399999
11.29377
14.6127400001
16.56984
11.2710600001
10.29892
11.4832900001
21.5005099999
15.7509000001
7.63919999986
14.68544
14.4628399999
18.7774699999
28.0700900001
19.14067
12.56567
16.9738
13.62237
19.99722
21.69114
14.32467
19.90845
24.7293700001
14.12647
13.02197
24.46617
13.2056
5.86172000004
24.72199
22.7070699999
22.21074
12.9053700001
13.2261600001
6.5160399999
10.37173
14.59364
14.85953
6.70444999996
23.0967600001
16.7832799999
13.40136
7.48879000009
15.32161
24.52558
21.0885800001
11.1965400001
24.16833
14.7842600001
23.54429
18.8359600001
25.6444699999
47.3814899999
17.5947799999
15.6654000001
14.7554100001
19.41191
21.17219
27.69939
21.0730999999
13.4909000001
11.90606
10.60381
14.7808500002
19.6675000001
7.02616000012
18.0347900001
29.6445000001
21.2914
29.92972
6.61627
10.6468700001
14.90857
13.2956900001
14.82443
14.7857799999
18.2227
15.41596
18.77752
15.81632
20.64951
26.5733500001
11.55097
10.93664
21.1561799999
17.72537
25.46153
14.1297500001
22.88185
5.61239999987
24.3946199999
10.8464700001
12.93831
21.00382
21.5990699999
15.0075799999
15.44259
10.33549
20.3436200001
18.62712
10.7711199999
11.5013499999
3.37821999996
26.7593500001
19.9652499999
27.9089900001
14.57949
19.9368800001
15.06969
13.7056799999
21.4353199999
13.5776499999
10.83698
27.6140899999
18.4059400001
30.51868
9.5209
25.20447
24.5118399999
28.014
17.8502700001
14.2789100001
15.5277000001
20.84956
9.9847700001
23.1906300001
30.8152900001
31.62611
9.48850999994
9.38558
16.2585699999
10.27692
23.48012
5.79878000007
11.4573700001
20.39772
5.96897000005
17.93238
10.46747
17.95048
13.30178
20.17009
14.9725800001
22.6781599999
12.3297499999
7.98369999998
8.71675000002
13.45516
6.74105999991
10.6266200001
21.4827999999
26.9588400001
19.1305
12.45913
22.9866600001
31.5914799999
9.07040999993
16.0352200001
14.82204
32.6772000002
20.06836
17.0381700001
15.2288699999
11.44024
7.18637000001
12.58162
27.64109
10.9017900001
8.28261000011
18.72667
22.32704
6.35216999997
10.1054499999
13.03541
18.1962199999
8.7509000001
15.6354100001
9.54696999991
25.6053500001
10.8375499998
20.1980399999
14.32229
18.61665
26.1087399998
7.93471000006
16.2133599999
7.22944999998
6.98054999998
27.0265899999
4.72448999994
12.73529
24.69793
18.73776
17.9186100001
14.06978
16.8806400001
8.3809600001
16.51384
16.91643
20.02572
10.82394
19.7069699999
11.2806899999
13.0670500002
17.7997600001
28.9296700001
35.38931
19.28749
21.7478
10.59863
17.7777500001
28.0536999999
10.8372599999
21.2762300001
14.2573100001
12.61885
17.5240099999
14.84913
16.9390700001
20.59519
29.5748999999
20.3850100001
24.0025300001
11.7823
7.95003000007
9.75568000006
16.82065
12.08227
20.5951800001
12.1656400001
9.21193999995
21.7877900001
13.4828199999
26.6526999999
6.2850400001
11.77108
17.7628900001
15.23334
17.23406
16.9870500001
10.6723500001
26.75521
11.35103
16.1973999999
15.7511500001
14.7482300001
27.59098
19.86092
18.06786
25.3908699999
20.7895099999
13.4911
16.53152
15.48914
6.96779000002
28.2529900001
12.65223
17.02727
9.96860000002
9.38027999992
17.8963499999
16.87631
21.6017100001
22.5897
9.28258
12.06587
14.3790899998
11.2106899999
23.8435199999
28.9779800001
11.0564999999
10.7859899999
35.7092500001
12.4153100001
15.80802
13.26666
5.04760000005
20.4739400001
27.7539299999
12.72011
15.76573
11.2864699999
18.38096
19.5042000002
9.18294000009
15.6083200001
12.3948
15.02714
5.37000999996
17.34534
9.24261999992
7.96036999999
12.1836399999
11.8844399999
17.1692600001
3.83295000007
23.3557899999
9.69469999999
14.6161099999
4.71623999998
13.4997500001
19.3032000001
4.51541000011
10.3111400001
9.59447999997
14.06715
18.3115899999
5.48146999988
17.1175899999
12.60624
17.80599
