15.79125
13.1325899999
16.89484
3.97389999998
25.9513099999
22.94184
15.90934
15.33134
14.6109900001
26.2429599999
21.6542999999
9.39585000009
20.12394
19.8479000001
8.89198000007
19.78266
11.59932
10.4541900001
14.3391100001
23.3994900001
7.77829000005
7.40172000008
10.9786999999
22.4626099999
30.8721800001
11.48356
20.31154
19.0098199999
18.9211399999
21.4500300001
9.92970999994
18.4854400001
22.2228999999
13.50916
8.50381999998
23.8479400002
9.88265000004
28.62342
16.7826099999
29.608
13.1481600001
12.68245
15.5552399999
36.4752099999
23.3270599999
20.22392
17.99755
21.6003200001
17.8835900001
15.2327599999
