13.5695999998
17.1723200001
12.86165
12.2198799999
17.4243000001
12.6057899999
13.29044
23.2094200001
32.72267
11.1609100001
10.0109700001
7.17333999998
15.0994300001
22.76731
9.37604999996
24.08487
4.56489000004
13.86674
6.01437999995
7.69666000013
18.7394899999
9.07782000001
29.2760599999
28.1311699999
9.42354999995
20.36178
8.32533999998
18.10529
9.02503999998
16.8150699999
25.2875000001
15.1871099999
15.7647200001
14.6168499999
9.55187999993
21.49044
19.8711099999
32.56121
13.04431
11.29372
12.7508799999
25.97056
23.8746399999
12.74557
15.3647800001
6.47676999995
13.20075
17.83531
7.72914000007
9.96798000007
