14.68544
14.4628399999
18.7774699999
28.0700900001
19.14067
12.56567
16.9738
13.62237
19.99722
21.69114
14.32467
19.90845
24.7293700001
14.12647
13.02197
24.46617
13.2056
5.86172000004
24.72199
22.7070699999
22.21074
12.9053700001
13.2261600001
6.5160399999
10.37173
14.59364
14.85953
6.70444999996
23.0967600001
16.7832799999
13.40136
7.48879000009
15.32161
24.52558
21.0885800001
11.1965400001
24.16833
14.7842600001
23.54429
18.8359600001
25.6444699999
47.3814899999
17.5947799999
15.6654000001
14.7554100001
19.41191
21.17219
27.69939
21.0730999999
13.4909000001
