28.0536999999
10.8372599999
21.2762300001
14.2573100001
12.61885
17.5240099999
14.84913
16.9390700001
20.59519
29.5748999999
20.3850100001
24.0025300001
11.7823
7.95003000007
9.75568000006
16.82065
12.08227
20.5951800001
12.1656400001
9.21193999995
21.7877900001
13.4828199999
26.6526999999
6.2850400001
11.77108
17.7628900001
15.23334
17.23406
16.9870500001
10.6723500001
26.75521
11.35103
16.1973999999
15.7511500001
14.7482300001
27.59098
19.86092
18.06786
25.3908699999
20.7895099999
13.4911
16.53152
15.48914
6.96779000002
28.2529900001
12.65223
17.02727
9.96860000002
9.38027999992
17.8963499999
