9.15450000006
17.8635100001
19.6650400001
12.28327
24.1442399999
10.88436
6.85869000002
21.7786000001
9.69551000011
9.85415999999
8.3999399998
14.63057
18.98814
21.1338900001
21.12167
11.13747
13.2155700001
13.67944
33.7162900001
27.7658700001
17.1390099999
11.6132199999
9.64664000005
12.6727
12.6534299999
31.7801499999
14.14518
19.12184
17.2828299999
9.67147000006
5.4469000001
21.89967
21.6634199999
15.6768200001
11.9672
24.23208
11.9021500001
11.15069
10.01524
16.94838
14.3163900001
26.70869
15.56898
24.36656
20.3372899999
13.7258100001
9.31733999995
16.9780999999
21.6494400001
23.9830400001
