6.40630000015
8.25933999987
15.5075699999
11.40978
13.63576
14.6000199999
13.3037100001
21.60029
16.87216
6.16752999998
12.6609199999
13.9195800001
21.9116400001
18.78575
23.17431
11.82911
10.7179200001
23.5309900001
16.9866899999
14.9271199999
18.64079
20.41562
9.95376000006
13.0111699998
14.48517
18.7876500001
13.17605
14.4238400001
9.23200000008
26.7220599999
23.94702
14.3069300001
20.72352
19.06154
8.24651000008
10.93882
9.03205000004
12.74861
19.0127300001
17.14905
11.2117400001
12.52631
23.3792500001
14.79721
10.25713
9.45658
17.5411299999
17.0771400001
15.90814
16.4228300001
