17.2769099999
15.4032399999
26.38567
15.19149
23.88974
14.51627
6.31351999997
17.97906
13.2009899999
22.87069
15.25562
15.56667
12.6311300001
28.55595
31.27832
8.18161999993
18.4936800001
7.41712000011
16.1325900001
15.0181599999
11.02364
17.9133199999
19.0408300001
18.67403
13.3840699999
20.9355600001
14.22855
11.3176599999
14.22485
16.8982599999
9.65671999997
19.4527400001
13.3973600001
16.8655800001
16.7632200001
15.1022399999
12.8983200002
14.06837
18.3745800001
22.14161
19.63777
12.73945
17.5989699999
21.2498900001
9.66252000001
8.95146999997
9.65662999998
16.0306300001
20.29504
9.71816000005
