14.67741
5.40014000004
16.1508300001
18.41396
12.7681400001
19.9524000001
11.4698900001
9.73919999995
13.1593599999
12.6404299999
8.75502000004
17.89134
4.81738999987
13.1736800001
17.07958
11.6418
21.90206
12.4552399999
12.08377
10.52431
7.7983100001
14.3049900001
10.51455
22.0599099998
6.75626000005
17.01771
10.54354
11.11656
28.85095
12.93482
9.08094000001
22.09445
11.5580300001
9.71227999986
25.79902
19.0301100001
9.66693999991
14.10653
11.07625
21.97035
11.26112
22.5662400001
13.9939999999
23.01084
18.8509500001
21.0610700001
13.848
16.4744000001
13.2690000001
8.60825000005
