10.57226
29.28038
9.11251999997
24.37499
28.25673
14.23068
12.7307599999
10.54551
10.97968
6.17188999988
16.1233100001
19.82014
10.87825
22.1141499999
5.31067999988
16.79682
15.4839800001
9.55827999988
23.69953
16.78608
22.0915900001
2.63561
22.2931
20.1169
11.7734599999
8.07283999992
10.4275400001
9.67439000006
15.89274
12.5358099999
25.97248
9.34243000008
24.55321
22.65388
19.76119
17.45513
27.8268200001
9.20718000003
30.4360999999
13.3017899999
15.80375
13.0188399999
11.91121
14.11372
15.18866
19.1831899999
24.0596400001
13.49505
11.4869899999
15.4574500001
