18.3829
14.4512600001
13.1255999999
28.2619300003
23.00124
19.22548
16.93646
16.4879900001
13.72194
2.90879000002
25.44253
12.3916
12.368
20.5817699999
21.98618
10.73039
12.6345500001
19.6657700001
23.55982
14.097
14.0068400002
15.8624700001
19.30888
18.1343500001
11.5189
12.54661
13.75561
17.55536
23.99499
21.54372
15.83504
23.0122700002
12.1950699999
21.5870700001
17.42594
15.1727
10.8966199999
15.6868
13.1172399999
29.87879
7.95944000001
7.30252999999
26.1071699999
15.33242
9.17775000003
21.7109600001
16.9988899999
21.0671
16.9561899999
23.4553
