18.98269
19.9629399999
16.3038699999
22.2142
10.5449900001
11.38823
10.9970100001
14.57014
12.25316
19.5252899999
14.0078200001
19.24881
17.2550799999
17.67367
22.65489
11.39949
21.2927699999
11.51659
16.8328499999
13.20742
16.1427200001
17.90526
15.1788700001
21.3709
23.2859599999
10.36868
25.8914999999
18.54523
24.9934800001
3.88179000001
16.4391299998
12.3277
14.69141
21.66365
12.12462
15.43371
11.56663
12.87725
9.08818000008
13.52244
14.81594
24.6529699999
30.51011
6.10705999995
24.1605499999
25.44205
14.9355400002
13.12112
22.14267
11.33742
