16.1866899999
14.64406
18.50607
30.3684800001
12.8395800001
14.2664300001
22.40023
17.1272600001
23.23484
21.4873400001
17.31703
13.75056
17.8535
10.6971400001
19.18311
6.69510000001
15.8613999999
6.58899999992
20.7217799999
26.5704
14.4437599999
7.30107000005
11.29616
19.4585299999
17.65525
6.70832000009
17.01122
16.65598
22.43433
6.01445999998
10.5456
20.4700300001
9.44513000001
12.8519899999
9.76076999994
12.51384
16.74449
10.7210100001
25.25083
7.82009000005
13.1680900001
8.60593000008
13.2108199999
13.7459100001
31.5820000001
14.33071
9.45602000016
10.2130700001
13.68617
12.3594999999
