14.80562
10.3347100001
17.14537
11.81034
10.1973400001
18.8927300001
21.71316
18.77183
16.7244099998
11.31337
16.3318500002
24.8264
20.84911
25.27376
20.0660799999
11.1209600001
17.7067099999
12.0782700001
7.65259999991
11.6400599999
8.53951999987
10.34381
18.6334899999
12.0401600001
14.42383
16.17006
9.98761999991
6.24985999998
12.0783200001
23.4494800001
15.1453300001
11.24405
7.38951999997
12.2453500001
8.74159999995
27.80535
16.3336
26.98119
7.15166000009
14.60892
16.30015
6.00556000008
12.9402899999
12.3569699998
22.4733899999
20.66136
22.9432100001
16.7392600001
14.29502
17.0753499998
