18.40834
18.34159
27.7520400001
6.24962000013
14.42665
23.73627
21.62215
10.74319
16.32914
12.8240299999
24.8865
21.22489
18.4466199999
21.1217200002
28.2815400001
24.8413300001
11.22824
19.9879000001
18.4957600001
17.19493
26.2254699999
23.0308800001
9.23198999988
20.6301900001
18.36258
26.3247900001
11.08606
12.91221
25.6325600001
7.68553999986
17.1045400001
13.5684700001
22.4701299999
22.6966500001
21.6761800001
11.12044
22.40003
24.1060400002
15.9743
24.9221199999
9.73332999996
11.5204099999
17.7560000001
7.71615999995
15.47678
17.80666
17.72673
8.84602000006
12.75341
17.94441
