17.53763
21.56997
14.79831
11.7457499999
8.59210000001
15.63891
13.40015
12.9455500001
16.5776
13.4938000001
7.20609999984
18.1200299999
18.74553
13.7113600001
18.7477899999
11.20028
7.63284000009
8.46019999997
8.4100400001
24.7871200001
24.4918899999
15.2579600001
20.0787899999
6.87576000008
13.77722
9.82527999999
23.0808
14.65892
3.88407000003
10.85753
10.6929399999
21.7654
13.9054599999
6.3317199999
11.4419600001
28.0517399999
11.6551099999
17.6843699999
16.9064900001
15.1917299998
19.5112900001
21.94051
13.0612600001
25.0770200001
20.7609
17.52519
19.0762300001
25.11701
12.6533199998
4.09633999993
