21.9828
23.54736
23.15159
18.2983700001
16.4575100001
18.08896
10.45359
10.0532600001
18.9746899999
17.23817
34.6068999999
15.22966
8.79275000014
15.57122
13.11858
17.1982399999
10.2798900001
22.7064100001
26.63506
22.39068
26.4291399999
5.71239999996
21.4489399998
10.5372
9.66913000005
21.10996
24.3133200001
10.84077
10.86081
12.2767600003
16.20559
16.04609
20.07759
9.99924000003
14.77727
24.08393
21.56987
13.75998
19.9631000001
13.5898899999
22.23733
18.00174
11.38402
15.41236
14.16411
10.32981
15.7031599999
12.8177
10.6956
16.60104
