15.31695
12.8661899999
24.33614
19.5253500001
9.03431000002
13.46487
17.9099
14.0840499999
5.67695999995
9.72632999998
11.5245300001
12.21409
15.11543
15.25111
30.93645
23.11477
8.02381000004
13.5336200001
27.3684799999
3.92255999998
23.74282
17.48651
12.6155399999
18.2051000001
12.24528
17.9544599999
19.6399900001
15.70921
11.1982999999
17.2611199999
13.38228
15.03012
20.59054
17.14234
17.40441
4.40772999998
22.72879
9.98120000004
15.28735
12.92019
18.73969
10.66001
14.65939
15.51699
26.58799
17.39123
10.20399
22.7075800002
11.9611600001
22.8916099999
