27.9289600002
7.75080999988
16.8634900001
9.63404999999
18.4060900001
18.99758
12.5189499999
17.4877000001
17.1995300001
15.4500999999
13.39538
14.9486900001
18.2517200002
16.8380899999
20.0183900001
15.59629
20.45443
10.8358999999
12.74899
19.8998
25.57205
23.4832799999
25.10246
14.0632099998
9.51396000001
14.77972
20.93157
23.1813299999
7.21778000006
22.37366
18.09078
12.30496
22.2963
29.7394799999
8.87231999997
14.3786700001
24.84585
7.18298000004
8.46427
17.07724
16.4302899999
10.723
16.70811
12.03195
25.3251199999
8.01564999996
10.73295
16.20391
10.9367199999
7.97103000002
