13.5945899999
20.99508
26.75963
12.55595
4.79739999992
10.6562
8.61369999999
12.6239299999
11.4080000001
14.32605
11.9381199999
12.34505
22.28137
16.45052
27.3291
15.7575599999
26.01839
15.0893400001
10.78535
9.18547000003
13.2661
8.40266999998
8.41603999992
16.5695399998
18.9167800001
17.95546
7.90116000001
7.69287000003
18.4850400001
20.26047
19.2045499999
19.6298600001
32.99956
7.97672999988
17.92576
20.0258000001
27.87528
16.9349700001
8.40087000013
17.38696
12.9247300001
13.96086
12.7318899999
16.77206
20.50844
19.9827000001
10.99615
22.52069
21.98683
11.6565500002
