16.2471799999
20.8793800001
17.9197999999
22.8550999999
19.78686
26.62309
22.6256899999
22.65533
11.3447300001
15.1922900002
28.72291
11.43936
23.32889
12.64963
14.9031400001
21.31751
24.38232
10.40408
16.6100000001
17.5687600001
22.3508300001
7.70238999999
24.6412200001
23.50216
6.65469
15.32449
17.27224
15.86601
21.9484
16.94575
22.4313000001
14.43482
10.69573
27.86993
24.2283600001
18.94345
12.71696
19.7176300001
7.06457999989
14.1607799999
21.8525099999
17.3319800001
13.18785
24.46323
8.84175000002
10.46735
11.4086900001
18.3911
9.47760999994
26.62951
16.28149
14.8931200001
17.4002499999
7.73008999997
8.73091000016
25.5123600001
10.5039899999
17.51424
20.13274
9.04046000005
9.95707
8.83912999998
8.37395000004
14.5058200001
8.97970999999
12.0493199999
20.4789400001
12.8317200001
17.6129000001
8.2091199999
4.66547000001
12.8821599999
11.9014699999
15.9297900002
8.96819000004
12.22479
14.89625
23.07153
11.1193500001
14.03423
9.19732000004
16.5711899999
13.04573
14.43028
12.9999000001
10.97386
27.0910299999
19.0153
21.40923
9.43845000013
19.96124
9.31224999996
14.0472
12.21274
18.78735
17.02602
13.75957
24.9440199999
27.54165
22.69712
16.1866899999
14.64406
18.50607
30.3684800001
12.8395800001
14.2664300001
22.40023
17.1272600001
23.23484
21.4873400001
17.31703
13.75056
17.8535
10.6971400001
19.18311
6.69510000001
15.8613999999
6.58899999992
20.7217799999
26.5704
14.4437599999
7.30107000005
11.29616
19.4585299999
17.65525
6.70832000009
17.01122
16.65598
22.43433
6.01445999998
10.5456
20.4700300001
9.44513000001
12.8519899999
9.76076999994
12.51384
16.74449
10.7210100001
25.25083
7.82009000005
13.1680900001
8.60593000008
13.2108199999
13.7459100001
31.5820000001
14.33071
9.45602000016
10.2130700001
13.68617
12.3594999999
14.67741
5.40014000004
16.1508300001
18.41396
12.7681400001
19.9524000001
11.4698900001
9.73919999995
13.1593599999
12.6404299999
8.75502000004
17.89134
4.81738999987
13.1736800001
17.07958
11.6418
21.90206
12.4552399999
12.08377
10.52431
7.7983100001
14.3049900001
10.51455
22.0599099998
6.75626000005
17.01771
10.54354
11.11656
28.85095
12.93482
9.08094000001
22.09445
11.5580300001
9.71227999986
25.79902
19.0301100001
9.66693999991
14.10653
11.07625
21.97035
11.26112
22.5662400001
13.9939999999
23.01084
18.8509500001
21.0610700001
13.848
16.4744000001
13.2690000001
8.60825000005
24.09718
15.8159899999
14.49379
5.75743
12.2883600001
12.12969
12.6963600001
6.21608000004
10.56568
21.4966300001
14.6256299999
9.51190000004
18.0252899999
11.93936
3.96231999993
18.0522
8.43274999992
19.79888
22.69875
23.25402
18.4625799999
28.8891500001
24.4350400001
11.73701
12.7106
8.67445000005
19.88888
26.67944
18.4781899999
8.28491999989
13.43245
16.40192
20.94591
15.33585
15.8163900001
16.0676099999
16.90757
16.4392300001
14.78731
16.65692
17.2002900001
13.59356
23.71338
15.6866
10.45497
11.5758
20.0064800001
10.36731
11.4472000001
16.98391
6.40630000015
8.25933999987
15.5075699999
11.40978
13.63576
14.6000199999
13.3037100001
21.60029
16.87216
6.16752999998
12.6609199999
13.9195800001
21.9116400001
18.78575
23.17431
11.82911
10.7179200001
23.5309900001
16.9866899999
14.9271199999
18.64079
20.41562
9.95376000006
13.0111699998
14.48517
18.7876500001
13.17605
14.4238400001
9.23200000008
26.7220599999
23.94702
14.3069300001
20.72352
19.06154
8.24651000008
10.93882
9.03205000004
12.74861
19.0127300001
17.14905
11.2117400001
12.52631
23.3792500001
14.79721
10.25713
9.45658
17.5411299999
17.0771400001
15.90814
16.4228300001
15.37859
13.19126
13.00555
9.03821999975
33.46641
4.14471999998
28.1489200002
13.1956000001
17.3293199999
12.7588199999
7.23380000005
15.9725799999
18.86671
9.24774000002
10.7735
13.99122
18.1284299999
11.9626099999
17.7329400001
18.71559
33.06985
22.9676399999
27.4099399999
7.24954999995
13.4665900001
20.2998200001
8.36493000004
27.68687
15.3401500001
27.2909
13.07129
17.9896699999
13.4408100001
19.58343
19.94611
16.3554200002
15.2028799999
8.50063000002
13.75936
21.1650399999
12.3162000001
18.29727
13.18491
7.61485999997
19.69446
24.5934700001
20.5604399999
16.3812500001
17.79489
20.28435
17.2769099999
15.4032399999
26.38567
15.19149
23.88974
14.51627
6.31351999997
17.97906
13.2009899999
22.87069
15.25562
15.56667
12.6311300001
28.55595
31.27832
8.18161999993
18.4936800001
7.41712000011
16.1325900001
15.0181599999
11.02364
17.9133199999
19.0408300001
18.67403
13.3840699999
20.9355600001
14.22855
11.3176599999
14.22485
16.8982599999
9.65671999997
19.4527400001
13.3973600001
16.8655800001
16.7632200001
15.1022399999
12.8983200002
14.06837
18.3745800001
22.14161
19.63777
12.73945
17.5989699999
21.2498900001
9.66252000001
8.95146999997
9.65662999998
16.0306300001
20.29504
9.71816000005
13.5945899999
20.99508
26.75963
12.55595
4.79739999992
10.6562
8.61369999999
12.6239299999
11.4080000001
14.32605
11.9381199999
12.34505
22.28137
16.45052
27.3291
15.7575599999
26.01839
15.0893400001
10.78535
9.18547000003
13.2661
8.40266999998
8.41603999992
16.5695399998
18.9167800001
17.95546
7.90116000001
7.69287000003
18.4850400001
20.26047
19.2045499999
19.6298600001
32.99956
7.97672999988
17.92576
20.0258000001
27.87528
16.9349700001
8.40087000013
17.38696
12.9247300001
13.96086
12.7318899999
16.77206
20.50844
19.9827000001
10.99615
22.52069
21.98683
11.6565500002
15.31695
12.8661899999
24.33614
19.5253500001
9.03431000002
13.46487
17.9099
14.0840499999
5.67695999995
9.72632999998
11.5245300001
12.21409
15.11543
15.25111
30.93645
23.11477
8.02381000004
13.5336200001
27.3684799999
3.92255999998
23.74282
17.48651
12.6155399999
18.2051000001
12.24528
17.9544599999
19.6399900001
15.70921
11.1982999999
17.2611199999
13.38228
15.03012
20.59054
17.14234
17.40441
4.40772999998
22.72879
9.98120000004
15.28735
12.92019
18.73969
10.66001
14.65939
15.51699
26.58799
17.39123
10.20399
22.7075800002
11.9611600001
22.8916099999
27.9289600002
7.75080999988
16.8634900001
9.63404999999
18.4060900001
18.99758
12.5189499999
17.4877000001
17.1995300001
15.4500999999
13.39538
14.9486900001
18.2517200002
16.8380899999
20.0183900001
15.59629
20.45443
10.8358999999
12.74899
19.8998
25.57205
23.4832799999
25.10246
14.0632099998
9.51396000001
14.77972
20.93157
23.1813299999
7.21778000006
22.37366
18.09078
12.30496
22.2963
29.7394799999
8.87231999997
14.3786700001
24.84585
7.18298000004
8.46427
17.07724
16.4302899999
10.723
16.70811
12.03195
25.3251199999
8.01564999996
10.73295
16.20391
10.9367199999
7.97103000002
17.53763
21.56997
14.79831
11.7457499999
8.59210000001
15.63891
13.40015
12.9455500001
16.5776
13.4938000001
7.20609999984
18.1200299999
18.74553
13.7113600001
18.7477899999
11.20028
7.63284000009
8.46019999997
8.4100400001
24.7871200001
24.4918899999
15.2579600001
20.0787899999
6.87576000008
13.77722
9.82527999999
23.0808
14.65892
3.88407000003
10.85753
10.6929399999
21.7654
13.9054599999
6.3317199999
11.4419600001
28.0517399999
11.6551099999
17.6843699999
16.9064900001
15.1917299998
19.5112900001
21.94051
13.0612600001
25.0770200001
20.7609
17.52519
19.0762300001
25.11701
12.6533199998
4.09633999993
18.98269
19.9629399999
16.3038699999
22.2142
10.5449900001
11.38823
10.9970100001
14.57014
12.25316
19.5252899999
14.0078200001
19.24881
17.2550799999
17.67367
22.65489
11.39949
21.2927699999
11.51659
16.8328499999
13.20742
16.1427200001
17.90526
15.1788700001
21.3709
23.2859599999
10.36868
25.8914999999
18.54523
24.9934800001
3.88179000001
16.4391299998
12.3277
14.69141
21.66365
12.12462
15.43371
11.56663
12.87725
9.08818000008
13.52244
14.81594
24.6529699999
30.51011
6.10705999995
24.1605499999
25.44205
14.9355400002
13.12112
22.14267
11.33742
21.9828
23.54736
23.15159
18.2983700001
16.4575100001
18.08896
10.45359
10.0532600001
18.9746899999
17.23817
34.6068999999
15.22966
8.79275000014
15.57122
13.11858
17.1982399999
10.2798900001
22.7064100001
26.63506
22.39068
26.4291399999
5.71239999996
21.4489399998
10.5372
9.66913000005
21.10996
24.3133200001
10.84077
10.86081
12.2767600003
16.20559
16.04609
20.07759
9.99924000003
14.77727
24.08393
21.56987
13.75998
19.9631000001
13.5898899999
22.23733
18.00174
11.38402
15.41236
14.16411
10.32981
15.7031599999
12.8177
10.6956
16.60104
10.57226
29.28038
9.11251999997
24.37499
28.25673
14.23068
12.7307599999
10.54551
10.97968
6.17188999988
16.1233100001
19.82014
10.87825
22.1141499999
5.31067999988
16.79682
15.4839800001
9.55827999988
23.69953
16.78608
22.0915900001
2.63561
22.2931
20.1169
11.7734599999
8.07283999992
10.4275400001
9.67439000006
15.89274
12.5358099999
25.97248
9.34243000008
24.55321
22.65388
19.76119
17.45513
27.8268200001
9.20718000003
30.4360999999
13.3017899999
15.80375
13.0188399999
11.91121
14.11372
15.18866
19.1831899999
24.0596400001
13.49505
11.4869899999
15.4574500001
14.80562
10.3347100001
17.14537
11.81034
10.1973400001
18.8927300001
21.71316
18.77183
16.7244099998
11.31337
16.3318500002
24.8264
20.84911
25.27376
20.0660799999
11.1209600001
17.7067099999
12.0782700001
7.65259999991
11.6400599999
8.53951999987
10.34381
18.6334899999
12.0401600001
14.42383
16.17006
9.98761999991
6.24985999998
12.0783200001
23.4494800001
15.1453300001
11.24405
7.38951999997
12.2453500001
8.74159999995
27.80535
16.3336
26.98119
7.15166000009
14.60892
16.30015
6.00556000008
12.9402899999
12.3569699998
22.4733899999
20.66136
22.9432100001
16.7392600001
14.29502
17.0753499998
18.40834
18.34159
27.7520400001
6.24962000013
14.42665
23.73627
21.62215
10.74319
16.32914
12.8240299999
24.8865
21.22489
18.4466199999
21.1217200002
28.2815400001
24.8413300001
11.22824
19.9879000001
18.4957600001
17.19493
26.2254699999
23.0308800001
9.23198999988
20.6301900001
18.36258
26.3247900001
11.08606
12.91221
25.6325600001
7.68553999986
17.1045400001
13.5684700001
22.4701299999
22.6966500001
21.6761800001
11.12044
22.40003
24.1060400002
15.9743
24.9221199999
9.73332999996
11.5204099999
17.7560000001
7.71615999995
15.47678
17.80666
17.72673
8.84602000006
12.75341
17.94441
9.15450000006
17.8635100001
19.6650400001
12.28327
24.1442399999
10.88436
6.85869000002
21.7786000001
9.69551000011
9.85415999999
8.3999399998
14.63057
18.98814
21.1338900001
21.12167
11.13747
13.2155700001
13.67944
33.7162900001
27.7658700001
17.1390099999
11.6132199999
9.64664000005
12.6727
12.6534299999
31.7801499999
14.14518
19.12184
17.2828299999
9.67147000006
5.4469000001
21.89967
21.6634199999
15.6768200001
11.9672
24.23208
11.9021500001
11.15069
10.01524
16.94838
14.3163900001
26.70869
15.56898
24.36656
20.3372899999
13.7258100001
9.31733999995
16.9780999999
21.6494400001
23.9830400001
5.99989000009
13.9265399999
16.31666
22.3391500001
18.8057999999
11.06482
19.92479
11.35586
16.1619999999
9.03785999992
22.3977
10.5486100001
17.00535
17.5887000001
24.0819700001
17.7295699999
24.83968
5.94405000005
19.46137
17.3395400001
16.8844900001
21.0990800001
9.53694999986
10.0341
19.5583499999
10.13943
18.5247600001
9.95020999992
16.3818099999
19.8152400001
16.9838200001
14.94966
16.15012
18.15841
18.1728299999
16.08514
16.33436
10.74266
14.6382099999
15.86527
12.0951299999
24.72452
14.41567
10.31335
11.7310799999
14.64926
17.68754
17.3250200001
15.18195
16.54585
18.3829
14.4512600001
13.1255999999
28.2619300003
23.00124
19.22548
16.93646
16.4879900001
13.72194
2.90879000002
25.44253
12.3916
12.368
20.5817699999
21.98618
10.73039
12.6345500001
19.6657700001
23.55982
14.097
14.0068400002
15.8624700001
19.30888
18.1343500001
11.5189
12.54661
13.75561
17.55536
23.99499
21.54372
15.83504
23.0122700002
12.1950699999
21.5870700001
17.42594
15.1727
10.8966199999
15.6868
13.1172399999
29.87879
7.95944000001
7.30252999999
26.1071699999
15.33242
9.17775000003
21.7109600001
16.9988899999
21.0671
16.9561899999
23.4553
