5.99989000009
13.9265399999
16.31666
22.3391500001
18.8057999999
11.06482
19.92479
11.35586
16.1619999999
9.03785999992
22.3977
10.5486100001
17.00535
17.5887000001
24.0819700001
17.7295699999
24.83968
5.94405000005
19.46137
17.3395400001
16.8844900001
21.0990800001
9.53694999986
10.0341
19.5583499999
10.13943
18.5247600001
9.95020999992
16.3818099999
19.8152400001
16.9838200001
14.94966
16.15012
18.15841
18.1728299999
16.08514
16.33436
10.74266
14.6382099999
15.86527
12.0951299999
24.72452
14.41567
10.31335
11.7310799999
14.64926
17.68754
17.3250200001
15.18195
16.54585
