15.37859
13.19126
13.00555
9.03821999975
33.46641
4.14471999998
28.1489200002
13.1956000001
17.3293199999
12.7588199999
7.23380000005
15.9725799999
18.86671
9.24774000002
10.7735
13.99122
18.1284299999
11.9626099999
17.7329400001
18.71559
33.06985
22.9676399999
27.4099399999
7.24954999995
13.4665900001
20.2998200001
8.36493000004
27.68687
15.3401500001
27.2909
13.07129
17.9896699999
13.4408100001
19.58343
19.94611
16.3554200002
15.2028799999
8.50063000002
13.75936
21.1650399999
12.3162000001
18.29727
13.18491
7.61485999997
19.69446
24.5934700001
20.5604399999
16.3812500001
17.79489
20.28435
