16.2471799999
20.8793800001
17.9197999999
22.8550999999
19.78686
26.62309
22.6256899999
22.65533
11.3447300001
15.1922900002
28.72291
11.43936
23.32889
12.64963
14.9031400001
21.31751
24.38232
10.40408
16.6100000001
17.5687600001
22.3508300001
7.70238999999
24.6412200001
23.50216
6.65469
15.32449
17.27224
15.86601
21.9484
16.94575
22.4313000001
14.43482
10.69573
27.86993
24.2283600001
18.94345
12.71696
19.7176300001
7.06457999989
14.1607799999
21.8525099999
17.3319800001
13.18785
24.46323
8.84175000002
10.46735
11.4086900001
18.3911
9.47760999994
26.62951
