16.28149
14.8931200001
17.4002499999
7.73008999997
8.73091000016
25.5123600001
10.5039899999
17.51424
20.13274
9.04046000005
9.95707
8.83912999998
8.37395000004
14.5058200001
8.97970999999
12.0493199999
20.4789400001
12.8317200001
17.6129000001
8.2091199999
4.66547000001
12.8821599999
11.9014699999
15.9297900002
8.96819000004
12.22479
14.89625
23.07153
11.1193500001
14.03423
9.19732000004
16.5711899999
13.04573
14.43028
12.9999000001
10.97386
27.0910299999
19.0153
21.40923
9.43845000013
19.96124
9.31224999996
14.0472
12.21274
18.78735
17.02602
13.75957
24.9440199999
27.54165
22.69712
