24.09718
15.8159899999
14.49379
5.75743
12.2883600001
12.12969
12.6963600001
6.21608000004
10.56568
21.4966300001
14.6256299999
9.51190000004
18.0252899999
11.93936
3.96231999993
18.0522
8.43274999992
19.79888
22.69875
23.25402
18.4625799999
28.8891500001
24.4350400001
11.73701
12.7106
8.67445000005
19.88888
26.67944
18.4781899999
8.28491999989
13.43245
16.40192
20.94591
15.33585
15.8163900001
16.0676099999
16.90757
16.4392300001
14.78731
16.65692
17.2002900001
13.59356
23.71338
15.6866
10.45497
11.5758
20.0064800001
10.36731
11.4472000001
16.98391
