14.0046699999
22.62131
12.6038600001
10.47955
19.6812400001
18.3902400001
15.93001
14.58321
18.92397
3.27245999989
8.51035
11.7543899999
13.9563200001
8.08186999999
20.5568499999
13.44881
23.6510900001
14.8170800001
22.49826
18.2064600001
9.02472999983
8.90190000006
12.8112499999
7.73657000007
11.9101000001
13.22221
6.66391
21.76793
13.9456799999
11.3709499999
13.0066299998
8.85630999994
21.8474900001
5.84256999998
9.75228000002
11.7540399999
18.69308
9.62474999996
13.52206
12.39579
23.2398
17.6178100001
14.43484
10.76391
17.3473800001
16.8197500001
21.15978
13.2354
18.4791799999
7.78625
