19.1123799999
8.05842000002
16.1007299999
18.7249400001
7.04869000008
12.49066
26.89561
10.4636599999
12.22611
22.51107
15.1639100001
13.84286
13.8002399999
21.6090299999
16.02835
13.50021
19.2956099999
6.87853999983
18.46473
16.1615800001
7.51119999995
19.4938100001
14.8417199999
10.50188
15.33637
18.6698200001
6.89568000007
20.2442599999
12.96069
8.11567000009
18.51453
19.84799
9.3775099999
16.9693700001
11.91512
6.70682999992
9.45540999994
18.5274099999
17.4978
16.3711400001
24.75003
14.0187100001
12.44722
19.9136999999
9.34658000001
22.3845699999
26.6414300001
22.08013
30.1034
14.12821
