17.82857
10.00025
19.5604
17.7483
24.03262
23.8963499999
17.71823
5.2331500001
14.9670699999
8.05692
6.94530999998
15.90462
15.7120300001
21.8132600001
19.92645
7.29136999999
20.3176900001
10.26169
16.0990800001
25.8804799999
7.49141999998
11.9012099999
19.4168300001
15.3576200001
13.36176
20.27363
17.68041
19.14608
21.11472
17.54594
8.39523999975
18.7776000001
15.1775
8.09528000001
15.3743
14.3128600001
8.41465000005
14.0239599999
8.06757999992
29.63114
4.97758999991
8.69745999994
13.7003500001
15.02094
12.23065
8.98089000001
16.01275
17.04857
12.18174
15.96332
