17.6035800001
17.9483
13.4570899999
19.47011
22.43998
19.6076399998
13.2498000001
8.9786899999
18.70368
13.98876
3.39942000015
19.76942
20.8307999999
12.85661
22.41765
16.0282399999
5.49508000002
16.9597400001
20.07192
7.01438999991
11.2247199999
15.1372700001
15.22081
14.8494000001
31.6271100001
11.7339999999
15.3803500001
18.5305199999
10.04104
25.1740400001
16.2905500002
28.76151
14.3007799999
11.2979400001
7.78084000002
12.3115
20.41321
17.0762400001
11.3386100001
22.63853
9.98963000008
8.91928999999
25.42026
15.31811
30.58944
11.04194
11.19261
11.7826799999
12.52828
7.59458000003
