20.8909400001
17.92947
10.37926
6.18251999991
15.02434
12.57666
14.84854
8.36892000004
13.06186
22.25734
15.9431999999
18.63784
4.27768000006
8.3768999998
18.6502400001
11.90592
7.99715999991
9.45521000004
21.4446100001
10.56494
9.14659000002
10.75133
17.65347
16.86615
13.9656500001
19.10932
24.53567
20.5561200001
18.83763
25.46464
15.3994700001
17.98499
9.97184000001
13.1073799999
11.0763399999
9.14058000001
10.9101000001
15.1452800001
18.0915299999
13.90227
16.7663800002
9.42821000004
7.69044000003
15.1265799999
8.60705999983
9.88100000005
14.2299699998
16.5450899999
17.5722399999
18.8580000001
