9.5662900001
16.2365500001
10.1278199999
18.8663999999
13.13949
23.5327099999
17.3858699999
7.93122999987
12.5736499999
19.91653
10.1004200001
9.18631999986
16.68874
15.08951
19.4482699999
18.0855800002
20.95743
11.0888
25.70449
12.94845
16.73882
8.4209100001
10.31169
20.91371
11.275
18.49574
24.12245
15.3376000001
18.49545
11.1791500002
14.2890900002
10.5025599999
10.5654900001
24.5227
22.67868
11.7084
21.1632
14.47919
21.62777
21.6428499999
17.1525000001
11.3986
20.65125
7.54512000002
12.53684
16.30348
20.22171
13.3146999999
12.22119
27.4659900001
