13.9713900001
6.79176000005
15.6685599999
19.9648099999
19.49546
12.8038300001
15.00858
10.86256
11.0269300001
9.25232000009
22.1268600001
14.44653
22.57096
8.21157000004
14.2514599999
19.59994
22.91046
17.99425
25.63018
20.3042599999
24.07467
9.3628
12.1623200001
8.67677000002
8.74456000002
14.61722
11.8197999999
14.70546
21.22512
18.8624500001
6.59967999998
22.3953699999
12.6671
11.25503
15.1436700001
16.39643
17.88113
12.5405100001
13.9671700001
17.86182
15.79825
8.03892000008
5.57868999999
17.5259700001
15.8809199999
26.4852100001
18.9729999999
4.56619000016
18.8548000001
15.18395
