11.63136
4.27318000013
9.98956999998
27.6709399999
13.58207
14.56043
28.16897
8.34882000007
16.11017
23.7340799998
10.02278
16.0456899999
18.19233
6.70032000006
19.4991100001
12.84766
18.8316400001
6.49231999996
13.1128499999
8.22503000009
9.82103000011
16.1045199998
16.25556
23.2386
15.37658
9.58987000014
16.01424
22.2694099999
7.26355999999
12.3947299999
9.55198000011
10.52094
22.78966
12.63309
25.9073799999
6.30509000004
11.8738799999
21.5561700001
21.09788
21.9777100001
21.10208
19.9578
14.67136
12.14093
19.1761599999
17.951
22.3065000001
19.41097
18.5726800001
11.6850699999
