5.21783999994
22.1853100001
15.0390600001
10.1269400001
8.83267999999
8.08022
10.97802
18.7054000001
9.83034999995
23.88935
15.1082
19.64686
14.6722700001
25.9394400001
12.8953999998
24.2533400001
20.55423
16.95201
10.98018
9.74072999996
22.94101
8.13053000008
19.4771099999
18.82742
8.14470999979
17.25485
16.68557
29.7174900001
16.7466
14.4557
10.01167
22.39536
5.34952999989
17.2101800001
19.8587900001
18.3859700001
19.3308199999
17.2344000002
15.9589099999
10.17097
13.63902
10.7692400001
12.1107600001
10.8300400001
16.72268
10.9407500001
15.56826
12.3417099999
26.9667999999
18.3793499999
