15.53043
11.2538099999
19.4071699999
12.8731699999
9.16668999998
20.5688900001
9.64921999979
16.1984600001
13.76529
7.52736999991
17.3535499999
14.8967700001
11.82296
16.2990700001
18.74434
23.62188
20.7959199999
14.25452
15.31309
27.8946199999
23.6005200001
18.5387
10.2924899999
29.65258
12.5390800001
22.0910100001
8.08499
15.86564
29.0899000001
19.94567
14.93411
15.63449
17.6431
18.99572
16.5256299999
12.58078
19.3252900001
15.7516800001
16.69541
10.7559199999
21.17455
11.7106999999
12.65021
21.64983
10.27373
14.58244
15.29218
19.17018
23.73066
10.3680499999
