24.7737899999
28.60207
15.9774099999
11.74995
9.27521000011
7.94825000002
15.85347
9.27364000003
32.3954500001
17.78072
10.7449200001
6.43992999999
18.92148
13.0722299999
19.9236999999
16.1112100001
13.02173
8.24899999984
18.8118500001
9.60563000012
12.8973999999
14.8572000001
17.66938
23.00349
16.5826700001
22.82555
21.4679200001
11.7088200001
20.1840400001
18.1379200001
20.61847
13.23014
13.41467
14.30649
13.0625999999
11.9557
16.8968100001
19.1078799999
15.1500100001
11.1188300001
19.8584
23.68109
20.0607
18.46902
6.75466999994
20.80165
7.29444999993
17.8617899999
21.0416299999
18.73843
