13.09664
19.4167899999
16.6567200001
13.7935599999
16.98687
19.07788
8.49060999998
13.3535300001
13.3538799998
15.9310399999
15.80795
18.6722500001
20.3556100001
15.17498
8.78582999995
3.26579000009
15.30276
16.70516
12.71337
21.3189599999
10.5570800001
11.65547
6.50907000003
14.0580900001
24.04583
17.0348700001
21.2328400002
9.53627999988
9.0192499999
21.2039900001
14.85792
9.73459000001
17.9859699999
15.70395
12.8574199999
27.87011
11.08288
6.80638999993
8.74944000004
8.81909000012
10.8792299998
22.2537999998
17.8503800001
11.37671
25.9176599999
13.42988
6.14307000011
9.3970600001
6.83583999996
14.86262
