12.76595
8.39211000013
8.26909999992
14.67403
7.14194
19.1238499999
4.97130999982
14.4717700001
17.5909900001
10.47405
9.65879000013
15.6459600001
16.9486
8.71437000006
14.12408
17.33858
10.6623699999
13.4948699999
9.31070999987
13.6689799998
11.78282
7.70118999993
14.4799800001
14.76746
22.1465499999
7.56718000001
16.45092
13.9177000001
10.57809
10.79709
13.69352
22.5450699999
9.49436000013
8.72142000007
13.2726500001
10.5792500001
17.95578
11.6063600001
11.49445
5.50185999996
13.04998
16.2110299999
12.9750000001
18.61042
13.44889
20.1826899999
15.79797
17.3216200001
24.1510800001
8.38270999992
