21.81462
31.4953900001
11.26024
9.74949000007
15.5030699999
11.7331300001
25.01135
12.34066
14.5642599999
8.55093000003
11.64477
26.983
12.50744
11.89131
22.07439
9.22456
22.86813
17.25599
9.36389000004
20.76299
17.88922
10.16153
14.82019
7.3515600001
12.91289
14.85233
15.86595
9.44513000001
23.06658
16.7115800001
9.94383999996
29.64009
11.9321499999
25.9758
13.5022000001
14.5097200001
25.88992
29.5462400001
13.8177600001
10.92686
5.4989499998
15.58121
8.00194999995
10.15046
10.8082999999
14.9002099999
9.97261000006
9.37753000006
18.66824
11.69858
