15.02871
19.3208900001
23.85385
26.5627600001
14.4472500001
12.6562699999
15.8383000001
17.1748899999
17.4291900002
19.7533199999
14.3583
16.41608
17.7798200001
18.45366
11.33403
20.28419
23.6128799999
13.42004
16.7374499999
12.63739
22.9116400001
13.65201
22.4350300001
16.45942
8.40061000001
19.13419
9.86064000009
15.7323
10.55831
15.83072
13.62318
13.0935300001
17.59553
12.6879100001
14.1050100001
11.54882
13.04434
10.11147
15.2391000001
10.3437
15.23541
9.12491999997
13.7415500002
12.45328
21.8142499999
15.32825
14.4087
18.20735
18.6483499999
8.95367000008
