7.40231000003
16.5917799999
14.01299
12.1824200001
27.4786699999
19.2447200001
18.4672399999
26.23269
14.1175099998
15.5648999999
18.9809900001
25.4313899999
19.3887500002
11.9625799999
16.5507
6.72558000009
14.6257600001
9.70001999999
12.3395100001
17.9121899999
5.68390000006
13.85409
21.3417999999
11.5686599999
26.69446
13.2561100001
10.4278799999
8.77679000003
17.0322299999
7.15541000001
6.80885999999
18.15618
8.43226000003
8.23913
11.58975
19.0658400001
15.6015700001
17.16762
17.68062
13.1610300001
15.9000199999
7.80375999992
16.6288000001
6.55936000007
19.09497
18.6643199999
10.0480600001
13.0713199999
19.8171599999
10.6399699999
