14.05429
12.99606
16.29947
8.98937999993
14.90729
5.27413999999
15.6585200001
14.4610899999
22.8836299998
17.86466
15.97029
14.90679
10.5728399999
18.2615
19.5048400001
27.47371
16.07404
15.99324
18.2258400001
17.56637
26.07911
10.97262
16.87375
18.9344199999
22.0010299999
12.2959199999
22.5329400001
14.18649
23.7610300001
13.23702
10.9082199999
5.16952
14.6822
15.2655499999
8.59002
20.4940399999
26.65892
17.7886500001
21.14308
14.0917599999
19.55406
17.28103
21.14296
22.50392
11.40645
17.4807
22.00077
26.1021899999
9.08924999996
9.75467999978
