14.93143
17.62913
8.40294000006
22.5637300001
8.35357999988
19.85227
7.10531999997
8.9762700001
11.8729300001
17.19335
11.09675
19.31813
10.14612
22.52378
21.6811600002
18.88267
10.2127800002
24.8531599999
15.3207300002
11.2116899999
18.9439300001
17.1396700001
13.9470299999
9.32695999998
18.72749
17.65027
17.8642
7.87827999995
19.4625699999
18.3495
14.1688
26.4497099998
16.8512100001
19.01781
13.34035
9.23382999992
12.2728899999
4.09907
17.50219
23.55972
18.46365
10.33543
18.9735299998
16.20334
8.8395
17.96904
16.1805799999
18.7030900001
11.97708
14.7663200001
