17.82857
10.00025
19.5604
17.7483
24.03262
23.8963499999
17.71823
5.2331500001
14.9670699999
8.05692
6.94530999998
15.90462
15.7120300001
21.8132600001
19.92645
7.29136999999
20.3176900001
10.26169
16.0990800001
25.8804799999
7.49141999998
11.9012099999
19.4168300001
15.3576200001
13.36176
20.27363
17.68041
19.14608
21.11472
17.54594
8.39523999975
18.7776000001
15.1775
8.09528000001
15.3743
14.3128600001
8.41465000005
14.0239599999
8.06757999992
29.63114
4.97758999991
8.69745999994
13.7003500001
15.02094
12.23065
8.98089000001
16.01275
17.04857
12.18174
15.96332
14.0046699999
22.62131
12.6038600001
10.47955
19.6812400001
18.3902400001
15.93001
14.58321
18.92397
3.27245999989
8.51035
11.7543899999
13.9563200001
8.08186999999
20.5568499999
13.44881
23.6510900001
14.8170800001
22.49826
18.2064600001
9.02472999983
8.90190000006
12.8112499999
7.73657000007
11.9101000001
13.22221
6.66391
21.76793
13.9456799999
11.3709499999
13.0066299998
8.85630999994
21.8474900001
5.84256999998
9.75228000002
11.7540399999
18.69308
9.62474999996
13.52206
12.39579
23.2398
17.6178100001
14.43484
10.76391
17.3473800001
16.8197500001
21.15978
13.2354
18.4791799999
7.78625
15.53043
11.2538099999
19.4071699999
12.8731699999
9.16668999998
20.5688900001
9.64921999979
16.1984600001
13.76529
7.52736999991
17.3535499999
14.8967700001
11.82296
16.2990700001
18.74434
23.62188
20.7959199999
14.25452
15.31309
27.8946199999
23.6005200001
18.5387
10.2924899999
29.65258
12.5390800001
22.0910100001
8.08499
15.86564
29.0899000001
19.94567
14.93411
15.63449
17.6431
18.99572
16.5256299999
12.58078
19.3252900001
15.7516800001
16.69541
10.7559199999
21.17455
11.7106999999
12.65021
21.64983
10.27373
14.58244
15.29218
19.17018
23.73066
10.3680499999
11.2650599999
17.4209200002
24.2153699999
23.39743
17.23065
22.6252300001
19.0523300001
7.44596000004
6.60652999999
15.08815
12.3756200001
9.46379000007
7.30061999988
8.39983000001
13.7620999999
11.45357
13.28775
14.7387799999
18.73742
8.91876999999
18.8884599998
5.86972000008
22.72708
6.77091000008
17.24763
15.27816
9.42914999998
15.68204
15.111
18.40469
12.5095299999
12.2576300001
12.41143
20.93303
15.8906599999
13.9233499999
10.77543
30.5555
17.0151
23.4026700001
13.6033000001
15.8785799998
15.1952900001
12.78102
16.53767
15.0445900001
9.76176000002
14.6686800001
18.94748
25.85263
19.1123799999
8.05842000002
16.1007299999
18.7249400001
7.04869000008
12.49066
26.89561
10.4636599999
12.22611
22.51107
15.1639100001
13.84286
13.8002399999
21.6090299999
16.02835
13.50021
19.2956099999
6.87853999983
18.46473
16.1615800001
7.51119999995
19.4938100001
14.8417199999
10.50188
15.33637
18.6698200001
6.89568000007
20.2442599999
12.96069
8.11567000009
18.51453
19.84799
9.3775099999
16.9693700001
11.91512
6.70682999992
9.45540999994
18.5274099999
17.4978
16.3711400001
24.75003
14.0187100001
12.44722
19.9136999999
9.34658000001
22.3845699999
26.6414300001
22.08013
30.1034
14.12821
21.81462
31.4953900001
11.26024
9.74949000007
15.5030699999
11.7331300001
25.01135
12.34066
14.5642599999
8.55093000003
11.64477
26.983
12.50744
11.89131
22.07439
9.22456
22.86813
17.25599
9.36389000004
20.76299
17.88922
10.16153
14.82019
7.3515600001
12.91289
14.85233
15.86595
9.44513000001
23.06658
16.7115800001
9.94383999996
29.64009
11.9321499999
25.9758
13.5022000001
14.5097200001
25.88992
29.5462400001
13.8177600001
10.92686
5.4989499998
15.58121
8.00194999995
10.15046
10.8082999999
14.9002099999
9.97261000006
9.37753000006
18.66824
11.69858
11.63136
4.27318000013
9.98956999998
27.6709399999
13.58207
14.56043
28.16897
8.34882000007
16.11017
23.7340799998
10.02278
16.0456899999
18.19233
6.70032000006
19.4991100001
12.84766
18.8316400001
6.49231999996
13.1128499999
8.22503000009
9.82103000011
16.1045199998
16.25556
23.2386
15.37658
9.58987000014
16.01424
22.2694099999
7.26355999999
12.3947299999
9.55198000011
10.52094
22.78966
12.63309
25.9073799999
6.30509000004
11.8738799999
21.5561700001
21.09788
21.9777100001
21.10208
19.9578
14.67136
12.14093
19.1761599999
17.951
22.3065000001
19.41097
18.5726800001
11.6850699999
20.8909400001
17.92947
10.37926
6.18251999991
15.02434
12.57666
14.84854
8.36892000004
13.06186
22.25734
15.9431999999
18.63784
4.27768000006
8.3768999998
18.6502400001
11.90592
7.99715999991
9.45521000004
21.4446100001
10.56494
9.14659000002
10.75133
17.65347
16.86615
13.9656500001
19.10932
24.53567
20.5561200001
18.83763
25.46464
15.3994700001
17.98499
9.97184000001
13.1073799999
11.0763399999
9.14058000001
10.9101000001
15.1452800001
18.0915299999
13.90227
16.7663800002
9.42821000004
7.69044000003
15.1265799999
8.60705999983
9.88100000005
14.2299699998
16.5450899999
17.5722399999
18.8580000001
13.9713900001
6.79176000005
15.6685599999
19.9648099999
19.49546
12.8038300001
15.00858
10.86256
11.0269300001
9.25232000009
22.1268600001
14.44653
22.57096
8.21157000004
14.2514599999
19.59994
22.91046
17.99425
25.63018
20.3042599999
24.07467
9.3628
12.1623200001
8.67677000002
8.74456000002
14.61722
11.8197999999
14.70546
21.22512
18.8624500001
6.59967999998
22.3953699999
12.6671
11.25503
15.1436700001
16.39643
17.88113
12.5405100001
13.9671700001
17.86182
15.79825
8.03892000008
5.57868999999
17.5259700001
15.8809199999
26.4852100001
18.9729999999
4.56619000016
18.8548000001
15.18395
13.09664
19.4167899999
16.6567200001
13.7935599999
16.98687
19.07788
8.49060999998
13.3535300001
13.3538799998
15.9310399999
15.80795
18.6722500001
20.3556100001
15.17498
8.78582999995
3.26579000009
15.30276
16.70516
12.71337
21.3189599999
10.5570800001
11.65547
6.50907000003
14.0580900001
24.04583
17.0348700001
21.2328400002
9.53627999988
9.0192499999
21.2039900001
14.85792
9.73459000001
17.9859699999
15.70395
12.8574199999
27.87011
11.08288
6.80638999993
8.74944000004
8.81909000012
10.8792299998
22.2537999998
17.8503800001
11.37671
25.9176599999
13.42988
6.14307000011
9.3970600001
6.83583999996
14.86262
14.93143
17.62913
8.40294000006
22.5637300001
8.35357999988
19.85227
7.10531999997
8.9762700001
11.8729300001
17.19335
11.09675
19.31813
10.14612
22.52378
21.6811600002
18.88267
10.2127800002
24.8531599999
15.3207300002
11.2116899999
18.9439300001
17.1396700001
13.9470299999
9.32695999998
18.72749
17.65027
17.8642
7.87827999995
19.4625699999
18.3495
14.1688
26.4497099998
16.8512100001
19.01781
13.34035
9.23382999992
12.2728899999
4.09907
17.50219
23.55972
18.46365
10.33543
18.9735299998
16.20334
8.8395
17.96904
16.1805799999
18.7030900001
11.97708
14.7663200001
5.21783999994
22.1853100001
15.0390600001
10.1269400001
8.83267999999
8.08022
10.97802
18.7054000001
9.83034999995
23.88935
15.1082
19.64686
14.6722700001
25.9394400001
12.8953999998
24.2533400001
20.55423
16.95201
10.98018
9.74072999996
22.94101
8.13053000008
19.4771099999
18.82742
8.14470999979
17.25485
16.68557
29.7174900001
16.7466
14.4557
10.01167
22.39536
5.34952999989
17.2101800001
19.8587900001
18.3859700001
19.3308199999
17.2344000002
15.9589099999
10.17097
13.63902
10.7692400001
12.1107600001
10.8300400001
16.72268
10.9407500001
15.56826
12.3417099999
26.9667999999
18.3793499999
14.05429
12.99606
16.29947
8.98937999993
14.90729
5.27413999999
15.6585200001
14.4610899999
22.8836299998
17.86466
15.97029
14.90679
10.5728399999
18.2615
19.5048400001
27.47371
16.07404
15.99324
18.2258400001
17.56637
26.07911
10.97262
16.87375
18.9344199999
22.0010299999
12.2959199999
22.5329400001
14.18649
23.7610300001
13.23702
10.9082199999
5.16952
14.6822
15.2655499999
8.59002
20.4940399999
26.65892
17.7886500001
21.14308
14.0917599999
19.55406
17.28103
21.14296
22.50392
11.40645
17.4807
22.00077
26.1021899999
9.08924999996
9.75467999978
13.60276
9.51902000001
9.2625699999
15.1054499999
22.6142300001
19.6471299999
14.8012699999
14.8584600001
21.0146999999
11.77701
14.1851999999
5.81701
13.84508
10.52123
24.5782
21.87321
15.71292
32.61628
13.4586
9.97561999992
12.0107399999
10.91029
8.38525000005
19.8677500001
15.31871
15.816
18.9990999999
6.34917000006
8.72204000002
19.9334400002
23.02518
10.06035
20.08733
9.81456999993
21.5406899999
29.6278299999
17.0991100001
16.0746599999
12.4464599999
23.1811300002
15.8843599999
10.2183299999
17.93758
19.71595
24.7855199999
14.23661
17.05437
32.1514600001
15.0589800001
26.1664199999
12.76595
8.39211000013
8.26909999992
14.67403
7.14194
19.1238499999
4.97130999982
14.4717700001
17.5909900001
10.47405
9.65879000013
15.6459600001
16.9486
8.71437000006
14.12408
17.33858
10.6623699999
13.4948699999
9.31070999987
13.6689799998
11.78282
7.70118999993
14.4799800001
14.76746
22.1465499999
7.56718000001
16.45092
13.9177000001
10.57809
10.79709
13.69352
22.5450699999
9.49436000013
8.72142000007
13.2726500001
10.5792500001
17.95578
11.6063600001
11.49445
5.50185999996
13.04998
16.2110299999
12.9750000001
18.61042
13.44889
20.1826899999
15.79797
17.3216200001
24.1510800001
8.38270999992
9.5662900001
16.2365500001
10.1278199999
18.8663999999
13.13949
23.5327099999
17.3858699999
7.93122999987
12.5736499999
19.91653
10.1004200001
9.18631999986
16.68874
15.08951
19.4482699999
18.0855800002
20.95743
11.0888
25.70449
12.94845
16.73882
8.4209100001
10.31169
20.91371
11.275
18.49574
24.12245
15.3376000001
18.49545
11.1791500002
14.2890900002
10.5025599999
10.5654900001
24.5227
22.67868
11.7084
21.1632
14.47919
21.62777
21.6428499999
17.1525000001
11.3986
20.65125
7.54512000002
12.53684
16.30348
20.22171
13.3146999999
12.22119
27.4659900001
17.6035800001
17.9483
13.4570899999
19.47011
22.43998
19.6076399998
13.2498000001
8.9786899999
18.70368
13.98876
3.39942000015
19.76942
20.8307999999
12.85661
22.41765
16.0282399999
5.49508000002
16.9597400001
20.07192
7.01438999991
11.2247199999
15.1372700001
15.22081
14.8494000001
31.6271100001
11.7339999999
15.3803500001
18.5305199999
10.04104
25.1740400001
16.2905500002
28.76151
14.3007799999
11.2979400001
7.78084000002
12.3115
20.41321
17.0762400001
11.3386100001
22.63853
9.98963000008
8.91928999999
25.42026
15.31811
30.58944
11.04194
11.19261
11.7826799999
12.52828
7.59458000003
7.40231000003
16.5917799999
14.01299
12.1824200001
27.4786699999
19.2447200001
18.4672399999
26.23269
14.1175099998
15.5648999999
18.9809900001
25.4313899999
19.3887500002
11.9625799999
16.5507
6.72558000009
14.6257600001
9.70001999999
12.3395100001
17.9121899999
5.68390000006
13.85409
21.3417999999
11.5686599999
26.69446
13.2561100001
10.4278799999
8.77679000003
17.0322299999
7.15541000001
6.80885999999
18.15618
8.43226000003
8.23913
11.58975
19.0658400001
15.6015700001
17.16762
17.68062
13.1610300001
15.9000199999
7.80375999992
16.6288000001
6.55936000007
19.09497
18.6643199999
10.0480600001
13.0713199999
19.8171599999
10.6399699999
15.02871
19.3208900001
23.85385
26.5627600001
14.4472500001
12.6562699999
15.8383000001
17.1748899999
17.4291900002
19.7533199999
14.3583
16.41608
17.7798200001
18.45366
11.33403
20.28419
23.6128799999
13.42004
16.7374499999
12.63739
22.9116400001
13.65201
22.4350300001
16.45942
8.40061000001
19.13419
9.86064000009
15.7323
10.55831
15.83072
13.62318
13.0935300001
17.59553
12.6879100001
14.1050100001
11.54882
13.04434
10.11147
15.2391000001
10.3437
15.23541
9.12491999997
13.7415500002
12.45328
21.8142499999
15.32825
14.4087
18.20735
18.6483499999
8.95367000008
24.7737899999
28.60207
15.9774099999
11.74995
9.27521000011
7.94825000002
15.85347
9.27364000003
32.3954500001
17.78072
10.7449200001
6.43992999999
18.92148
13.0722299999
19.9236999999
16.1112100001
13.02173
8.24899999984
18.8118500001
9.60563000012
12.8973999999
14.8572000001
17.66938
23.00349
16.5826700001
22.82555
21.4679200001
11.7088200001
20.1840400001
18.1379200001
20.61847
13.23014
13.41467
14.30649
13.0625999999
11.9557
16.8968100001
19.1078799999
15.1500100001
11.1188300001
19.8584
23.68109
20.0607
18.46902
6.75466999994
20.80165
7.29444999993
17.8617899999
21.0416299999
18.73843
