11.2650599999
17.4209200002
24.2153699999
23.39743
17.23065
22.6252300001
19.0523300001
7.44596000004
6.60652999999
15.08815
12.3756200001
9.46379000007
7.30061999988
8.39983000001
13.7620999999
11.45357
13.28775
14.7387799999
18.73742
8.91876999999
18.8884599998
5.86972000008
22.72708
6.77091000008
17.24763
15.27816
9.42914999998
15.68204
15.111
18.40469
12.5095299999
12.2576300001
12.41143
20.93303
15.8906599999
13.9233499999
10.77543
30.5555
17.0151
23.4026700001
13.6033000001
15.8785799998
15.1952900001
12.78102
16.53767
15.0445900001
9.76176000002
14.6686800001
18.94748
25.85263
