13.60276
9.51902000001
9.2625699999
15.1054499999
22.6142300001
19.6471299999
14.8012699999
14.8584600001
21.0146999999
11.77701
14.1851999999
5.81701
13.84508
10.52123
24.5782
21.87321
15.71292
32.61628
13.4586
9.97561999992
12.0107399999
10.91029
8.38525000005
19.8677500001
15.31871
15.816
18.9990999999
6.34917000006
8.72204000002
19.9334400002
23.02518
10.06035
20.08733
9.81456999993
21.5406899999
29.6278299999
17.0991100001
16.0746599999
12.4464599999
23.1811300002
15.8843599999
10.2183299999
17.93758
19.71595
24.7855199999
14.23661
17.05437
32.1514600001
15.0589800001
26.1664199999
