-730153.94932	-730125.57555	-730101.44849	-730093.60326	-730065.91229	-730035.46861	-730023.43716	-730015.57648	-730000.72549	-729988.14274	-729979.33883	-729964.94955	-729950.98739	-729934.6013	-729922.62073	-729909.65051	-729898.25901	-729889.57793	-729877.58606	-729866.28532	-729854.23341	-729848.5288	-729844.39727	-729839.34718	-729833.42852	
-730153.94932	-730129.98409	-730091.89546	-730069.85697	-730067.38276	-730049.60714	-730021.77251	-729996.93865	-729979.17597	-729971.11029	-729958.03983	-729945.86614	-729934.96542	-729921.75473	-729907.40765	-729896.87435	-729886.33829	-729881.92896	-729868.77447	-729864.78827	-729852.07125	-729847.486	-729840.18385	-729832.43572	-729828.18186	
-730153.94932	-730146.05059	-730131.80084	-730107.20516	-730091.18444	-730074.17839	-730053.73608	-730044.03171	-730034.40262	-730016.49824	-730008.44881	-729992.93985	-729979.80373	-729972.77601	-729964.33997	-729950.04873	-729936.37805	-729929.3564	-729923.15628	-729916.49395	-729910.12329	-729903.12896	-729893.49959	-729886.37962	-729878.22151	
-730153.94932	-730141.73031	-730119.32238	-730110.75919	-730094.12456	-730071.61956	-730058.66495	-730048.82099	-730039.05181	-730025.53739	-730018.33294	-730001.74928	-729991.44101	-729978.31071	-729970.1751	-729959.13271	-729950.63283	-729933.2806	-729926.38456	-729918.58232	-729909.94134	-729906.28656	-729899.71296	-729887.81869	-729880.3752	
-730153.94932	-730140.92481	-730123.23701	-730100.58403	-730085.91831	-730066.04027	-730051.52968	-730038.83308	-730025.09748	-730010.39908	-729992.19997	-729981.95619	-729973.41893	-729965.96248	-729955.72973	-729945.92193	-729942.14523	-729929.60125	-729914.51332	-729903.71022	-729895.03173	-729881.96607	-729876.57476	-729862.98108	-729853.40045	
-730153.94932	-730145.84533	-730133.7019	-730096.42536	-730071.56248	-730053.1762	-730035.31967	-730017.34508	-730014.66419	-730000.84741	-729986.08368	-729980.00331	-729969.65942	-729953.45313	-729939.45497	-729923.52943	-729916.88947	-729903.47063	-729896.42222	-729881.79717	-729873.8643	-729867.67036	-729858.75962	-729853.05209	-729836.06932	
-730153.94932	-730131.47742	-730096.35378	-730087.48769	-730063.10795	-730041.79387	-730033.20619	-730017.33668	-730011.52678	-729998.46996	-729980.29207	-729968.16935	-729954.6985	-729948.69788	-729939.59585	-729933.16727	-729919.94832	-729908.6751	-729900.91466	-729891.81044	-729886.31919	-729876.1736	-729867.28499	-729858.51911	-729850.93699	
-730153.94932	-730138.87434	-730100.37251	-730073.12246	-730058.55463	-730043.07866	-730033.59549	-730012.86527	-730004.3579	-729997.9204	-729989.57174	-729978.23694	-729962.13246	-729951.55869	-729944.39077	-729939.53996	-729932.75471	-729926.38804	-729916.90394	-729911.056	-729905.18348	-729897.27516	-729890.08571	-729878.96155	-729867.88788	
-730153.94932	-730131.86131	-730103.34361	-730073.19039	-730058.21633	-730042.77611	-730033.63987	-730022.48338	-730012.76906	-730006.30378	-729987.27067	-729980.73928	-729968.1987	-729955.78716	-729951.48021	-729942.77902	-729932.20989	-729920.43436	-729910.36861	-729903.2508	-729896.22487	-729888.02272	-729876.49182	-729873.14211	-729865.69797	
-730153.94932	-730140.79824	-730131.41002	-730093.07818	-730066.48896	-730058.71815	-730042.03988	-730024.77729	-730009.71889	-729983.48622	-729967.86886	-729952.14307	-729940.82148	-729929.50956	-729917.18876	-729908.71055	-729902.76981	-729897.63105	-729891.60347	-729884.91535	-729880.82083	-729870.75657	-729867.10063	-729860.27159	-729847.82469	
-730153.94932	-730133.01786	-730102.20147	-730090.57501	-730074.40902	-730064.29608	-730045.32453	-730026.39668	-730019.53137	-730012.90315	-730003.2556	-729995.48707	-729985.48866	-729974.4999	-729968.59637	-729959.12583	-729946.48518	-729941.65963	-729931.92789	-729924.44668	-729916.02705	-729909.47618	-729906.80295	-729897.95173	-729892.68244	
-730153.94932	-730135.57411	-730117.28186	-730103.32511	-730074.07139	-730065.94325	-730054.66907	-730042.56439	-730027.03651	-730002.14764	-729989.28688	-729981.0739	-729966.12475	-729953.58272	-729947.90898	-729931.20574	-729919.72264	-729916.04397	-729906.70539	-729895.16797	-729879.67412	-729869.08426	-729855.12273	-729847.57367	-729837.77841	
-730153.94932	-730148.80446	-730108.44103	-730092.73812	-730078.86696	-730062.41388	-730044.89851	-730031.652	-730014.46672	-730007.55871	-729995.28587	-729987.8114	-729975.44451	-729967.8612	-729963.19564	-729954.84488	-729948.1022	-729939.50004	-729933.98511	-729924.19113	-729915.18073	-729904.58687	-729901.63869	-729897.22549	-729886.84179	
-730153.94932	-730133.77737	-730108.54709	-730094.42295	-730068.76769	-730051.00318	-730027.96436	-730017.68368	-730003.74577	-729995.96901	-729978.26082	-729973.2578	-729960.28849	-729948.95519	-729938.87333	-729923.30598	-729914.52062	-729904.71728	-729899.55711	-729888.34583	-729881.2401	-729875.65823	-729862.98595	-729852.43062	-729846.75124	
-730153.94932	-730117.38352	-730090.42815	-730077.95787	-730054.85081	-730040.86102	-730031.38382	-730018.30991	-730006.72247	-729994.50934	-729977.358	-729966.54244	-729954.85769	-729945.84438	-729926.7359	-729914.56649	-729902.61063	-729899.50464	-729890.68565	-729881.11105	-729864.80952	-729853.90524	-729844.37345	-729839.14316	-729828.8493	
-730153.94932	-730138.09038	-730097.61455	-730071.18043	-730059.77921	-730051.38398	-730039.98861	-730022.26135	-730003.12746	-729988.6574	-729977.1076	-729969.58451	-729953.45936	-729942.54051	-729933.08823	-729924.12908	-729914.6617	-729906.298	-729896.49315	-729888.10551	-729878.62933	-729864.9452	-729857.12891	-729844.68759	-729833.79457	
-730153.94932	-730138.69282	-730132.37815	-730109.69542	-730090.52375	-730069.71497	-730051.45829	-730034.24637	-730014.16541	-730000.80281	-729992.61979	-729983.77505	-729970.55238	-729960.8129	-729949.07818	-729935.73884	-729926.8722	-729915.00778	-729908.73149	-729897.99585	-729889.29486	-729880.27498	-729874.38208	-729863.10754	-729855.29941	
-730153.94932	-730129.48313	-730114.5574	-730092.30657	-730064.78014	-730047.26423	-730042.03142	-730036.93478	-730025.87566	-730013.68458	-730002.83029	-729994.75548	-729981.53994	-729973.2301	-729957.14643	-729949.93129	-729935.93947	-729924.29206	-729913.61941	-729903.00253	-729898.79339	-729891.35243	-729883.69506	-729872.03981	-729861.64708	
-730153.94932	-730148.12204	-730134.24796	-730107.99518	-730086.03565	-730069.96007	-730057.61862	-730032.7942	-730017.81576	-730001.28938	-729985.8929	-729969.52735	-729953.98414	-729944.55239	-729938.09455	-729930.87012	-729925.11878	-729913.94746	-729897.99774	-729892.88767	-729887.51663	-729872.56754	-729865.4242	-729855.7251	-729847.45065	
-730153.94932	-730133.63847	-730102.69198	-730096.83311	-730081.21932	-730059.67873	-730053.91833	-730040.94329	-730024.63703	-730008.18221	-730002.56087	-729989.27716	-729978.96156	-729971.83186	-729955.26488	-729944.61385	-729931.70716	-729920.68692	-729907.82836	-729893.5591	-729885.09969	-729880.66626	-729876.59462	-729864.99322	-729854.04943	
-730153.94932	-730133.88456	-730114.51596	-730086.98407	-730067.14646	-730048.27629	-730026.63458	-730013.85521	-730001.27015	-729995.8925	-729990.45018	-729977.05552	-729956.56467	-729942.63822	-729934.30872	-729928.5988	-729921.41353	-729912.57443	-729909.42211	-729904.45918	-729893.60497	-729886.48867	-729880.23409	-729871.13548	-729865.48663	
-730153.94932	-730148.57752	-730131.40906	-730112.2202	-730084.87114	-730071.16917	-730055.05557	-730051.81316	-730041.25678	-730032.43673	-730005.88983	-729999.632	-729985.94432	-729974.43111	-729962.08996	-729948.80194	-729939.15014	-729933.77175	-729919.1365	-729910.19262	-729898.61379	-729892.64826	-729887.2004	-729874.52544	-729871.31961	
-730153.94932	-730136.03234	-730117.6133	-730095.44527	-730081.69087	-730074.71335	-730059.13493	-730049.73661	-730024.93614	-730009.69966	-730000.49954	-729985.95988	-729980.28508	-729971.07772	-729960.79049	-729948.30172	-729937.74114	-729928.77056	-729920.01435	-729910.56681	-729904.28624	-729899.8814	-729892.4974	-729879.04241	-729872.66015	
-730153.94932	-730145.56793	-730123.72894	-730086.61383	-730063.56734	-730054.05937	-730045.84073	-730032.45073	-730024.45144	-730007.82993	-729989.4379	-729973.85802	-729966.53146	-729957.31279	-729943.41999	-729928.2814	-729915.47272	-729909.56998	-729902.86873	-729887.65545	-729878.36125	-729868.32173	-729859.20839	-729848.06699	-729839.03624	
-730153.94932	-730133.19325	-730106.91715	-730097.76574	-730087.83561	-730075.88166	-730064.04496	-730044.53136	-730027.9138	-730015.58306	-730003.47912	-729994.49819	-729983.96833	-729973.65002	-729952.94898	-729939.74758	-729931.49125	-729925.70972	-729913.20002	-729903.85392	-729892.3317	-729888.61311	-729876.04765	-729867.14589	-729861.81995	
-730153.94932	-730136.80687	-730097.64295	-730074.02099	-730061.27671	-730036.89804	-730023.4992	-730006.0435	-729983.00934	-729969.23792	-729963.4587	-729949.46091	-729935.50704	-729925.93527	-729913.83948	-729901.74224	-729891.65955	-729879.63765	-729873.3304	-729864.53078	-729851.58911	-729847.56325	-729840.9522	-729834.04856	-729828.88595	
-730153.94932	-730140.67781	-730107.68669	-730088.47613	-730071.08276	-730055.09105	-730038.88783	-730035.19472	-730024.97933	-730010.03701	-730000.87712	-729988.34995	-729971.02281	-729961.42902	-729948.1199	-729932.99939	-729928.45287	-729919.46116	-729914.98651	-729908.97043	-729893.83477	-729884.4299	-729876.43679	-729869.68049	-729852.13807	
-730153.94932	-730141.61529	-730125.34359	-730086.78006	-730059.30112	-730040.95312	-730034.40888	-730022.77741	-730008.33164	-729997.97052	-729986.88059	-729976.18354	-729960.81202	-729950.68655	-729946.53811	-729937.69687	-729927.10254	-729919.27594	-729906.82464	-729895.42759	-729885.94729	-729874.31759	-729863.72742	-729855.6561	-729850.91422	
-730153.94932	-730146.2652	-730110.80915	-730089.99967	-730065.96299	-730062.18054	-730036.65153	-730020.2313	-730006.89084	-729996.43223	-729980.40032	-729973.60146	-729962.32348	-729956.78803	-729943.02707	-729931.87994	-729927.33653	-729920.19426	-729908.95054	-729901.03538	-729894.11963	-729888.5219	-729877.92169	-729864.7713	-729862.2112	
-730153.94932	-730112.61772	-730068.61433	-730061.07607	-730051.63859	-730038.02842	-730018.15133	-729998.83417	-729982.79979	-729966.4885	-729952.51173	-729944.08048	-729936.97926	-729928.19515	-729919.59917	-729907.83564	-729897.01106	-729883.78861	-729879.65306	-729861.78159	-729853.12386	-729847.96538	-729837.53089	-729828.76895	-729820.00255	
-730153.94932	-730143.12978	-730118.57951	-730103.34618	-730094.2503	-730071.90276	-730058.45865	-730045.59889	-730034.39287	-730023.31571	-730019.8031	-730011.31087	-730000.22985	-729985.53559	-729974.97201	-729967.30401	-729957.87728	-729950.44406	-729939.54299	-729926.29864	-729921.4463	-729917.97611	-729910.96542	-729904.26744	-729894.06934	
-730153.94932	-730132.95206	-730099.58688	-730079.17411	-730067.29782	-730045.30985	-730031.55832	-730025.43041	-730020.8343	-730006.10708	-729990.2085	-729978.31471	-729965.7317	-729950.62048	-729941.48804	-729932.25287	-729922.03648	-729911.7023	-729904.34429	-729898.20385	-729890.52785	-729886.45979	-729876.72924	-729866.99001	-729855.5654	
-730153.94932	-730135.26252	-730111.95514	-730094.65724	-730076.04253	-730059.9798	-730052.65597	-730042.93975	-730016.22148	-730007.75781	-729995.54813	-729987.9056	-729974.81197	-729965.46114	-729958.61114	-729950.53083	-729945.22267	-729936.09126	-729930.8926	-729923.39594	-729913.62927	-729907.54275	-729904.3179	-729901.34358	-729894.35075	
-730153.94932	-730123.09067	-730103.23796	-730074.80623	-730054.35017	-730040.43269	-730036.89467	-730030.69723	-730019.4263	-730005.36741	-729994.87686	-729982.49928	-729973.33075	-729958.07242	-729951.03825	-729938.74413	-729931.52375	-729919.06258	-729910.64706	-729898.63277	-729886.7242	-729879.77168	-729867.7541	-729852.80312	-729842.87949	
-730153.94932	-730142.01541	-730109.99477	-730092.19903	-730067.00727	-730049.75884	-730038.27363	-730023.50631	-730017.60296	-730008.33189	-729995.46574	-729986.54854	-729980.173	-729974.60473	-729968.22684	-729958.42566	-729951.86582	-729939.39613	-729931.77607	-729919.27789	-729915.20475	-729905.45605	-729899.2516	-729886.79391	-729881.01716	
-730153.94932	-730133.30239	-730094.45096	-730084.6396	-730073.43226	-730051.74192	-730038.61076	-730023.78414	-730016.55665	-730003.30648	-729992.23717	-729977.41114	-729967.30724	-729950.9763	-729940.16575	-729934.24122	-729926.27749	-729912.71529	-729904.02022	-729893.14973	-729883.61146	-729874.82896	-729869.16802	-729855.27185	-729847.57224	
-730153.94932	-730135.97362	-730122.84231	-730066.90432	-730061.44598	-730049.09185	-730033.58024	-730018.60518	-730010.6281	-729996.93298	-729985.63156	-729970.71396	-729954.44519	-729943.49339	-729938.24083	-729923.75201	-729915.92864	-729909.37407	-729901.89591	-729889.42098	-729880.8836	-729871.92923	-729862.73481	-729856.63461	-729845.92935	
-730153.94932	-730135.1719	-730105.17907	-730101.11014	-730087.67713	-730077.28353	-730057.84346	-730044.96935	-730027.9669	-730007.8318	-729990.97752	-729979.62076	-729963.01559	-729957.72638	-729949.70606	-729937.51804	-729922.95712	-729912.64764	-729906.87164	-729898.29364	-729887.27209	-729874.42408	-729869.52244	-729861.07986	-729854.31501	
-730153.94932	-730140.80865	-730113.90761	-730100.25888	-730071.73652	-730053.31811	-730032.33748	-730018.80242	-730005.05684	-729996.11553	-729985.12066	-729978.83329	-729953.43756	-729937.01523	-729923.89985	-729916.78515	-729910.07009	-729900.60063	-729896.22912	-729883.0539	-729878.72293	-729875.33493	-729865.33955	-729852.69335	-729844.8409	
-730153.94932	-730140.71694	-730119.6954	-730089.57767	-730080.39467	-730052.01291	-730037.07911	-730025.40701	-730013.87646	-730002.95423	-729992.38518	-729980.25258	-729969.88589	-729963.39975	-729949.485	-729941.84664	-729930.58732	-729919.97988	-729913.17924	-729902.96366	-729892.77513	-729887.32711	-729879.56046	-729871.92636	-729858.46161	
-730153.94932	-730120.91341	-730095.06971	-730070.19979	-730050.12751	-730031.60748	-730015.66982	-730001.36364	-729986.92997	-729979.16807	-729965.26528	-729950.24746	-729940.69002	-729928.78773	-729916.46347	-729904.31887	-729900.05434	-729893.3936	-729888.64766	-729879.79656	-729875.08825	-729866.73467	-729858.75817	-729851.97014	-729847.34898	
-730153.94932	-730134.62859	-730098.10131	-730068.3922	-730051.98337	-730037.36611	-730026.11263	-730014.48801	-730003.37223	-729990.5302	-729982.64791	-729964.96044	-729958.99561	-729951.93778	-729933.41554	-729919.49733	-729913.18979	-729905.32014	-729895.48621	-729885.33532	-729873.53789	-729864.16057	-729860.11248	-729845.62509	-729836.58138	
-730153.94932	-730139.28433	-730111.24339	-730096.39617	-730079.72736	-730060.19864	-730030.21732	-730023.4157	-730007.92621	-729994.85186	-729983.08229	-729972.64955	-729961.06312	-729954.09132	-729943.16642	-729929.42228	-729917.00166	-729908.63718	-729897.60086	-729884.08775	-729876.77022	-729869.54446	-729865.10339	-729858.98371	-729852.36911	
-730153.94932	-730140.18522	-730130.94665	-730096.76875	-730066.64556	-730053.00981	-730033.13901	-730016.78689	-730004.87508	-729994.85091	-729982.49665	-729975.65113	-729959.00663	-729952.58544	-729940.71139	-729932.77974	-729918.40803	-729908.57888	-729899.96141	-729894.68812	-729887.87188	-729881.15324	-729874.80924	-729864.75943	-729855.78569	
-730153.94932	-730143.89018	-730136.6846	-730104.93956	-730098.96522	-730086.75747	-730066.56689	-730050.29713	-730038.1053	-730026.6849	-730022.35713	-730013.92919	-730005.25309	-729993.9554	-729982.31952	-729956.59339	-729949.0203	-729939.12623	-729926.16334	-729916.70374	-729904.20698	-729897.47327	-729890.41361	-729873.1075	-729857.64054	
-730153.94932	-730117.43924	-730105.53578	-730097.90614	-730088.59372	-730064.23358	-730057.99548	-730045.438	-730032.76425	-730019.61808	-730006.60983	-729994.62434	-729975.65475	-729965.4342	-729960.70249	-729948.28348	-729937.93818	-729924.38284	-729913.5272	-729901.04747	-729889.63457	-729884.19629	-729873.3732	-729869.73808	-729865.93463	
-730153.94932	-730137.18558	-730114.22476	-730084.77754	-730067.51821	-730040.38109	-730025.13089	-730007.15908	-730002.52541	-729987.39026	-729963.42973	-729950.21475	-729942.37014	-729928.24071	-729920.26863	-729908.3981	-729898.99653	-729888.49029	-729882.31283	-729875.84648	-729864.51761	-729853.57539	-729842.15404	-729836.86059	-729831.68205	
-730153.94932	-730130.47955	-730104.18784	-730083.36716	-730060.56092	-730048.93873	-730026.35968	-730015.56212	-730002.61752	-729989.7518	-729976.57453	-729963.10964	-729953.73139	-729941.56241	-729932.7761	-729918.21239	-729910.24309	-729899.56346	-729889.6347	-729878.85876	-729869.18619	-729857.30473	-729852.11927	-729837.62818	-729835.54577	
-730153.94932	-730150.26782	-730119.17485	-730095.86198	-730077.16003	-730053.9695	-730042.19106	-730024.23195	-730006.00775	-729985.33408	-729972.21196	-729960.13496	-729942.05481	-729927.44412	-729922.65113	-729914.37783	-729904.68718	-729897.16329	-729890.14849	-729882.72885	-729873.17971	-729865.93652	-729858.3688	-729852.39659	-729844.61703	
-730153.94932	-730143.4905	-730132.12656	-730097.28118	-730074.56549	-730063.79723	-730051.4995	-730036.17487	-730021.67835	-730010.63319	-729990.63095	-729975.15794	-729967.29598	-729959.92873	-729947.92188	-729941.98088	-729927.57632	-729918.08357	-729910.05478	-729900.95912	-729890.85419	-729876.99586	-729871.09294	-729864.95854	-729852.44137	
-730153.94932	-730140.1903	-730110.43466	-730086.90722	-730075.66983	-730058.94693	-730054.34981	-730039.13655	-730027.67588	-730014.27642	-730002.11541	-729995.21537	-729984.93838	-729975.12873	-729954.14051	-729938.73657	-729932.61545	-729914.57636	-729904.29577	-729896.24333	-729887.01335	-729875.13538	-729865.27223	-729856.70534	-729851.20476	
-730153.94932	-730114.76217	-730105.0958	-730086.98968	-730066.91159	-730056.78704	-730037.8561	-730024.26688	-730008.37882	-729995.42982	-729984.99529	-729970.82147	-729954.91046	-729946.95736	-729940.33007	-729932.59227	-729920.61838	-729909.97098	-729898.71911	-729888.32738	-729884.7089	-729875.40283	-729863.45208	-729856.26812	-729850.80977	
-730153.94932	-730097.01035	-730083.16211	-730063.12988	-730045.0761	-730033.92041	-730019.4564	-730008.67425	-729994.3471	-729976.16424	-729965.02611	-729955.74365	-729949.02204	-729940.89216	-729929.38958	-729923.83359	-729915.88087	-729906.47703	-729902.81002	-729891.57946	-729883.09476	-729873.886	-729865.30899	-729859.52611	-729850.96936	
-730153.94932	-730145.15578	-730126.59413	-730108.91202	-730085.71893	-730063.78156	-730054.52505	-730039.956	-730032.2155	-730025.22758	-730002.16067	-729984.17024	-729971.79772	-729956.64791	-729947.76863	-729933.41545	-729926.55046	-729917.39718	-729905.66527	-729891.99165	-729885.15959	-729877.83256	-729869.59313	-729861.28441	-729850.5785	
-730153.94932	-730139.41139	-730113.02754	-730094.26402	-730080.64019	-730053.91427	-730033.03761	-730012.30113	-730002.82771	-729988.43486	-729973.04638	-729959.12579	-729947.22831	-729937.32322	-729927.73533	-729918.51258	-729909.48554	-729903.1434	-729897.15547	-729880.10393	-729869.20005	-729863.952	-729855.69285	-729843.65975	-729834.47255	
-730153.94932	-730131.33393	-730106.9259	-730085.95118	-730063.93965	-730032.3733	-730019.09779	-730010.35329	-729989.04839	-729983.20735	-729968.77645	-729955.66076	-729948.08043	-729936.42738	-729929.45925	-729919.1136	-729914.80948	-729906.03982	-729897.57693	-729886.67844	-729877.98674	-729870.86981	-729864.54185	-729857.44292	-729849.44997	
-730153.94932	-730128.45308	-730085.13332	-730071.93182	-730049.08375	-730044.82041	-730037.23613	-730022.14588	-730000.69725	-729990.52976	-729978.06974	-729968.40115	-729953.10933	-729941.96188	-729932.73797	-729920.60592	-729915.82596	-729907.87101	-729901.32775	-729893.26479	-729887.89421	-729881.98894	-729875.22876	-729867.74915	-729858.90293	
-730153.94932	-730146.42365	-730120.88848	-730103.23434	-730084.93813	-730070.79275	-730045.79313	-730031.60025	-730013.25142	-730002.34756	-729987.47418	-729974.64478	-729959.18453	-729951.93147	-729942.54111	-729934.25588	-729924.52583	-729912.73397	-729899.22574	-729892.76879	-729882.73204	-729873.6936	-729867.66083	-729860.39449	-729856.51913	
-730153.94932	-730125.01783	-730113.96311	-730097.30735	-730081.8571	-730063.46524	-730049.31093	-730043.3257	-730027.09691	-730006.81798	-729995.33483	-729987.41862	-729978.40699	-729967.25622	-729954.99596	-729938.67127	-729931.914	-729921.72446	-729916.08282	-729903.58169	-729895.67662	-729892.56229	-729884.01049	-729868.90766	-729857.04997	
-730153.94932	-730126.80261	-730100.40132	-730068.11789	-730055.80656	-730041.60465	-730024.73186	-730019.5782	-729998.76332	-729981.92046	-729965.88926	-729956.89041	-729943.88384	-729935.5802	-729927.37966	-729916.91092	-729909.81929	-729896.99453	-729892.36194	-729883.52486	-729877.91505	-729870.24889	-729857.28871	-729846.84928	-729830.67941	
-730153.94932	-730146.94631	-730111.2184	-730101.57051	-730094.41737	-730077.47102	-730067.44234	-730051.64719	-730042.12181	-730026.11963	-730013.68764	-730001.21738	-729997.35476	-729983.69192	-729975.72	-729965.96262	-729953.82547	-729946.70022	-729939.41851	-729930.21385	
-730153.94932	-730145.91688	-730119.05278	-730087.81924	-730068.00982	-730045.598	-730035.53376	-730024.9341	-730013.35647	-730008.96193	-730000.96841	-729992.49673	-729976.77099	-729967.58183	-729951.09575	-729934.05575	-729926.32505	-729921.60982	-729908.37063	-729901.81056	
-730153.94932	-730128.42751	-730116.06302	-730085.54996	-730070.01194	-730056.72098	-730045.56406	-730033.48578	-730025.76322	-730002.07089	-729989.07812	-729979.34634	-729966.83116	-729951.75495	-729940.86562	-729931.59072	-729917.07969	-729910.21741	-729902.76656	-729891.1171	
-730153.94932	-730144.47108	-730131.63391	-730100.64826	-730079.33756	-730068.32776	-730056.8995	-730046.76608	-730031.23364	-730020.56936	-729996.44934	-729988.18021	-729975.17651	-729957.98909	-729951.79629	-729939.66267	-729934.08013	-729916.44279	-729906.62621	-729890.77377	
-730153.94932	-730138.97478	-730123.20912	-730106.59015	-730084.28487	-730071.52351	-730050.26594	-730038.18772	-730017.17487	-729999.87934	-729983.74165	-729970.61552	-729963.05518	-729956.26374	-729946.81321	-729937.17803	-729928.1451	-729915.22801	-729906.05473	-729897.68922	
-730153.94932	-730147.44981	-730137.58997	-730105.43761	-730088.05375	-730060.46845	-730045.85045	-730036.54325	-730022.75637	-730010.95335	-730001.12662	-729989.41128	-729976.72928	-729966.63244	-729956.63048	-729947.57573	-729936.83435	-729916.92565	-729906.97617	-729898.98152	
-730153.94932	-730145.03951	-730114.78915	-730090.25489	-730080.4715	-730066.95173	-730045.32431	-730036.85081	-730025.55737	-730010.1275	-730002.63514	-729991.08178	-729981.56967	-729971.87676	-729965.45244	-729961.19303	-729950.52796	-729945.11595	-729928.4236	-729921.24612	
-730153.94932	-730134.53074	-730109.10247	-730085.76172	-730078.32705	-730068.32088	-730057.32957	-730039.34133	-730022.25916	-730011.24412	-729997.51912	-729979.51552	-729965.0696	-729952.24536	-729935.39296	-729923.8434	-729912.86348	-729905.06275	-729899.72152	-729886.57823	
-730153.94932	-730145.6248	-730116.05363	-730097.83878	-730090.70587	-730056.9805	-730036.88651	-730026.7117	-730017.89038	-730005.32621	-729993.61209	-729978.23359	-729963.71718	-729958.83206	-729948.21493	-729940.4795	-729930.11531	-729917.43814	-729912.67692	-729904.65357	
-730153.94932	-730134.07527	-730126.57684	-730091.33257	-730074.39118	-730062.34614	-730043.05726	-730034.05915	-730021.22904	-730015.00986	-729993.69497	-729982.14676	-729971.8081	-729955.5594	-729946.11577	-729934.94589	-729925.23799	-729913.87195	-729910.18806	-729901.78963	
-730153.94932	-730130.37351	-730105.25957	-730082.96975	-730076.317	-730061.20059	-730043.43632	-730033.89715	-730027.05324	-730017.75062	-730003.27532	-729987.67439	-729972.40419	-729960.99623	-729950.08407	-729943.81441	-729932.80116	-729927.30377	-729914.86429	-729904.54576	-729897.53641	-729890.56449	-729885.71234	-729878.17563	-729872.06227	
-730153.94932	-730140.9167	-730114.68433	-730089.61292	-730070.04808	-730053.99011	-730030.93601	-730016.9558	-730004.11847	-729994.73782	-729983.79452	-729972.10848	-729963.96968	-729946.64327	-729935.24531	-729928.78416	-729924.19803	-729917.32327	-729910.82668	-729901.11475	-729889.37762	-729882.05154	-729874.77623	-729868.09481	-729859.27167	
-730153.94932	-730122.13879	-730111.55203	-730092.24667	-730073.57318	-730045.87446	-730037.56314	-730021.72089	-729999.48878	-729993.59169	-729984.03077	-729977.01431	-729970.54057	-729963.65743	-729955.83697	-729942.20963	-729935.51915	-729926.40402	-729916.7394	-729910.37938	-729905.27082	-729899.73445	-729890.14793	-729882.15854	-729875.59209	
-730153.94932	-730119.99718	-730097.98346	-730080.14325	-730061.57208	-730039.68487	-730025.31952	-730011.1632	-730002.07406	-729990.83845	-729977.11036	-729967.63074	-729964.55632	-729947.10582	-729928.21608	-729917.56148	-729910.46591	-729899.29818	-729893.01548	-729885.82783	-729877.99903	-729865.95549	-729856.78113	-729846.73465	-729839.30046	
-730153.94932	-730144.22988	-730121.32811	-730098.53062	-730094.22388	-730079.82927	-730053.44391	-730041.97333	-730032.92452	-730015.65127	-730007.75193	-729995.82551	-729984.8638	-729974.8819	-729968.29896	-729961.80326	-729951.80507	-729947.82847	-729934.20495	-729925.94952	-729919.25663	-729909.81036	-729903.91179	-729895.99943	-729889.62897	
-730153.94932	-730132.28564	-730119.32836	-730086.513	-730070.86815	-730060.57947	-730030.84069	-730008.35214	-730000.50243	-729989.86092	-729977.73741	-729970.66996	-729955.63394	-729952.29608	-729943.30435	-729937.16034	-729928.95792	-729925.57993	-729919.41705	-729913.32833	-729902.15127	-729892.95977	-729881.63372	-729877.56706	-729871.37479	
-730153.94932	-730146.88343	-730133.54013	-730109.93597	-730095.35577	-730084.94267	-730076.66659	-730044.99482	-730033.8358	-730014.69596	-730008.08359	-729998.75782	-729984.72777	-729966.6922	-729953.51684	-729942.40797	-729933.96089	-729924.26037	-729912.6735	-729904.77635	-729898.10649	-729891.39602	-729879.88126	-729870.06704	-729862.35389	
-730153.94932	-730145.03202	-730134.67344	-730105.51941	-730080.59351	-730053.0979	-730039.80637	-730019.02104	-730010.31102	-730003.27801	-729992.76316	-729982.92904	-729969.15587	-729960.81926	-729944.64338	-729938.36266	-729925.39384	-729916.52951	-729909.8058	-729898.91942	-729884.06934	-729874.67744	-729867.33359	-729857.66203	-729848.06689	
-730153.94932	-730144.94563	-730112.26932	-730094.23233	-730069.91343	-730048.81706	-730031.19925	-730022.57111	-730014.29759	-730003.31728	-730000.64074	-729988.73739	-729971.11058	-729964.45934	-729954.52463	-729945.66492	-729934.63488	-729919.3154	-729914.41359	-729905.67743	-729898.39475	-729883.38619	-729877.1354	-729871.14359	-729862.27634	
-730153.94932	-730145.43035	-730104.77931	-730094.69951	-730082.05948	-730071.0881	-730051.50481	-730038.48061	-730019.38085	-730007.70258	-729987.37071	-729970.60527	-729958.88173	-729949.3407	-729933.42356	-729922.3038	-729915.2723	-729905.27176	-729891.92105	-729880.20507	-729872.56766	-729867.84126	-729862.90687	-729856.33072	-729850.62711	
-730153.94932	-730137.26272	-730098.82528	-730088.27149	-730077.58595	-730067.4699	-730059.30389	-730035.52563	-730020.94858	-730007.0749	-729994.7725	-729985.48986	-729970.58061	-729960.16604	-729949.72744	-729937.70971	-729929.25828	-729919.35201	-729911.93428	-729901.88405	-729884.95288	-729880.31977	-729873.97223	-729861.88719	-729856.22226	
-730153.94932	-730137.12203	-730119.69514	-730093.72659	-730084.6101	-730068.10297	-730057.04718	-730039.58049	-730026.89241	-730007.00954	-729991.4347	-729982.67073	-729973.58776	-729959.29559	-729940.7345	-729932.41324	-729927.16189	-729919.16182	-729907.64354	-729900.99291	-729888.56285	-729884.96252	-729878.71905	-729864.96248	-729850.12398	
-730153.94932	-730142.2612	-730115.71658	-730085.09704	-730058.92829	-730040.91526	-730028.11242	-730010.79572	-729987.31154	-729979.50223	-729961.68412	-729948.22657	-729943.74106	-729930.51445	-729917.25934	-729904.57925	-729891.41911	-729880.72787	-729872.55193	-729864.55889	-729852.21719	-729841.96937	-729837.25073	-729832.62774	-729825.63002	
-730153.94932	-730146.31594	-730119.98021	-730103.437	-730085.26221	-730066.15153	-730056.13219	-730035.13759	-730018.30152	-730005.9987	-729995.74129	-729987.1575	-729977.82902	-729961.46403	-729950.1957	-729934.97641	-729928.84152	-729922.70726	-729911.06277	-729905.01698	-729899.35244	-729894.47884	-729887.43122	-729877.36529	-729871.52289	
-730153.94932	-730126.60875	-730107.38341	-730085.31732	-730061.89166	-730048.45196	-730035.27058	-730012.56866	-730000.96244	-729981.30005	-729967.6217	-729955.64245	-729949.7354	-729938.70112	-729925.68719	-729912.021	-729903.44454	-729893.9831	-729888.95693	-729878.33018	-729873.67572	-729868.37621	-729857.92605	-729851.91519	-729845.36408	
-730153.94932	-730141.10193	-730125.6356	-730097.30229	-730074.06393	-730066.63116	-730043.77393	-730028.85684	-730019.6775	-730005.19588	-729986.9554	-729975.34486	-729969.14733	-729959.29988	-729950.17246	-729941.32297	-729935.08064	-729924.5557	-729920.7812	-729914.82841	-729906.9412	-729899.34814	-729895.17429	-729887.83419	-729877.09955	
-730153.94932	-730142.99215	-730113.24614	-730078.98731	-730057.68574	-730039.80281	-730030.12125	-730018.43999	-730004.1942	-729992.57842	-729981.73854	-729970.87612	-729957.74041	-729950.99802	-729945.21876	-729939.26728	-729930.34486	-729925.50107	-729916.78273	-729910.68044	-729904.03525	-729898.99373	-729888.55648	-729880.00994	-729869.104	
-730153.94932	-730134.32914	-730127.12473	-730095.64179	-730082.66078	-730067.2779	-730051.75836	-730036.99156	-730021.06192	-730006.95981	-729989.81831	-729975.78622	-729962.63756	-729953.19314	-729945.80319	-729938.48367	-729931.54399	-729924.53369	-729915.40306	-729908.50334	-729903.50647	-729891.28287	-729879.40613	-729864.04997	-729857.09633	
-730153.94932	-730141.15336	-730116.95237	-730087.14005	-730072.46711	-730055.25317	-730030.85193	-730018.7972	-730008.99555	-729996.61186	-729983.58147	-729965.1647	-729956.35334	-729949.15677	-729936.96629	-729925.66677	-729916.7984	-729910.92108	-729905.72046	-729897.71151	-729890.69799	-729882.09607	-729869.44743	-729861.29315	-729856.68853	
-730153.94932	-730141.82202	-730117.26051	-730097.77774	-730081.25146	-730066.86178	-730054.04055	-730037.64106	-730024.39459	-730011.68361	-730005.95613	-729994.77458	-729987.25935	-729972.0005	-729960.77999	-729952.87066	-729943.33401	-729935.36921	-729923.7425	-729914.28545	-729908.55645	-729897.74755	-729889.46156	-729880.77583	-729871.98831	
-730153.94932	-730133.65441	-730103.34765	-730087.32618	-730058.77201	-730042.53132	-730021.5215	-730014.06218	-730000.95759	-729983.34748	-729977.22784	-729964.747	-729956.43819	-729940.72981	-729932.63173	-729923.14993	-729913.03282	-729899.79936	-729889.35449	-729878.78868	
-730153.94932	-730140.59042	-730114.9649	-730083.96775	-730069.57759	-730053.7177	-730038.45769	-730028.04802	-730010.90147	-730004.26286	-729992.15446	-729981.4344	-729969.31219	-729961.11996	-729949.90988	-729940.38151	-729934.21263	-729923.45013	-729912.43306	-729902.82554	
-730153.94932	-730143.96805	-730097.55803	-730088.30244	-730079.89147	-730065.21035	-730047.08292	-730033.87348	-730019.87691	-730011.27665	-730003.28818	-729994.14699	-729973.27584	-729960.46979	-729950.67551	-729940.91609	-729926.36131	-729920.27008	-729910.22638	-729897.3822	
-730153.94932	-730147.23002	-730112.74257	-730106.45896	-730086.85816	-730074.42572	-730061.84558	-730047.2073	-730032.89082	-730025.74475	-730009.24114	-730005.41662	-729996.8257	-729987.13728	-729980.29614	-729972.06328	-729962.81352	-729955.63737	-729946.66272	-729943.03767	
-730153.94932	-730133.97581	-730105.38362	-730094.99236	-730080.13224	-730066.1113	-730046.7469	-730030.02229	-730022.50051	-730003.96467	-729989.0213	-729980.16512	-729970.29352	-729963.65767	-729947.27665	-729937.35329	-729930.05957	-729921.41231	-729912.86168	-729905.98484	
-730153.94932	-730145.76487	-730138.24487	-730112.25402	-730085.69709	-730064.49605	-730050.42833	-730033.91758	-730023.60997	-730011.04775	-730000.09434	-729987.47672	-729971.69668	-729963.35636	-729955.69055	-729942.72869	-729935.07719	-729923.29267	-729910.97264	-729903.86119	
-730153.94932	-730127.35468	-730099.70982	-730092.18424	-730076.36313	-730064.83887	-730042.95272	-730025.13664	-730001.29665	-729990.76915	-729979.912	-729972.04775	-729967.04167	-729951.51106	-729939.91519	-729929.69824	-729914.7882	-729909.87993	-729902.92048	-729895.09015	
-730153.94932	-730129.74275	-730103.54723	-730087.04065	-730077.2433	-730034.72514	-730023.8794	-730013.33014	-730007.4964	-729993.0411	-729982.95145	-729967.51982	-729947.68189	-729930.75012	-729920.13353	-729903.94878	-729901.75628	-729896.28479	-729884.88206	-729877.8572	
-730153.94932	-730134.4817	-730119.92217	-730100.76828	-730069.6273	-730061.90106	-730045.68792	-730027.35638	-730014.71127	-730003.81726	-729989.19032	-729976.90652	-729967.05065	-729955.7631	-729948.95023	-729937.50499	-729922.88985	-729911.38438	-729898.8751	-729893.20284	
-730153.94932	-730145.91067	-730135.00868	-730115.16599	-730096.15337	-730070.45391	-730064.91093	-730052.53571	-730032.79023	-730014.92715	-730006.44467	-729999.5437	-729991.53289	-729980.71022	-729975.29772	-729965.37103	-729951.97773	-729941.141	-729931.1972	-729925.00438	
