-730153.94932	-730137.26272	-730098.82528	-730088.27149	-730077.58595	-730067.4699	-730059.30389	-730035.52563	-730020.94858	-730007.0749	-729994.7725	-729985.48986	-729970.58061	-729960.16604	-729949.72744	-729937.70971	-729929.25828	-729919.35201	-729911.93428	-729901.88405	-729884.95288	-729880.31977	-729873.97223	-729861.88719	-729856.22226	
-730153.94932	-730137.12203	-730119.69514	-730093.72659	-730084.6101	-730068.10297	-730057.04718	-730039.58049	-730026.89241	-730007.00954	-729991.4347	-729982.67073	-729973.58776	-729959.29559	-729940.7345	-729932.41324	-729927.16189	-729919.16182	-729907.64354	-729900.99291	-729888.56285	-729884.96252	-729878.71905	-729864.96248	-729850.12398	
-730153.94932	-730142.2612	-730115.71658	-730085.09704	-730058.92829	-730040.91526	-730028.11242	-730010.79572	-729987.31154	-729979.50223	-729961.68412	-729948.22657	-729943.74106	-729930.51445	-729917.25934	-729904.57925	-729891.41911	-729880.72787	-729872.55193	-729864.55889	-729852.21719	-729841.96937	-729837.25073	-729832.62774	-729825.63002	
-730153.94932	-730146.31594	-730119.98021	-730103.437	-730085.26221	-730066.15153	-730056.13219	-730035.13759	-730018.30152	-730005.9987	-729995.74129	-729987.1575	-729977.82902	-729961.46403	-729950.1957	-729934.97641	-729928.84152	-729922.70726	-729911.06277	-729905.01698	-729899.35244	-729894.47884	-729887.43122	-729877.36529	-729871.52289	
-730153.94932	-730126.60875	-730107.38341	-730085.31732	-730061.89166	-730048.45196	-730035.27058	-730012.56866	-730000.96244	-729981.30005	-729967.6217	-729955.64245	-729949.7354	-729938.70112	-729925.68719	-729912.021	-729903.44454	-729893.9831	-729888.95693	-729878.33018	-729873.67572	-729868.37621	-729857.92605	-729851.91519	-729845.36408	
-730153.94932	-730141.10193	-730125.6356	-730097.30229	-730074.06393	-730066.63116	-730043.77393	-730028.85684	-730019.6775	-730005.19588	-729986.9554	-729975.34486	-729969.14733	-729959.29988	-729950.17246	-729941.32297	-729935.08064	-729924.5557	-729920.7812	-729914.82841	-729906.9412	-729899.34814	-729895.17429	-729887.83419	-729877.09955	
-730153.94932	-730142.99215	-730113.24614	-730078.98731	-730057.68574	-730039.80281	-730030.12125	-730018.43999	-730004.1942	-729992.57842	-729981.73854	-729970.87612	-729957.74041	-729950.99802	-729945.21876	-729939.26728	-729930.34486	-729925.50107	-729916.78273	-729910.68044	-729904.03525	-729898.99373	-729888.55648	-729880.00994	-729869.104	
-730153.94932	-730134.32914	-730127.12473	-730095.64179	-730082.66078	-730067.2779	-730051.75836	-730036.99156	-730021.06192	-730006.95981	-729989.81831	-729975.78622	-729962.63756	-729953.19314	-729945.80319	-729938.48367	-729931.54399	-729924.53369	-729915.40306	-729908.50334	-729903.50647	-729891.28287	-729879.40613	-729864.04997	-729857.09633	
-730153.94932	-730141.15336	-730116.95237	-730087.14005	-730072.46711	-730055.25317	-730030.85193	-730018.7972	-730008.99555	-729996.61186	-729983.58147	-729965.1647	-729956.35334	-729949.15677	-729936.96629	-729925.66677	-729916.7984	-729910.92108	-729905.72046	-729897.71151	-729890.69799	-729882.09607	-729869.44743	-729861.29315	-729856.68853	
-730153.94932	-730141.82202	-730117.26051	-730097.77774	-730081.25146	-730066.86178	-730054.04055	-730037.64106	-730024.39459	-730011.68361	-730005.95613	-729994.77458	-729987.25935	-729972.0005	-729960.77999	-729952.87066	-729943.33401	-729935.36921	-729923.7425	-729914.28545	-729908.55645	-729897.74755	-729889.46156	-729880.77583	-729871.98831	
