-730153.94932	-730120.91341	-730095.06971	-730070.19979	-730050.12751	-730031.60748	-730015.66982	-730001.36364	-729986.92997	-729979.16807	-729965.26528	-729950.24746	-729940.69002	-729928.78773	-729916.46347	-729904.31887	-729900.05434	-729893.3936	-729888.64766	-729879.79656	-729875.08825	-729866.73467	-729858.75817	-729851.97014	-729847.34898	
-730153.94932	-730134.62859	-730098.10131	-730068.3922	-730051.98337	-730037.36611	-730026.11263	-730014.48801	-730003.37223	-729990.5302	-729982.64791	-729964.96044	-729958.99561	-729951.93778	-729933.41554	-729919.49733	-729913.18979	-729905.32014	-729895.48621	-729885.33532	-729873.53789	-729864.16057	-729860.11248	-729845.62509	-729836.58138	
-730153.94932	-730139.28433	-730111.24339	-730096.39617	-730079.72736	-730060.19864	-730030.21732	-730023.4157	-730007.92621	-729994.85186	-729983.08229	-729972.64955	-729961.06312	-729954.09132	-729943.16642	-729929.42228	-729917.00166	-729908.63718	-729897.60086	-729884.08775	-729876.77022	-729869.54446	-729865.10339	-729858.98371	-729852.36911	
-730153.94932	-730140.18522	-730130.94665	-730096.76875	-730066.64556	-730053.00981	-730033.13901	-730016.78689	-730004.87508	-729994.85091	-729982.49665	-729975.65113	-729959.00663	-729952.58544	-729940.71139	-729932.77974	-729918.40803	-729908.57888	-729899.96141	-729894.68812	-729887.87188	-729881.15324	-729874.80924	-729864.75943	-729855.78569	
-730153.94932	-730143.89018	-730136.6846	-730104.93956	-730098.96522	-730086.75747	-730066.56689	-730050.29713	-730038.1053	-730026.6849	-730022.35713	-730013.92919	-730005.25309	-729993.9554	-729982.31952	-729956.59339	-729949.0203	-729939.12623	-729926.16334	-729916.70374	-729904.20698	-729897.47327	-729890.41361	-729873.1075	-729857.64054	
-730153.94932	-730117.43924	-730105.53578	-730097.90614	-730088.59372	-730064.23358	-730057.99548	-730045.438	-730032.76425	-730019.61808	-730006.60983	-729994.62434	-729975.65475	-729965.4342	-729960.70249	-729948.28348	-729937.93818	-729924.38284	-729913.5272	-729901.04747	-729889.63457	-729884.19629	-729873.3732	-729869.73808	-729865.93463	
-730153.94932	-730137.18558	-730114.22476	-730084.77754	-730067.51821	-730040.38109	-730025.13089	-730007.15908	-730002.52541	-729987.39026	-729963.42973	-729950.21475	-729942.37014	-729928.24071	-729920.26863	-729908.3981	-729898.99653	-729888.49029	-729882.31283	-729875.84648	-729864.51761	-729853.57539	-729842.15404	-729836.86059	-729831.68205	
-730153.94932	-730130.47955	-730104.18784	-730083.36716	-730060.56092	-730048.93873	-730026.35968	-730015.56212	-730002.61752	-729989.7518	-729976.57453	-729963.10964	-729953.73139	-729941.56241	-729932.7761	-729918.21239	-729910.24309	-729899.56346	-729889.6347	-729878.85876	-729869.18619	-729857.30473	-729852.11927	-729837.62818	-729835.54577	
-730153.94932	-730150.26782	-730119.17485	-730095.86198	-730077.16003	-730053.9695	-730042.19106	-730024.23195	-730006.00775	-729985.33408	-729972.21196	-729960.13496	-729942.05481	-729927.44412	-729922.65113	-729914.37783	-729904.68718	-729897.16329	-729890.14849	-729882.72885	-729873.17971	-729865.93652	-729858.3688	-729852.39659	-729844.61703	
-730153.94932	-730143.4905	-730132.12656	-730097.28118	-730074.56549	-730063.79723	-730051.4995	-730036.17487	-730021.67835	-730010.63319	-729990.63095	-729975.15794	-729967.29598	-729959.92873	-729947.92188	-729941.98088	-729927.57632	-729918.08357	-729910.05478	-729900.95912	-729890.85419	-729876.99586	-729871.09294	-729864.95854	-729852.44137	
