-730153.94932	-730146.94631	-730111.2184	-730101.57051	-730094.41737	-730077.47102	-730067.44234	-730051.64719	-730042.12181	-730026.11963	-730013.68764	-730001.21738	-729997.35476	-729983.69192	-729975.72	-729965.96262	-729953.82547	-729946.70022	-729939.41851	-729930.21385	
-730153.94932	-730145.91688	-730119.05278	-730087.81924	-730068.00982	-730045.598	-730035.53376	-730024.9341	-730013.35647	-730008.96193	-730000.96841	-729992.49673	-729976.77099	-729967.58183	-729951.09575	-729934.05575	-729926.32505	-729921.60982	-729908.37063	-729901.81056	
-730153.94932	-730128.42751	-730116.06302	-730085.54996	-730070.01194	-730056.72098	-730045.56406	-730033.48578	-730025.76322	-730002.07089	-729989.07812	-729979.34634	-729966.83116	-729951.75495	-729940.86562	-729931.59072	-729917.07969	-729910.21741	-729902.76656	-729891.1171	
-730153.94932	-730144.47108	-730131.63391	-730100.64826	-730079.33756	-730068.32776	-730056.8995	-730046.76608	-730031.23364	-730020.56936	-729996.44934	-729988.18021	-729975.17651	-729957.98909	-729951.79629	-729939.66267	-729934.08013	-729916.44279	-729906.62621	-729890.77377	
-730153.94932	-730138.97478	-730123.20912	-730106.59015	-730084.28487	-730071.52351	-730050.26594	-730038.18772	-730017.17487	-729999.87934	-729983.74165	-729970.61552	-729963.05518	-729956.26374	-729946.81321	-729937.17803	-729928.1451	-729915.22801	-729906.05473	-729897.68922	
-730153.94932	-730147.44981	-730137.58997	-730105.43761	-730088.05375	-730060.46845	-730045.85045	-730036.54325	-730022.75637	-730010.95335	-730001.12662	-729989.41128	-729976.72928	-729966.63244	-729956.63048	-729947.57573	-729936.83435	-729916.92565	-729906.97617	-729898.98152	
-730153.94932	-730145.03951	-730114.78915	-730090.25489	-730080.4715	-730066.95173	-730045.32431	-730036.85081	-730025.55737	-730010.1275	-730002.63514	-729991.08178	-729981.56967	-729971.87676	-729965.45244	-729961.19303	-729950.52796	-729945.11595	-729928.4236	-729921.24612	
-730153.94932	-730134.53074	-730109.10247	-730085.76172	-730078.32705	-730068.32088	-730057.32957	-730039.34133	-730022.25916	-730011.24412	-729997.51912	-729979.51552	-729965.0696	-729952.24536	-729935.39296	-729923.8434	-729912.86348	-729905.06275	-729899.72152	-729886.57823	
-730153.94932	-730145.6248	-730116.05363	-730097.83878	-730090.70587	-730056.9805	-730036.88651	-730026.7117	-730017.89038	-730005.32621	-729993.61209	-729978.23359	-729963.71718	-729958.83206	-729948.21493	-729940.4795	-729930.11531	-729917.43814	-729912.67692	-729904.65357	
-730153.94932	-730134.07527	-730126.57684	-730091.33257	-730074.39118	-730062.34614	-730043.05726	-730034.05915	-730021.22904	-730015.00986	-729993.69497	-729982.14676	-729971.8081	-729955.5594	-729946.11577	-729934.94589	-729925.23799	-729913.87195	-729910.18806	-729901.78963	
