19
8 8 1
0 7.9 11.4 14.4 16.3 26.8 31.4 44.7
0.55258841 0 11.3 13.5 14.7 26.9 31.6 43.6
0.83146057 0.82287908 0 14.7 16.2 27.2 32 45.1
1.0850149 1.0023377 1.1084748 0 14.2 29.2 32.7 45.9
1.2579145 1.109046 1.2483618 1.0609618 0 29.1 32 47.2
2.4643612 2.4800606 2.5146045 2.7355936 2.7154967 0 35.5 41.5
3.0844559 3.1017774 3.1581522 3.242405 3.1106256 3.7195636 0 39.9
5.4660763 5.2021793 5.5102754 5.6093966 5.8130028 4.88012 4.5258905 0
8 8 2
0 8.2 12.8 14 15.1 28.1 28 43.2
0.98556604 0 10.6 13.6 15.1 27.7 27.8 43
1.6330592 1.3259613 0 13.6 15.2 28.4 28.9 43.5
1.8145654 1.7499746 1.7539936 0 13.1 30.1 29.2 45.3
1.970508 1.9623549 1.9851293 1.6797923 0 26.9 29.8 47.5
4.4998487 4.4264128 4.5578307 4.9433053 4.1870119 0 32.4 47.7
4.5138274 4.4701547 4.7097862 4.7232086 4.8269217 5.5790318 0 37.4
8.8843488 8.8157366 8.967566 9.4612559 9.9963084 10.428811 7.1155395 0
8 8 3
0 7.2 11.3 12.9 13.1 25.1 33.5 41.6
0.3600749 0 10.1 11.9 12.3 24.8 33.3 41.8
0.59308105 0.52024945 0 12.8 13.2 26.7 32.7 43.5
0.68657462 0.62419164 0.68394386 0 12.1 25.6 33 43.1
0.70324031 0.6535388 0.70619899 0.63665078 0 24.6 33.9 41.8
1.6234539 1.5994763 1.7589324 1.6586481 1.5745503 0 35.4 41
2.3456174 2.3218101 2.2730849 2.290443 2.3949579 2.5420573 0 53.1
3.5104459 3.5328793 3.7449565 3.6871891 3.51866 3.4767538 5.007216 0
8 8 4
0 7.8 11.6 14.8 14.6 28 33.1 42.7
0.7610541 0 10.6 14 13.1 27.7 30 42.1
1.2023935 1.073258 0 13.3 15.4 27.2 31.7 39.6
1.5704656 1.4728399 1.3894054 0 13.3 30.2 31.7 40.5
1.5576239 1.3770462 1.665865 1.3901801 0 28.8 32.1 40.2
3.7142849 3.6386967 3.5696936 4.0803126 3.8424727 0 33.1 39.8
4.6045895 4.0040918 4.3344089 4.2865559 4.4085193 4.677523 0 35.8
7.0425359 6.8676475 6.2964035 6.40512 6.3999472 6.295779 5.2704179 0
8 8 5
0 8.4 10.9 13.3 12.9 20.9 22.2 26.7
0.42280571 0 9.5 11.3 12.7 21.2 21.3 26.5
0.56920294 0.48997931 0 11.9 13.4 21.3 22.4 25.7
0.71040691 0.58890421 0.62827882 0 10.8 20.7 21.7 25.7
0.68704046 0.67458619 0.72147314 0.5622783 0 19.3 21.2 26.3
1.2650747 1.2888993 1.3036484 1.2507255 1.1464361 0 22.8 25.6
1.3499784 1.2801358 1.3705469 1.3097443 1.276315 1.4065456 0 26
1.7616626 1.7464108 1.6768342 1.6800621 1.7265345 1.6868277 1.7018015 0
8 8 6
0 4.4946194 9.2 12.6 15.2 25.1 28.1 44.2
0.76119179 0 8.3 12.6 14.4 27.3 29.5 44.3
1.6571176 1.4822683 0 10.7 14.7 24.2 29.3 46.4
2.3449576 2.3435873 1.9513649 0 12.2 27.4 29 49.3
2.9366015 2.7468818 2.8081403 2.2725285 0 27.1 30.2 48.1
5.7681398 6.4202954 5.4796124 6.4263169 6.3095647 0 28.7 43.2
6.6608221 7.1096368 7.0702562 6.964712 7.3524687 6.9364337 0 47.6
13.609222 13.654086 14.63152 16.182039 15.313767 13.276067 15.193482 0
8 8 7
0 7.9 14.1 15.4 15.5 22 27.5 49.7
1.0799055 0 12.9 12.9 13.2 21.2 25.1 48.2
2.097492 1.8803707 0 16.7 18.6 21.1 25.8 45.4
2.3337205 1.8835119 2.5593086 0 15.7 21 26.3 51.8
2.3464635 1.9289229 2.9082824 2.3700078 0 19.6 23.8 52.3
3.6714118 3.4851729 3.4738352 3.4545174 3.1236059 0 22.6 46.8
4.9142912 4.3247624 4.4914901 4.6231836 4.0018365 3.752164 0 51.6
12.799767 12.126325 11.071802 13.623553 13.840302 11.66811 13.495698 0
8 8 8
0 5 8.2 10.5 11.1 26 25 34.5
0.51777195 0 7.1 9.3 10.1 26.2 25.3 33.4
0.88537665 0.74859634 0 10.3 10.3 24.7 24.9 36
1.144659 1.004386 1.1388155 0 10.3 25.8 25.2 36.8
1.2341729 1.1148617 1.1411967 1.1370001 0 25.6 23.7 37.1
3.601348 3.6417933 3.3928836 3.5626877 3.5479378 0 26.4 39.5
3.3716462 3.427494 3.363061 3.4040158 3.149503 3.7105801 0 33.4
5.5599715 5.3272704 5.9203615 6.1011944 6.1570256 6.868533 5.2100836 0
8 8 9
0 7.5 11.9 15.6 15.3 25.4 25.4 38.6
0.27352914 0 11.1 14.2 15.1 25.6 25.1 38.9
0.46512104 0.42760439 0 14.6 15.8 25.2 26.1 38.2
0.63182523 0.5629832 0.5874268 0 14.4 25.7 26.3 38.7
0.61991824 0.6120068 0.64328695 0.57605603 0 23.7 25.3 38.7
1.1981655 1.2042451 1.188896 1.2130616 1.0862119 0 26 37.2
1.1835402 1.1670973 1.2309055 1.2349142 1.1768846 1.2226483 0 40.9
2.2601321 2.2844046 2.2373922 2.2690991 2.2677956 2.1561718 2.4434359 0
8 8 10
0 6.4 12 13.3 16.1 26.3 27.6 38.5
0.53824281 0 11.6 12.7 16.1 26.7 26.5 38.3
1.0889298 1.0532433 0 16.1 18.4 26.8 29.2 38.7
1.2131511 1.1603348 1.5327784 0 15.9 28.7 29.5 40.4
1.5183383 1.5240148 1.7868159 1.4921878 0 29 29.2 43.1
2.9412862 3.0105163 3.0328829 3.2937337 3.2928481 0 31 37.1
3.1406233 2.9857665 3.3853291 3.4220289 3.326912 3.7271352 0 37.9
5.2275176 5.1837327 5.2914778 5.5752379 6.087423 4.9957724 5.1228678 0
8 8 11
0 9.5 13.6 15.3 16.7 28.2 30.9 42
0.37743741 0 12.2 14.7 15.3 26.6 29.5 41.8
0.57035495 0.5023121 0 14.9 15.5 28.5 30 41.4
0.65348586 0.62486038 0.63096974 0 15 27.8 31.3 42.1
0.73254443 0.65623748 0.66891324 0.6427144 0 27.4 30.5 39.4
1.4790683 1.3663793 1.5023 1.4564266 1.4209057 0 31.1 39.9
1.6723802 1.5638822 1.5932331 1.6972392 1.6431423 1.6965212 0 34.4
2.7052014 2.6875806 2.655342 2.7185047 2.4619741 2.5312645 1.9688579 0
8 8 12
0 6.7 10.9 14.5 16.5 24.7 31.5 44.2
0.72978301 0 9.2 12.8 15.5 25.9 31.6 44.9
1.2726575 1.0409774 0 14 14.8 26 30.8 44.9
1.7490457 1.5040468 1.6891017 0 14.3 25.8 30.5 44.7
2.0541317 1.8901115 1.8029468 1.7279958 0 23.7 32 44.2
3.5337446 3.7537231 3.7555224 3.7289977 3.3448714 0 32.6 40.5
4.8451107 4.8476808 4.6798937 4.6268273 4.9583811 5.0564238 0 55
8.5274113 8.7346421 8.7574065 8.628187 8.4415236 7.5571641 11.927503 0
8 8 13
0 6.4 10.3 12.1 12.8 25.5 27 43.7
0.48946125 0 8.8 10.6 11.7 25.3 26.8 45.2
0.83324682 0.69374701 0 10.7 12 25.8 27 44.9
1.0022584 0.86161452 0.86835141 0 12.5 25 26 44.2
1.0650343 0.9606088 1.0004296 1.0413067 0 25.1 27.1 43.8
2.5782672 2.5460389 2.6193263 2.5203547 2.5400315 0 28 47
2.7578856 2.721622 2.7658662 2.6203552 2.7632245 2.9101546 0 40.8
5.9917818 6.2997326 6.2293034 6.0598392 5.9737805 6.7698096 5.2701175 0
8 8 14
0 6.7 9.4 12.3 11.3 14.6 17.3 21.7
0.3503627 0 7.6 10.3 10.6 14.3 17.1 22.9
0.50995362 0.40329658 0 9.5 10.9 14.2 16.6 22.5
0.6936571 0.5682398 0.51829582 0 11 16 17.7 23.5
0.63187669 0.58356235 0.60354112 0.60765629 0 14.5 16.6 21.6
0.8611972 0.8346501 0.82772417 0.95369947 0.85015628 0 17.3 23.5
1.0385681 1.0288948 0.99336416 1.0759429 0.9942146 1.0504225 0 22.4
1.4259715 1.5265052 1.4903359 1.5733176 1.4108984 1.5788585 1.4706529 0
8 8 15
0 7.5 12.2 14.7 17.3 27.4 27.6 43.5
0.51325029 0 11.5 14.4 17.3 26.5 28.3 45.4
0.87962937 0.82610588 0 13.7 17.1 28.8 29 45.2
1.0887011 1.0577182 1.000488 0 13.9 29.3 28.8 46.3
1.3333661 1.3286255 1.3110144 1.0226876 0 29.2 29.2 46.5
2.500881 2.3867271 2.6764836 2.7009086 2.7180575 0 29.2 44.8
2.498373 2.5706634 2.6748592 2.6144581 2.6862158 2.7271928 0 41.2
5.1023247 5.4243285 5.4119552 5.5632099 5.6533355 5.4108287 4.6282626 0
8 8 16
0 6.4 10.4 12.2 13.5 23.3 27 37.1
0.55436056 0 9.8 11.9 12.3 23.7 26.4 35.7
0.95033692 0.88630764 0 12.5 13.2 22.9 29.3 35.8
1.1386662 1.0951749 1.1685908 0 10.5 24.1 27.2 35.9
1.2758189 1.1499925 1.2473302 0.95090542 0 23 26.6 35.5
2.5636587 2.6232001 2.502707 2.6842472 2.5159686 0 30.5 35.9
3.0874111 2.9947367 3.4444182 3.1255523 3.0266635 3.6666754 0 38.7
5.0699233 4.7822864 4.7982869 4.8219635 4.7285408 4.851581 5.3089837 0
8 8 17
0 6.8 11.6 13 15.4 26.3 33.7 40.3
0.79363716 0 9.7 11.6 15.2 27 35.3 40.9
1.4396027 1.174078 0 13.6 15.2 27 37.8 39.2
1.6393677 1.443966 1.7278313 0 13.2 28.3 33.4 39.4
1.9971916 1.9715216 1.9683556 1.6607296 0 27.3 32.9 40.3
4.0911112 4.1970215 4.2286281 4.4571044 4.2594853 0 33.4 41.4
5.5830596 5.9555792 6.6081817 5.534905 5.4433782 5.5584464 0 53.3
7.8302417 7.9992292 7.5766978 7.5077929 7.7949322 8.2997106 11.716834 0
8 8 18
0 7.1 11.3 11.3 13.5 24 24.3 49
0.38931195 0 9.8 10.9 13.1 23.2 24.8 47.9
0.65072383 0.55496195 0 11.1 13 23.7 25.2 46.3
0.65164678 0.61982718 0.63487357 0 12.3 23.3 25 46.2
0.79672737 0.76746276 0.76371385 0.7125523 0 21.3 23.6 47.1
1.6546682 1.5765127 1.6290561 1.5901679 1.4171503 0 23.2 48.1
1.665488 1.7056841 1.7479607 1.7224583 1.6019832 1.5838208 0 48
5.0180053 4.815422 4.5728242 4.5383268 4.6764139 4.8519669 4.8095345 0
8 8 19
0 6.7 11.1 11.6 11.5 24.7 28 40.4
0.40361454 0 9.1 11.2 10.4 23.9 26.2 39.3
0.70910912 0.57158677 0 13.3 12.2 25.3 28.1 40.4
0.74803964 0.71506471 0.87403241 0 10.1 24.8 27.6 42
0.7364484 0.65299454 0.78726377 0.6338056 0 24.1 25 39.4
1.9309586 1.8419565 1.9953211 1.9346073 1.8499678 0 29.8 39
2.2693106 2.0741862 2.2912999 2.2320919 1.9509865 2.5010243 0 41
4.0262036 3.8515329 4.0196181 4.2623072 3.8447018 3.8124907 4.0931258 0
