8
8 8 1
0 9.9 16.8 21.1 22.9 52 59.7 118.7
2.6072968 0 14.2 18.9 19.7 52 62.3 112.7
4.8710826 3.944866 0 16.4 23.7 51.8 60.9 129.9
6.3496068 5.5046474 4.6725015 0 14.5 52.2 58.9 130
7.0286108 5.7921683 7.4325986 3.9701112 0 58.9 60.1 128.6
25.938248 25.778979 25.928555 25.660777 31.67223 0 67.3 112
33.520341 36.379634 34.915229 32.784352 33.507543 41.298167 0 96.9
166.89163 148.55983 212.24249 214.90918 198.7445 141.14189 96.134242 0
8 8 2
0 11.5 15.7 20.5 21 56.9 61.7 110.6
0.9104912 0 13.1 17.9 20.2 54.2 63.2 106
1.3059444 1.0556079 0 20.1 21.3 55.1 62.5 109
1.8116922 1.5253634 1.7767153 0 20.3 53 61.7 111.3
1.8698544 1.7770793 1.9076149 1.7836641 0 52.3 61 103.6
8.7774792 8.1185097 8.2979173 7.7073274 7.6076179 0 63.3 107.6
10.181428 10.617114 10.512205 10.154964 9.9623347 10.581229 0 120.7
40.51239 36.637946 38.98772 41.233006 35.123164 37.550883 49.945057 0
8 8 3
0 10.1 16.4 17.9 22 46.6 57.9 115.7
0.62908164 0 14 15.5 19.4 46.4 59 117.5
1.1122724 0.91748978 0 16.7 20.3 46.3 60.1 114.9
1.2368748 1.0421345 1.1396852 0 16.8 44.8 58.4 121.5
1.5942979 1.3587376 1.4516311 1.1420343 0 46.6 59.9 123.7
4.9461248 4.9158697 4.8940223 4.6501506 4.8905828 0 53.1 119.2
7.3035952 7.5394243 7.7805894 7.4061131 7.7144899 6.3008585 0 116.2
34.947659 36.411926 34.665766 39.69411 41.567504 39.000956 35.606182 0
8 8 4
0 9.3 15.5 19.1 19.7 44.4 59.2 117.4
0.95377956 0 14.3 18.1 19.3 44.1 60.8 116.5
1.7179896 1.5705369 0 18.4 18.9 45.7 60.9 117.1
2.2081077 2.0595623 2.1161532 0 16.2 48.7 54.8 121.5
2.2993218 2.2419404 2.1953679 1.7978435 0 47.8 53.6 114.8
7.6281057 7.6199109 8.0925888 8.9062262 8.665926 0 61.6 128.4
12.021789 12.5446 12.5377 10.449907 10.043973 12.906058 0 118.3
58.262667 57.030287 58.17013 63.487063 55.023234 74.82922 60.298454 0
8 8 5
0 11.3 15.8 18.2 20.3 36.3 57.8 118.4
1.1544001 0 13.7 15.7 18.7 35.4 55.4 118.8
1.7060719 1.430372 0 13.8 16.1 36 56.8 114.9
2.0344506 1.6953714 1.4487148 0 14.9 36.2 56.1 112.6
2.3240496 2.084258 1.7419549 1.5929981 0 34.8 53 116.2
5.3568122 5.1665358 5.2821719 5.3484362 5.0166515 0 58.4 122.8
11.738569 10.843621 11.339412 11.044182 10.09838 12.100542 0 123.1
61.428193 62.605769 57.528642 54.369297 59.230859 69.03175 68.867262 0
8 8 6
0 8.5 14.5 19.8 19.8 50.2 58.2 115.5
1.1078581 0 11.8 16.3 17.5 53.7 53.8 113.8
2.0514885 1.6099092 0 17.6 18.1 54.9 57.9 122.3
2.997005 2.3491408 2.5811861 0 19.9 55.1 59 114.9
2.9944638 2.5534927 2.6858837 2.9854639 0 53.8 56.5 111
12.30376 13.671768 14.165544 14.223816 13.783645 0 69.3 120.1
15.921648 13.840407 15.69192 16.106304 15.05026 22.329363 0 124.2
77.705221 74.321605 90.619587 76.230432 70.186592 83.511931 93.426067 0
8 8 7
0 12.4 20.7 21 23.7 69.9 72.5 109.6
1.918492 0 17.3 18.5 21.5 69.2 74.9 109.8
3.5557497 2.8615682 0 21.9 20.9 69.7 74.7 111.9
3.6062536 3.0864509 3.8302947 0 20 70.8 73.6 114.4
4.272102 3.7621781 3.6539627 3.4305099 0 69.3 77.1 116.8
25.092506 24.660016 25.077189 26.145631 24.84587 0 62.9 109
26.987938 28.947336 28.905846 28.01238 30.778185 20.131558 0 103.6
76.555632 76.617191 78.261478 82.937922 87.140679 71.640496 64.084999 0
8 8 8
0 11.6 18.9 21.3 23.7 59.2 65.2 114
1.0854412 0 14.8 19 20 58.4 64 111.1
1.9382787 1.4341102 0 20.4 21 59.2 64.3 108.4
2.2547981 1.9505354 2.124409 0 18.8 58.1 65.4 109.3
2.5735951 2.0595468 2.1963506 1.9130714 0 58.1 65.5 109.3
11.176069 10.840068 11.113472 10.791759 10.811043 0 64.5 115.1
13.327841 12.74486 12.811276 13.215539 13.344933 13.126648 0 119.2
50.534922 46.204393 44.510583 44.72055 46.001872 53.81039 56.991201 0
