14
8 8 1
0 9 16.3 16.7 17.3 59.5 55.7 82.8
1.1412879 0 17.8 15.7 17.4 61.4 58.2 79.7
2.3043734 2.5514214 0 18.2 21.5 57.9 58 83.1
2.352876 2.1881353 2.6314948 0 17.6 65.2 60.7 86.2
2.45652 2.4618875 3.2399274 2.4969618 0 58.4 55.9 81.9
16.218503 17.118176 15.382424 19.282305 15.422425 0 60.6 81.5
14.220634 15.422918 15.064401 16.440224 14.11549 16.312232 0 83.3
32.462474 30.167852 33.316328 35.740808 31.568425 31.091592 32.001513 0
8 8 2
0 10.8 16.2 18 19.9 53.7 57.6 95
0.68279873 0 15.1 16.2 18 54.5 55.8 94.4
1.1083412 1.0093544 0 18.2 19.6 57 57.6 100.1
1.2520913 1.1007518 1.2666714 0 18.2 55.5 57.3 95.9
1.4190214 1.2536262 1.3912108 1.2736325 0 56.7 57.4 101.5
6.531298 6.6667178 7.2330274 6.869341 7.0968465 0 62 89.5
7.2158026 6.7796043 7.1710004 7.1089917 7.1147779 8.2698815 0 86.5
21.784174 21.607746 24.306235 22.175008 25.377173 18.629875 16.959266 0
8 8 3
0 8.7 13.3 16.4 17.6 47.8 42.9 93.9
0.77244015 0 12.7 17.2 17.9 47.2 42.8 90.9
1.2588536 1.1911098 0 17.3 16.9 50.4 44.6 94.4
1.6019262 1.696306 1.7068655 0 14.8 48.8 46.5 96.2
1.7419739 1.7762498 1.6717707 1.4066597 0 47.6 44.1 98
7.5992787 7.3852332 8.2982232 7.8031212 7.5293205 0 55.7 101.9
6.2597282 6.2044249 6.6596373 7.055278 6.4613309 9.8035751 0 87.9
30.561725 28.402575 30.956799 32.092252 33.57378 37.557364 26.182594 0
8 8 4
0 8.8 16.7 19.9 22.2 61 56.1 83.7
1.4350532 0 12.7 17 19.5 57.3 54.4 84.4
3.0150254 2.191709 0 18.4 22.1 58.6 57.2 83
3.7596274 3.0863712 3.4083364 0 18.9 60.4 57.2 83
4.3196784 3.6707509 4.3226836 3.476819 0 60.2 56.4 87.5
21.837544 19.651087 20.338011 21.273655 21.106686 0 60.1 70.8
18.686282 17.897778 19.495813 19.391868 18.723185 21.312733 0 74.2
43.527826 44.298234 42.134952 42.401111 47.197691 31.278588 33.259665 0
8 8 5
0 10 18.1 21.4 22.7 66.3 70.1 74.4
1.4050017 0 14.5 18.8 20.2 62.1 66.7 69.5
2.8113731 2.1530048 0 18.8 20.6 60 69 75.1
3.4631435 2.9556835 2.9444674 0 21.4 62 68.5 77.8
3.7242103 3.2357566 3.3081429 3.4642016 0 61.3 66 76
21.572616 19.17189 17.96725 19.144893 18.66651 0 69.3 71.3
23.882023 21.883263 23.198282 22.857767 21.213392 23.004747 0 80.5
27.913546 24.652294 28.396482 30.269389 29.31819 25.492585 32.680936 0
8 8 6
0 8.7 18.3 21.4 25.9 53.5 64.5 88.3
0.91554099 0 16 21 24.3 53.2 64.4 89.4
2.1752067 1.8432678 0 21.8 25.2 54.7 63.3 94.4
2.6450076 2.5872542 2.698506 0 22.5 58.4 66.7 91.7
3.3951551 3.11969 3.2705974 2.7960639 0 59.1 60.4 101.5
11.178678 11.050534 11.448437 12.663049 13.127075 0 67 86
15.690936 15.495289 15.029896 16.451493 13.65296 17.068754 0 90.7
31.559062 32.142866 36.083377 33.160216 41.665036 31.128939 32.937962 0
8 8 7
0 10.1 16.4 20 22.3 48.9 55.6 106.6
0.56954292 0 14.3 18.7 20.9 48.9 54.8 108.3
1.0084364 0.85914813 0 20.4 20.9 46.6 53.5 104.6
1.2841028 1.181583 1.3166958 0 18.6 49.8 54.9 105.6
1.4730869 1.3570186 1.3580005 1.1706511 0 45.7 54.6 100.1
4.8710162 4.9019856 4.5639715 4.9939958 4.3601457 0 57.6 107.8
6.0487084 5.9088756 5.6822143 5.9160828 5.873499 6.5385347 0 97.2
26.804721 27.735448 25.538254 25.761334 22.852751 27.509321 20.911503 0
8 8 8
0 13.1 19.2 22.4 21.8 55.6 59.6 100.7
1.7183864 0 15.7 19.9 19.2 54.6 57.5 97.3
2.7337062 2.1129856 0 19.2 20.3 56.5 60.5 98
3.3040772 2.8293989 2.6983439 0 18.1 57.2 57 98.5
3.2131344 2.7091073 2.8995213 2.5020586 0 51.7 55.5 92.6
13.748195 13.272418 14.119395 14.335459 12.120907 0 54.6 93.4
15.697668 14.557959 15.917473 14.271747 13.625677 13.057448 0 94.5
55.789453 50.854646 51.012979 51.467714 45.132855 47.469875 46.891343 0
8 8 9
0 10.6 23 24.3 25.6 61.5 59.5 72.5
1.5540082 0 19.1 21.3 25.8 60.1 59 70.5
3.9899519 3.1404302 0 23.2 28.2 57.8 55.7 74.9
4.2448401 3.594405 4.0364798 0 21.4 65.5 55.4 73.4
4.5843085 4.5913396 5.229192 3.5927141 0 65.1 54 67.5
19.583365 18.704002 17.601474 21.448833 21.274194 0 70.2 82.7
17.988304 17.620092 16.057305 15.535091 14.842199 25.396201 0 78.3
27.348563 25.837738 29.407505 27.356303 23.484866 37.350806 32.550132 0
8 8 10
0 14.4 19.3 20.8 24.5 63.3 54 97.4
2.0888318 0 17.7 18.4 23.7 59 55.8 97.3
3.0032081 2.6991667 0 19.2 21.8 60.6 54 96.6
3.3026651 2.8229236 2.996775 0 19.5 63.8 55.1 98.6
4.1066817 3.9228373 3.5289192 3.0426978 0 62.6 55.2 96.9
19.313757 17.203939 18.111058 19.751361 19.047805 0 60.6 103.3
14.350973 15.087154 14.269092 14.683187 14.933328 17.54947 0 93.9
51.656407 51.513509 50.767705 52.443947 51.312259 59.067708 46.154994 0
8 8 11
0 12.3 17.8 22.2 23.8 53.3 64.4 90.3
2.885 0 18.9 23 22 56.3 64.9 87.5
4.5409198 4.8667975 0 20.2 22 55.6 59.9 84.4
5.9778334 6.2420528 5.3396158 0 20.1 56.1 66.5 89.4
6.5263269 5.8685283 5.8848422 5.2730223 0 57.8 63.3 91.1
23.319419 25.295289 24.871838 25.594673 26.801353 0 63.7 91
33.245384 33.507778 29.157324 35.221844 31.994488 31.97052 0 85.9
73.367299 66.575543 63.554598 69.297301 72.92886 74.927051 62.800061 0
8 8 12
0 11.6 17.9 20.6 22.4 66.8 53.8 74.9
1.2374255 0 18 22 23 67.6 55.1 72.9
2.0685838 2.0911053 0 20.6 23.8 66.8 56.7 72.9
2.4918603 2.7038427 2.4936853 0 23.5 67.5 56.8 73.7
2.7680311 2.8532408 2.9912298 2.92847 0 65.6 56.7 69.1
16.557812 16.877564 16.644224 17.14374 16.023649 0 69.7 83.1
10.75063 11.099505 11.673609 11.862351 11.637172 18.012039 0 63.2
20.61296 19.47425 19.63607 19.982152 17.508267 26.101484 14.565994 0
8 8 13
0 11.2 17.2 18.6 21.6 48 45.8 93.6
0.72794314 0 16.3 17.3 20 47 45.5 94.6
1.2023478 1.1292979 0 17.8 19.5 46.1 43.6 96.3
1.3309573 1.2173309 1.25655 0 19.2 48.9 44.9 97.6
1.6029308 1.4516189 1.4050934 1.3753782 0 46.4 45 92.1
5.3990183 5.2271732 5.039961 5.5499292 5.0804587 0 52.5 95.2
4.8885417 4.8336212 4.5122101 4.7472226 4.7401027 6.2814976 0 92.6
21.196407 21.830166 22.92545 23.538233 20.464027 21.915821 20.328427 0
8 8 14
0 10.3 18 21.7 23 50.6 50.8 76
0.76151101 0 16.6 20.2 22.2 50.6 50.9 74.8
1.4662991 1.3282875 0 22.9 22.3 51.1 50.4 72.8
1.8471769 1.685259 1.9803368 0 21.5 51.6 52 74.4
1.9990856 1.9119043 1.9255887 1.8241833 0 50.2 52.3 72.3
6.8731445 6.8248705 6.9796652 7.0030627 6.742103 0 58.2 68.6
6.8602955 6.8675867 6.7822378 7.0622533 7.1724423 8.8587819 0 78.2
15.101371 14.742734 14.095142 14.481307 13.81012 12.501442 16.363397 0
