2.61216910675 15798.8943
2.35933259221 18866.7461
2.38862724029 12198.2736
2.38862724029 17884.8363
2.61216910675 12252.6577
2.41096404744 17854.0096
2.41096404744 10451.9976
2.41096404744 16946.0665
2.61216910675 14806.4825
2.34968592298 17582.9091
2.61216910675 16944.1797
2.47220536653 14836.5918
2.41096404744 19261.9859
2.47220536653 19642.8449
2.43871774856 25112.227
2.47220536653 14580.4759
2.55823985182 17510.2226
2.41096404744 17206.02178
2.61216910675 18891.2886
2.37147297714 18553.9987
2.61216910675 14312.4236
2.43871774856 13866.1472
2.61216910675 15163.097
2.34968592298 18040.3629
2.61216910675 15379.2113
2.41096404744 15790.8128
2.61216910675 15967.211
2.55823985182 15082.791
2.35933259221 20137.4698
2.61216910675 13559.4445
2.61216910675 18102.8193
2.35933259221 14598.3251
2.41096404744 14568.8508
2.38862724029 16647.4278
2.61216910675 14812.4858
2.61216910675 15785.8323
2.61216910675 17545.5748
2.41096404744 17718.0152
2.37147297714 18212.5934
2.20823985182 12238.299
2.41096404744 15339.3282
2.41096404744 15301.4629
2.32751235015 12434.7751
2.37147297714 15343.1896
2.41096404744 11605.3537
2.41096404744 17996.3217
2.41096404744 13244.432
2.41096404744 14519.0631
2.55823985182 11471.7973
2.41096404744 14905.7491
2.38862724029 16243.3737
2.25532498521 17846.5167
2.61216910675 14838.2307
2.41096404744 17506.2789
2.61216910675 18256.1001
2.61216910675 13472.3278
2.35933259221 16375.4565
2.61216910675 16203.1058
2.352092199 18806.0836
2.51185321237 15419.1255
2.61216910675 14611.0593
2.37147297714 21314.1898
2.41096404744 16005.4892
2.3146795356 15138.7092
2.28829095753 21575.0514
2.25532498521 11990.3712
2.37147297714 14111.512
2.41096404744 15571.4892
2.41096404744 13343.6766
2.61216910675 16194.9125
2.41096404744 15666.703
2.34968592298 14081.8224
2.55823985182 17829.5033
2.41096404744 18716.4278
2.352092199 19980.5844
2.51185321237 21729.7534
2.38862724029 15308.6815
2.61216910675 14968.7258
2.41096404744 13596.9917
2.43871774856 15317.2457
2.41096404744 14166.3601
2.43871774856 16032.9222
2.43871774856 16272.8594
2.61216910675 15988.7467
2.4657256351 13294.4282
2.38862724029 17623.1716
2.61216910675 14144.2906
2.41096404744 20136.705
2.26449409553 15755.8324
2.41096404744 15584.2822
2.41096404744 17272.4435
2.41096404744 14003.0532
2.41096404744 15728.1039
2.41096404744 15079.1431
2.61216910675 13895.8199
2.41096404744 16191.6864
2.41096404744 17248.6051
2.41096404744 17342.1316
2.41096404744 15471.3231
2.51185321237 19881.7783
