2.54371514905 15426.78064
3.36337936762 21621.46191
2.47220536653 13635.3136
2.51911556376 18833.072
2.57712011927 15982.64405
2.61943145813 17732.4658
2.78437439076 13202.9998
2.89547150936 18243.1302
2.52082718842 15063.2893
2.97831709868 18461.597
2.5991266524 18761.4198
2.64348759017 15484.37
3.22678032766 23110.06277
2.58137118865 19327.833
2.71073648857 24471.1935
3.65778031576 26531.37408
2.89547150936 19752.09847
2.38862724029 14292.93028
2.55823985182 18681.0082
2.77192809489 18316.50071
2.78326777209 17896.77454
2.22588906099 12937.423
2.94408897956 21195.54818
2.42885056848 16215.243
2.5325787448 15460.0686
3.07430529935 17361.61533
2.5903872835 16242.02757
2.87646625065 15164.29541
2.5507315412 18232.30379
2.8806903294 16430.2956
2.36526893213 15620.8901
2.81329759741 18928.7594
2.64348759017 17175.653
2.84265636138 23616.32889
2.65831047612 19715.7945
2.45943222296 14051.695
2.39121851229 15819.958
3.01107217402 21298.93433
2.5507315412 16894.63205
2.77657040349 18772.796
2.51323312532 15187.516
2.84858501652 16021.45812
2.97831709868 17930.0731
2.53032306392 21493.67423
2.48582080103 15783.706
2.29001345299 14878.938
2.6277578281 12640.868
3.06877910497 16223.2338
2.352092199 13970.8098
2.78456278121 17592.86949
2.57146885016 15501.88934
2.92906704024 23094.34109
2.31897634039 15066.4691
3.08765129252 17852.04544
2.24367690598 19496.0422
2.54288392026 14709.8891
2.4 21190.26
2.26984968799 15337.5536
2.5507315412 19735.19917
2.83011313974 14666.87862
2.21424098176 15317.025
2.86434369691 21689.4021
2.43890683432 21971.166
2.96981051956 20287.24875
3.65778031576 28375.86928
3.08765129252 20883.63979
2.82480379307 18609.473
2.23557945006 18999.0
2.76550220321 16348.53
2.58791712701 20103.782
2.71887218755 18778.62739
2.24367690598 14220.83
2.74492020835 16637.07104
2.80680731616 19075.23727
2.80755489467 23430.70229
3.07430529935 22171.00507
2.66031825872 15281.176
2.43871774856 13787.5636
2.5991266524 16706.6924
2.72895876042 14656.3244
2.77335325582 20093.3644
2.64348759017 16086.7803
3.06877910497 20758.5737
2.94881654913 18001.60753
2.904184398 18724.387
3.17927696442 21562.97931
2.91768873669 20682.964
2.54670063995 19935.0875
2.904184398 22029.023
2.96981051956 17342.36545
2.51776556889 16535.2591
2.39121851229 16482.651
2.7 19259.118
2.63081141304 18048.1553
2.64460431397 16255.47427
2.39902289467 14996.8883
3.00694827437 16891.361
2.24355618924 14053.3
2.83011313974 15956.93642
2.68168708303 18030.9124
