3.07430529935 19297.51268
2.4848433006 16800.14018
2.43871774856 13620.4536
2.94155419775 18405.51342
2.94408897956 20028.94655
2.45040483286 16704.4028
2.99992871164 13240.36822
2.50411992591 20345.9662
2.46099584114 12647.9733
3.29090211289 19749.8088
2.69117934387 18667.6578
2.7 16805.718
3.22678032766 23110.06277
3.17927696442 18046.17982
2.94155419775 28095.9135
2.77657040349 16272.1823
2.72895876042 18806.44947
2.61943145813 17020.5605
2.82407376673 18693.41276
3.65778031576 18413.3001
2.96981051956 20192.08639
2.88216978497 13089.04182
2.77657040349 15604.8484
3.54196845385 19451.60119
2.60823572484 14792.7026
3.29090211289 18418.09992
2.94881654913 19045.08457
3.22678032766 15910.79941
2.77335325582 20950.67611
3.44603077994 18283.9964
3.29090211289 21276.40694
3.17927696442 17677.20926
2.46855762925 18037.39
2.77657040349 15997.8792
2.61216910675 14812.4858
2.92305658555 13958.19804
2.94155419775 18587.1776
3.17927696442 21537.58993
2.48217843403 16228.1512
2.47903600855 15214.336
2.57712011927 13304.10987
3.65778031576 17236.27583
2.61080711287 12555.2771
2.77335325582 13714.33423
3.25066110103 16556.71872
2.47357738302 17617.198
3.11628246821 15015.47556
2.74492020835 13007.78744
2.77657040349 11598.4928
2.68166878428 14722.65549
2.5991266524 13219.5706
2.68166878428 16572.89189
2.68168708303 18259.5891
3.29090211289 17388.01327
3.22678032766 23251.80613
2.56243040203 15066.2471
2.94408897956 16803.7826
2.58330804979 15015.8816
2.46099584114 15779.8584
2.81166195384 17517.68561
2.587633406 15552.0012
2.5991266524 16210.3632
2.62154609829 19298.308
2.99992871164 16737.35725
3.65778031576 29250.43659
3.00944491112 20694.44179
2.71073648857 14157.78406
2.77335325582 17130.78042
2.65831047612 14900.70575
2.35694827437 18869.136
2.97123147294 18307.25002
2.55324657831 12930.147
2.83011313974 18039.24504
2.84265636138 19873.5682
3.42715859238 22254.28178
2.90516805064 23807.46451
2.79500259952 15207.9456
2.60823572484 13148.1057
2.80680731616 18169.85591
2.45796025779 12874.258
2.92906704024 19388.2086
3.02582046192 18740.13744
2.92906704024 18013.21849
3.11628246821 19146.89572
2.79500259952 19735.62266
3.54196845385 20994.69655
2.59106157772 16122.691
2.82967314821 17677.418
2.78717170753 16789.72958
3.29090211289 17337.987
2.8419287731 17398.844
2.35556633618 12319.756
2.82407376673 17491.88707
2.91768873669 19245.686
2.55134369513 13724.17307
2.94881654913 16548.49795
2.83011313974 18042.30411
3.36337936762 18585.19992
2.83466642172 13739.1141
2.28062065954 15798.6013
