16
8 8 1
0 8.9 16.8 16.8 20.8 38 41 58.5
0.58730796 0 14.5 15.5 20.8 37.5 41.9 59.6
1.2268448 1.0279313 0 17.7 21.6 37.2 41.9 59.7
1.2222247 1.0969455 1.3025352 0 17.4 37.6 42.3 63.5
1.5818002 1.5776186 1.6609853 1.2569895 0 37.8 40.6 60.7
3.8250064 3.7182723 3.6539216 3.7141535 3.74271 0 44.5 60.6
4.2947056 4.4351902 4.4065822 4.4243508 4.1788405 4.8387509 0 61.5
7.9862454 8.2239651 8.3053054 9.161143 8.5241998 8.692249 8.8557516 0
8 8 2
0 8.2 12.8 14 15.1 28.1 28 43.2
0.98556604 0 10.6 13.6 15.1 27.7 27.8 43
1.6330592 1.3259613 0 13.6 15.2 28.4 28.9 43.5
1.8145654 1.7499746 1.7539936 0 13.1 30.1 29.2 45.3
1.970508 1.9623549 1.9851293 1.6797923 0 26.9 29.8 47.5
4.4998487 4.4264128 4.5578307 4.9433053 4.1870119 0 32.4 47.7
4.5138274 4.4701547 4.7097862 4.7232086 4.8269217 5.5790318 0 37.4
8.8843488 8.8157366 8.967566 9.4612559 9.9963084 10.428811 7.1155395 0
8 8 3
0 7.7 11.6 13.7 15.3 33.9 30.3 67.5
1.5505622 0 9.6 11.2 13 35 30.5 66.4
2.4396782 1.9613877 0 12.3 13.9 36 34 69.2
2.9835545 2.3533232 2.6200094 0 11.6 34.4 32.7 67.8
3.4093158 2.7966567 3.0222496 2.4221678 0 34.1 30.8 69
9.8607847 10.38307 10.744501 10.044747 9.9357104 0 35.5 62.4
8.4867352 8.6003307 9.9233108 9.4818734 8.7393656 10.769055 0 70
34.59984 33.322482 36.144857 33.932859 35.987324 28.950059 36.47343 0
8 8 4
0 9.8 16 18.5 20.5 38.8 44.7 69.5
0.91372537 0 13.4 18.2 18.5 38.7 43.1 69.3
1.6114806 1.3030107 0 18.5 19 37.6 44.3 71.1
1.9195557 1.881472 1.9211568 0 18.8 39.3 46.1 69.1
2.1818147 1.9270738 1.9868445 1.9551098 0 37.4 43.1 69.7
5.5012964 5.509358 5.3024199 5.6504814 5.2267099 0 39.3 67.2
6.8933584 6.5382847 6.8058019 7.246912 6.5484885 5.6558398 0 68.2
16.009309 15.946916 16.843684 15.896341 16.195079 15.296269 15.557787 0
8 8 5
0 7.1 13.5 18.8 15.7 35.7 45.7 53.2
0.95855453 0 12.5 17.2 15.6 34.6 44.8 51.6
1.9904243 1.8242988 0 16.9 18.5 35 45 54.4
2.9512059 2.6393059 2.5881805 0 16.8 35.7 46 56.6
2.3739986 2.359811 2.8976441 2.5629444 0 35.1 43.4 54.7
7.2599118 7.001503 7.1146173 7.2735969 7.1237735 0 42.5 48.8
10.519931 10.190767 10.147075 10.529481 9.6213449 9.2452664 0 67.8
14.727589 14.043259 15.370765 16.205146 15.342117 12.875072 21.825682 0
8 8 6
0 7.4 10.7 13.6 15.8 33.8 42.2 53.9
1.6761902 0 12.8 14.3 17 35.9 41.1 52.5
2.5463761 3.0836668 0 16.9 18.9 33.6 40.8 57
3.3232647 3.5002063 4.289346 0 15 34.3 37.7 55.6
3.9850052 4.334453 4.9542243 3.7545281 0 37.8 42.7 55.8
11.348596 12.315183 11.094179 11.45471 13.316011 0 39.2 55.7
15.498186 14.743834 14.727554 12.993448 15.737308 13.917019 0 69.1
25.240046 23.863052 27.782702 26.122336 26.61952 26.97131 37.306378 0
8 8 7
0 8.4 11.6 14.9 18.7 34.9 31.1 55.2
2.3357732 0 9.4 13.7 15 32.6 32.7 53
3.3446254 2.6524602 0 14.9 18 35.4 31.9 51.8
4.4364963 4.0444888 4.4432685 0 15.8 35.2 35 55.9
5.8787948 4.5572836 5.5701199 4.762024 0 36.3 32.8 63.5
14.43271 13.105923 14.855818 14.535083 15.009779 0 30.1 55.4
11.924096 12.779175 12.32245 14.093515 12.766891 11.550885 0 50.1
31.729625 30.019533 28.562439 32.316155 40.583517 33.248001 26.461798 0
8 8 8
0 7.5 13.9 13.6 16.9 39.6 45.3 94.7
0.83085973 0 11.4 12.3 16.5 37.3 47.3 95.6
1.6800085 1.3355536 0 14.2 17.6 38 46.7 95.8
1.6394824 1.4479716 1.7259703 0 16.1 38.3 46.7 90.4
2.1342201 2.0651817 2.2272506 2.0038875 0 39 49 92.9
7.0937767 6.5094188 6.6905422 6.7546644 6.9725958 0 49.3 86.7
8.6320255 9.2528829 9.0917263 9.0960466 9.8465493 9.9605273 0 86.6
40.975474 42.394191 42.34934 37.627036 39.087276 34.0549 32.18623 0
8 8 9
0 6.2 10.8 12.1 16.5 32.9 37.5 56.4
0.80701014 0 9.5 10.8 13.9 34.6 37.8 56.8
1.5072527 1.2937928 0 12.3 14.5 33.6 36.5 53.4
1.709869 1.5013977 1.7560437 0 12.6 33.2 36.4 54.2
2.4596262 2.0066634 2.1243127 1.7819693 0 32.3 34.3 54.5
6.3558532 6.826397 6.5952903 6.4432762 6.2178234 0 35.4 54.7
7.5299525 7.626587 7.2972222 7.2455288 6.6027015 6.9559172 0 57.8
15.140559 15.379351 13.918711 14.197299 14.282728 14.790656 16.069112 0
8 8 10
0 13.1 19.2 22.4 21.8 55.6 59.6 100.7
1.7183864 0 15.7 19.9 19.2 54.6 57.5 97.3
2.7337062 2.1129856 0 19.2 20.3 56.5 60.5 98
3.3040772 2.8293989 2.6983439 0 18.1 57.2 57 98.5
3.2131344 2.7091073 2.8995213 2.5020586 0 51.7 55.5 92.6
13.748195 13.272418 14.119395 14.335459 12.120907 0 54.6 93.4
15.697668 14.557959 15.917473 14.271747 13.625677 13.057448 0 94.5
55.789453 50.854646 51.012979 51.467714 45.132855 47.469875 46.891343 0
8 8 11
0 5.9 10.5 13.4 13.9 36 39.2 53.2
0.73945254 0 8 11.9 12.7 35.4 35.7 51.6
1.3910786 1.0264285 0 12.4 14.4 34.3 37.5 52.7
1.8251308 1.5856577 1.6695718 0 13.1 34.1 36.7 54.8
1.9031997 1.7212203 2.0011676 1.7858683 0 34 36.5 50.6
6.9574939 6.8100055 6.5036987 6.4276586 6.3710036 0 35.6 49.2
7.9951127 6.9473066 7.4441527 7.1984694 7.1657283 6.7825994 0 45.9
13.655859 12.983551 13.421919 14.16696 12.461641 11.849896 10.516449 0
8 8 12
0 14.4 19.3 20.8 24.5 63.3 54 97.4
2.0888318 0 17.7 18.4 23.7 59 55.8 97.3
3.0032081 2.6991667 0 19.2 21.8 60.6 54 96.6
3.3026651 2.8229236 2.996775 0 19.5 63.8 55.1 98.6
4.1066817 3.9228373 3.5289192 3.0426978 0 62.6 55.2 96.9
19.313757 17.203939 18.111058 19.751361 19.047805 0 60.6 103.3
14.350973 15.087154 14.269092 14.683187 14.933328 17.54947 0 93.9
51.656407 51.513509 50.767705 52.443947 51.312259 59.067708 46.154994 0
8 8 13
0 12.4 20.7 21 23.7 69.9 72.5 109.6
1.918492 0 17.3 18.5 21.5 69.2 74.9 109.8
3.5557497 2.8615682 0 21.9 20.9 69.7 74.7 111.9
3.6062536 3.0864509 3.8302947 0 20 70.8 73.6 114.4
4.272102 3.7621781 3.6539627 3.4305099 0 69.3 77.1 116.8
25.092506 24.660016 25.077189 26.145631 24.84587 0 62.9 109
26.987938 28.947336 28.905846 28.01238 30.778185 20.131558 0 103.6
76.555632 76.617191 78.261478 82.937922 87.140679 71.640496 64.084999 0
8 8 14
0 8.4 12.6 15.4 15.7 34.5 49.7 70.2
0.58841982 0 13 14.5 15.6 34.3 48.3 71.9
0.93557831 0.96358547 0 14.9 16.8 35.3 48.1 71.3
1.1843902 1.0967487 1.1420609 0 16.2 36.1 48.7 72.3
1.21508 1.2014887 1.3149392 1.261 0 34.6 47.3 70.5
3.6026267 3.5582461 3.7361157 3.8330291 3.6099612 0 46.9 65.1
6.3286428 6.0246106 6.0055549 6.1140424 5.8332447 5.8002396 0 57.2
12.738899 13.220646 13.110077 13.383984 12.68246 11.346755 8.4424777 0
8 8 15
0 7.1 11.3 11.3 13.5 24 24.3 49
0.38931195 0 9.8 10.9 13.1 23.2 24.8 47.9
0.65072383 0.55496195 0 11.1 13 23.7 25.2 46.3
0.65164678 0.61982718 0.63487357 0 12.3 23.3 25 46.2
0.79672737 0.76746276 0.76371385 0.7125523 0 21.3 23.6 47.1
1.6546682 1.5765127 1.6290561 1.5901679 1.4171503 0 23.2 48.1
1.665488 1.7056841 1.7479607 1.7224583 1.6019832 1.5838208 0 48
5.0180053 4.815422 4.5728242 4.5383268 4.6764139 4.8519669 4.8095345 0
8 8 16
0 9.4 15.3 18.9 18.7 43.7 45.5 76.2
0.65866089 0 13.2 16.4 16.7 44.1 47.8 75
1.1623525 0.97269868 0 17.1 17.7 42.6 46.9 76.4
1.5095783 1.2597327 1.3256245 0 17.6 45.3 50.8 79.6
1.4877537 1.2938828 1.3916342 1.387683 0 43.1 47 78.1
5.0695103 5.1488905 4.8642593 5.4075317 4.9318186 0 49.7 79.2
5.3463553 5.8135279 5.6528578 6.4336257 5.6042211 6.2795107 0 81.1
14.823867 14.383119 14.992165 16.434759 15.654682 16.201617 16.82108 0
