17
8 8 1
0 11.1 15.8 18.4 21.9 45.9 52.6 78.5
1.0961399 0 16 17.5 21.9 44 52.1 77.2
1.6616582 1.6907064 0 18.6 20.6 46.1 54.8 76.7
2.003531 1.8901437 2.0351409 0 18.4 44.7 53.7 82.4
2.5026981 2.5120121 2.3380391 2.0074393 0 45.9 54.3 81.7
7.5919544 7.1053474 7.7276266 7.2295014 7.6207053 0 56.2 84.8
9.6456352 9.470511 10.43012 10.00132 10.266287 10.858707 0 82.9
21.250523 20.619025 20.544503 23.691267 23.261007 25.429369 24.595971 0
8 8 2
0 8.3 13.1 18.9 21.8 45.4 51 78.3
1.0317907 0 12 16 19 41.2 48.8 80.7
1.727845 1.5501843 0 18.8 20.2 41.9 49.4 80.7
2.6922235 2.1961065 2.6666049 0 20 41.6 46.8 82.4
3.212207 2.7099088 2.9213053 2.8763257 0 41.3 46.1 85.7
9.6672361 8.2299807 8.4279315 8.33655 8.285041 0 49.3 79.9
11.975752 11.00078 11.279534 10.285604 10.020348 11.277405 0 77.5
29.125579 30.947915 30.998079 32.026599 34.594885 31.010862 28.219432 0
8 8 3
0 9.8 15.6 18.8 23.6 42.6 52.2 78.6
1.5650434 0 12.4 16.2 21 40.7 56 80.6
2.6962616 2.0712637 0 16.4 20.6 41.7 54.4 85.5
3.3580946 2.8085398 2.8608849 0 17.7 41.6 51.9 84.5
4.5175196 3.8720869 3.8024328 3.1152503 0 38.4 55 84.8
11.00409 10.255006 10.619366 10.539191 9.2104539 0 49.8 84.8
15.394916 17.241367 16.433851 15.192907 16.866617 14.021235 0 81.6
35.184255 36.62467 42.077834 41.455469 40.81079 43.194278 38.756899 0
8 8 4
0 10.3 16.1 16.5 20.9 55.6 50.6 73.2
1.1750117 0 13.7 14.2 17.3 53.7 50.3 72.8
2.0000749 1.6465072 0 16.8 19.8 54.8 51.2 77.5
2.0515955 1.7128768 2.090307 0 19.1 52.5 47 77.7
2.7711926 2.198946 2.5936657 2.4600813 0 48.8 49.8 71.4
12.499401 11.777797 12.111456 11.207398 9.9381146 0 60.7 74.1
10.385643 10.307342 10.570496 9.1373476 10.183738 14.21926 0 69.9
21.921029 21.949435 24.789679 24.68194 21.100723 22.711128 19.595694 0
8 8 5
0 11.7 19.2 21.1 21.9 54.4 56.2 84.5
1.400558 0 15 18.1 18.7 55.3 54.7 81.5
2.5445674 1.8894193 0 17.9 22.2 53.5 58.1 82
2.8606402 2.3723162 2.3146868 0 17.5 51.9 58.8 84.7
2.9963968 2.4714624 3.0333823 2.2606051 0 50.4 59.7 77.1
12.207721 12.565105 11.904793 11.275464 10.741894 0 55.4 85
13.169093 12.487571 13.983947 14.056436 14.517044 12.665064 0 76.1
31.178286 28.671398 29.006773 30.888385 25.46978 31.933079 24.793599 0
8 8 6
0 7.5 13.9 13.6 16.9 39.6 45.3 94.7
0.83085973 0 11.4 12.3 16.5 37.3 47.3 95.6
1.6800085 1.3355536 0 14.2 17.6 38 46.7 95.8
1.6394824 1.4479716 1.7259703 0 16.1 38.3 46.7 90.4
2.1342201 2.0651817 2.2272506 2.0038875 0 39 49 92.9
7.0937767 6.5094188 6.6905422 6.7546644 6.9725958 0 49.3 86.7
8.6320255 9.2528829 9.0917263 9.0960466 9.8465493 9.9605273 0 86.6
40.975474 42.394191 42.34934 37.627036 39.087276 34.0549 32.18623 0
8 8 7
0 12.2 17.4 19.2 22.2 43.2 51.8 88.6
1.098631 0 16.9 18.2 22.4 44.9 54.3 93.3
1.6735805 1.6090574 0 20.2 21.8 45.8 53.3 90.9
1.8843135 1.767361 2.0154631 0 19.3 42.9 52.9 89.2
2.2882579 2.3021414 2.2399892 1.905739 0 43.2 53.8 90.2
6.143576 6.5204472 6.6947408 6.0272707 6.0989719 0 45 83.5
8.3979164 9.1178139 8.7983172 8.6238544 8.8913783 6.4876457 0 83.8
25.932084 28.833408 27.315929 26.274552 27.050643 22.562475 22.647935 0
8 8 8
0 12.2 15.9 19 19.5 37.7 49.4 73.4
2.1989258 0 13.1 15.7 18.3 35.2 50.1 75.1
2.9881598 2.3754817 0 16.2 21.7 36.9 45.5 73.4
3.7294106 2.9387537 3.0502412 0 18.5 39.7 47.5 79.9
3.847799 3.5212405 4.3746736 3.5857121 0 40 47.5 79.3
9.8117025 8.8146289 9.4192868 10.534001 10.553876 0 46 70.9
14.977569 15.204173 13.134639 14.111919 14.031657 13.141144 0 85.2
34.501171 36.081641 34.575539 41.052532 39.6515 32.019675 45.749554 0
8 8 9
0 9.3 14.8 15.6 20 52.6 46.8 78.2
0.6483888 0 12.7 15 19.6 52.1 48.1 78.2
1.1119392 0.93026652 0 15.1 19.8 54.6 49.9 76.3
1.1676095 1.1110616 1.1267596 0 18.8 56.6 48.9 76.8
1.5849572 1.5494457 1.5716464 1.4632286 0 56.4 50.2 80.6
6.9529927 6.8299173 7.3835989 7.8274829 7.7512185 0 54.9 77.6
5.6494143 5.9010051 6.2641522 6.0818766 6.2994001 7.7512233 0 71.8
15.242977 15.363046 14.670851 14.788386 16.237811 15.380692 12.796875 0
8 8 10
0 9.2 17.4 16.4 21.3 42.4 49.2 81.4
1.5740999 0 14.7 14.3 18 40.4 47.8 77.5
3.3274023 2.7278449 0 15.8 18.7 44.7 50 79.6
3.1073872 2.6382309 2.947399 0 16.8 45.6 45.6 74.9
4.2678823 3.4649358 3.6234312 3.1639856 0 44.4 49 79
11.867558 10.964143 12.839434 13.217525 12.682884 0 48.1 82.9
15.204348 14.499927 15.722754 13.439014 15.137856 14.235118 0 77.4
42.624104 38.24164 40.597663 35.253106 39.156224 43.468196 37.436107 0
8 8 11
0 11.5 16.4 18.7 20.7 43.5 51.2 81.3
1.2825005 0 13.5 16.1 16.9 44.3 49.2 75.9
1.9565419 1.550571 0 16 17.6 43.6 49.3 76.2
2.2890378 1.9013819 1.8901446 0 15.6 43.4 47.9 83.5
2.6029896 2.0298337 2.1301188 1.832979 0 42.9 48.2 81.8
7.7628881 8.0246612 7.8208819 7.7394342 7.6184574 0 44.4 81.7
10.135591 9.5649036 9.5793312 9.0892356 9.1798827 8.0975735 0 78.2
26.729054 23.313195 23.503878 28.34405 27.112588 27.536939 24.337666 0
8 8 12
0 7.4 14.2 15.5 17.3 44.7 49.4 92.9
0.5078782 0 12.8 16.4 17.2 44.8 48.7 94.1
1.0576477 0.93584789 0 18 17.7 45.1 48.6 96.5
1.1747469 1.256127 1.4113384 0 16.7 43.2 49.6 95.8
1.3357359 1.327809 1.3793293 1.2910813 0 44.9 48.3 97.7
5.284373 5.2909125 5.3151383 4.9997829 5.3059971 0 45 94.2
6.1849465 6.0081232 5.9822413 6.174593 5.9414078 5.3160472 0 92.9
22.985124 23.503564 24.615757 24.649664 25.824204 24.534152 23.012928 0
8 8 13
0 8.4 15 19.1 19.3 44.7 52.5 83
0.86680075 0 14.2 19.8 19.5 46.2 54.3 80.9
1.6769577 1.5731644 0 17.4 18.2 45.1 49.7 85.4
2.2409617 2.3276649 1.9984886 0 17.7 48 54.3 87.8
2.294604 2.3051221 2.1190099 2.0357854 0 48.6 52.4 84.4
7.9273402 8.3508749 8.0266975 8.7532223 8.9995452 0 43.8 82.5
10.356196 10.835642 9.3616363 10.726556 10.171546 7.6088525 0 82.9
26.944013 25.353991 28.756932 29.326046 27.243967 26.75285 27.145692 0
8 8 14
0 9.3 15.2 17.4 24.9 46.4 51.4 78.3
1.1553239 0 14.1 16.4 25.5 46 49 76.8
2.0234163 1.8410859 0 17.3 25.6 44.4 51 71.7
2.3803449 2.2070408 2.3679859 0 21 48.8 48.3 75
3.7228262 3.8121714 3.8504492 2.9692459 0 55.4 55.1 86.6
10.00278 9.8132447 9.2899085 10.75986 12.834211 0 48.3 70.5
11.914237 10.9309 11.690921 10.647895 13.042413 10.683127 0 79.4
27.824561 26.664351 23.295332 25.52079 32.804842 22.729707 29.097128 0
8 8 15
0 8.4 12.6 16.8 18.8 37.5 44.4 86.1
1.2020272 0 11.2 15.6 17.3 37.1 42.4 88.5
1.8925535 1.6345814 0 14.8 18.1 36.8 43.1 88
2.6584575 2.416879 2.2826165 0 17.5 38.7 43.9 95.6
3.0168107 2.7203443 2.8815647 2.7740491 0 40.8 44.5 93.9
8.1999496 8.0765196 7.9834366 8.5530766 9.1822268 0 41.6 78.9
10.635094 9.8325621 10.155689 10.404621 10.519927 9.7318907 0 89.4
39.634422 42.177968 41.311049 49.612566 47.157299 33.006839 43.096959 0
8 8 16
0 9.4 15.3 18.9 18.7 43.7 45.5 76.2
0.65866089 0 13.2 16.4 16.7 44.1 47.8 75
1.1623525 0.97269868 0 17.1 17.7 42.6 46.9 76.4
1.5095783 1.2597327 1.3256245 0 17.6 45.3 50.8 79.6
1.4877537 1.2938828 1.3916342 1.387683 0 43.1 47 78.1
5.0695103 5.1488905 4.8642593 5.4075317 4.9318186 0 49.7 79.2
5.3463553 5.8135279 5.6528578 6.4336257 5.6042211 6.2795107 0 81.1
14.823867 14.383119 14.992165 16.434759 15.654682 16.201617 16.82108 0
8 8 17
0 7.5 13.7 17.9 19.5 49.3 51.6 65.3
0.81255824 0 11.6 15.3 17.2 48.2 51.6 65.7
1.612589 1.3243886 0 15.9 19.6 46.1 51.7 68.1
2.2100492 1.8274927 1.9304192 0 19.4 49.7 47.9 67.8
2.4776646 2.1198007 2.4998345 2.4815555 0 48.8 53 68.8
10.002655 9.6012472 8.9781731 10.034388 9.8057445 0 59.6 73.2
10.72414 10.610972 10.69004 9.4564081 11.257209 13.932611 0 71.8
17.164241 17.232445 18.659462 18.430338 18.878859 21.943126 20.650581 0
