23
8 8 1
0 8.9 16.8 16.8 20.8 38 41 58.5
0.58730796 0 14.5 15.5 20.8 37.5 41.9 59.6
1.2268448 1.0279313 0 17.7 21.6 37.2 41.9 59.7
1.2222247 1.0969455 1.3025352 0 17.4 37.6 42.3 63.5
1.5818002 1.5776186 1.6609853 1.2569895 0 37.8 40.6 60.7
3.8250064 3.7182723 3.6539216 3.7141535 3.74271 0 44.5 60.6
4.2947056 4.4351902 4.4065822 4.4243508 4.1788405 4.8387509 0 61.5
7.9862454 8.2239651 8.3053054 9.161143 8.5241998 8.692249 8.8557516 0
8 8 2
0 7.7 12.5 15.3 17.1 31.3 42.2 78.1
0.58075224 0 11.5 12.9 15.6 31.6 40.9 76.7
1.0004776 0.90713643 0 13.4 16.7 31.3 39.3 77.9
1.2620362 1.0344442 1.0827158 0 13.9 31.9 39.3 76.8
1.450199 1.2961201 1.4114947 1.1258213 0 30.8 39.8 78.6
3.3351088 3.3665884 3.3209789 3.3938814 3.2206072 0 40.7 75.7
5.1496226 4.9126339 4.65353 4.6123772 4.7068944 4.958267 0 77.6
16.830544 16.277732 16.67456 16.000835 16.986339 15.937801 16.590857 0
8 8 3
0 9.8 16 18.5 20.5 38.8 44.7 69.5
0.91372537 0 13.4 18.2 18.5 38.7 43.1 69.3
1.6114806 1.3030107 0 18.5 19 37.6 44.3 71.1
1.9195557 1.881472 1.9211568 0 18.8 39.3 46.1 69.1
2.1818147 1.9270738 1.9868445 1.9551098 0 37.4 43.1 69.7
5.5012964 5.509358 5.3024199 5.6504814 5.2267099 0 39.3 67.2
6.8933584 6.5382847 6.8058019 7.246912 6.5484885 5.6558398 0 68.2
16.009309 15.946916 16.843684 15.896341 16.195079 15.296269 15.557787 0
8 8 4
0 10.5 15.5 16.8 16.5 36.2 40.8 66.3
2.3100677 0 16 16.1 17.4 37.5 45.9 66
3.662873 3.772488 0 17.6 17.7 38 41.5 70.3
3.9666267 3.7917317 4.231534 0 16.9 39.9 44.9 69.4
3.884561 4.1350543 4.2331571 3.9720993 0 41.6 41.7 74.4
11.801887 12.399314 12.741384 13.655873 14.507274 0 38 68.4
13.983945 16.669842 14.271573 15.931525 14.197093 12.343975 0 79.9
33.929716 34.252441 38.393138 37.246829 43.047677 37.030679 49.085112 0
8 8 5
0 9.4 15.4 16.8 18.1 34.9 39.9 62.1
0.43443288 0 12.5 14.5 15.9 33.1 39.1 63.2
0.7694022 0.59875612 0 15.8 18.4 33.9 38.4 64.2
0.84977917 0.71335193 0.79157459 0 15.5 34.2 39.1 61.8
0.93507767 0.79672137 0.95210204 0.7731658 0 33.7 39 61.9
2.3572389 2.180122 2.2596975 2.2830249 2.2375626 0 40.3 62.2
2.8353426 2.7471325 2.6837223 2.7538912 2.7185967 2.8884731 0 59.3
6.3984203 6.6038798 6.7920532 6.318894 6.3116587 6.5489341 5.775826 0
8 8 6
0 7.4 14.2 15.6 16.7 32.4 34.5 73.8
1.9042508 0 13.6 15.3 17.9 37.1 31.5 71
3.9588149 3.7858548 0 16 19.7 36.1 35.1 68.5
4.4260138 4.325613 4.5706339 0 15.6 30 35.8 70.5
4.7915223 5.2063928 5.8845388 4.4195991 0 32.5 32.8 73.9
11.837553 14.396737 13.739207 10.657046 11.761197 0 38.2 75.6
12.879692 11.339655 13.145443 13.54905 11.970565 15.458021 0 81.4
51.932858 47.966811 44.855278 48.394751 52.718374 55.043635 63.766081 0
8 8 7
0 7.7 14.4 20.2 21.3 62.6 44.9 68.2
1.5494913 0 13.8 18.3 19.6 59.5 44.8 68.7
3.1847527 3.0059877 0 20.1 22.5 54.6 45.9 67.6
4.7697671 4.2258945 4.7490065 0 17.5 53.6 51.1 70.7
5.1567446 4.6171193 5.5150725 3.9958175 0 53.6 50.4 69.1
27.680576 25.307885 21.9668 21.080202 21.009168 0 51 57.7
15.580575 15.609365 16.213502 19.021814 18.69565 19.041009 0 59.3
34.020885 34.669682 33.623479 35.445998 34.192439 24.762913 25.439051 0
8 8 8
0 10.7 15.6 15 20.7 35.4 42.9 71.4
0.75736984 0 14.3 13.6 18.5 36.3 43.5 69.8
1.1817036 1.0655633 0 15 18.9 34.8 42.9 70.7
1.1151821 0.99263854 1.1146808 0 18.4 36.5 44.3 71
1.6609815 1.4392617 1.4940342 1.4269199 0 36.3 42.6 72.4
3.6471915 3.7579831 3.5553472 3.7615711 3.7322802 0 41.4 70.8
4.835979 4.9247602 4.815361 5.0247435 4.7564819 4.5835893 0 74.8
12.832744 12.304903 12.738045 12.540208 13.05502 12.660417 14.020971 0
8 8 9
0 10.9 16.5 17.5 18.8 41.6 48.2 60.7
1.2026514 0 14.3 14.6 17.2 41.7 48.3 60
1.9552852 1.651802 0 17.8 19.9 42.2 48 58
2.1002325 1.6841406 2.1546757 0 18.6 42.2 48.2 64.9
2.2708958 2.042976 2.4432966 2.2373689 0 44.2 49.4 68.5
7.1581136 7.2448114 7.4531303 7.3337455 7.8095896 0 51.4 60.9
9.2732992 9.2564261 9.2164404 9.1237088 9.5577199 10.292171 0 71
14.480284 14.176998 13.349551 16.295877 17.978836 14.955866 19.946876 0
8 8 10
0 8.4 13 15.3 15.9 62.8 44.2 71.3
0.49348816 0 12.9 14.3 15.7 62.1 43.9 71.6
0.81033579 0.80045588 0 14.6 13.8 64.1 44.7 72.5
0.97578713 0.9045768 0.92389488 0 13.3 63.6 44.3 75.7
1.0244655 1.0088601 0.86717049 0.82252108 0 62.3 43.2 73.6
8.3203422 8.1608528 8.6859229 8.4972459 8.1589964 0 62.8 79.2
4.404174 4.3657186 4.4701058 4.3846175 4.2287994 8.3349146 0 64.2
10.961082 11.007967 11.32411 12.350607 11.642383 13.652382 8.7158213 0
8 8 11
0 8.6 13.4 17.2 17 37.4 40.9 72.6
0.90660941 0 13.6 15.7 16.1 37.9 40.4 73.4
1.5008272 1.5125259 0 18.1 18.6 39.8 40.2 72
2.0082619 1.7871256 2.1266221 0 14.6 39.3 39.7 71.3
1.9765543 1.8450271 2.2029057 1.6480327 0 41.3 37.2 73.6
5.9930742 6.0855464 6.5459969 6.3871002 6.8878745 0 40.8 71.8
6.8059427 6.6337557 6.6509623 6.4952048 5.8530565 6.8511587 0 73.2
20.211637 20.61574 19.870002 19.482831 20.746824 19.613978 20.500654 0
8 8 12
0 8.7 14.4 17.5 18.7 51.2 47.3 59.1
2.4933601 0 12.8 18.7 17.6 50.7 46 60.8
4.4162842 3.838501 0 19.4 16.9 53.4 44.5 55.6
5.6369813 6.0880353 6.3827697 0 18.6 51.8 49.8 57.9
6.1100206 5.6342484 5.3519084 6.0863511 0 51.1 46.6 65
27.821386 27.193711 29.636631 27.829923 26.95409 0 52.1 62.8
23.463031 22.323007 21.171485 25.313763 22.726347 28.35987 0 59.5
36.078061 37.719884 32.338178 34.411552 41.902676 41.570836 36.140145 0
8 8 13
0 7.1 12.8 14 15.6 43.3 43.5 70.2
0.63357472 0 10.9 12.9 14.6 42.1 42.3 68.4
1.2233522 1.0161961 0 15.5 17.3 42.3 41.2 67.8
1.3496311 1.2286743 1.5336232 0 14.3 41 42.8 66.7
1.5491534 1.4355214 1.7631644 1.3838648 0 41.8 44.2 69.5
6.513559 6.2077868 6.3181695 5.9329459 6.148656 0 43 66.9
6.4175381 6.1674887 5.925905 6.2044316 6.5518163 6.3694363 0 67.8
16.039962 15.18959 15.072117 14.452976 15.750222 14.719547 14.930517 0
8 8 14
0 9.1 13.8 17.1 17.3 41.6 43.6 67.3
0.7082744 0 13.4 16.9 18.1 41.4 46.2 67.7
1.1434075 1.0973988 0 17.1 18.7 44.4 43.3 68.5
1.4690093 1.4490629 1.4685907 0 18.3 43.6 42.2 73.8
1.5083264 1.5896251 1.6571772 1.5996486 0 43 44.6 70.3
5.2417688 5.2265101 5.828328 5.6244782 5.5242347 0 48.4 66.6
5.5845785 6.1372781 5.5664477 5.289268 5.8256914 6.7265227 0 72.4
12.54403 12.639905 13.040294 14.965988 13.672465 12.451337 14.52334 0
8 8 15
0 7.5 13.3 16 15.9 34.8 46.8 77.4
1.2881154 0 11.8 16.2 15 36.5 49.5 77.6
2.4609209 2.147314 0 15.7 16 37.6 47 75
3.0911354 3.1134327 3.0085625 0 15.6 39.4 50.1 71.3
3.0641151 2.844812 3.0899361 2.9771253 0 37.9 47.2 75
8.906642 9.439089 10.020538 10.756185 10.088407 0 45.4 73.6
14.534579 15.829574 14.444339 16.127559 14.631872 13.841482 0 67.4
38.080693 37.976835 35.949004 32.005912 35.519807 34.883766 28.625017 0
8 8 16
0 9.6 15.3 18.3 20.8 44.5 53.4 58.7
0.83649962 0 13.2 17.8 19 44.6 53.1 61.4
1.432004 1.2041396 0 17.4 19.3 43.4 51.2 62
1.7822799 1.7113331 1.676291 0 16.2 45.7 49.5 63.4
2.0917951 1.8594605 1.9031516 1.5286318 0 43.6 50.9 64.8
6.4541786 6.406934 6.1639954 6.6950474 6.1649978 0 48.7 59.9
8.7446372 8.6245504 8.120762 7.6560632 8.0899954 7.5152502 0 59.9
10.737142 11.694268 11.948784 12.373916 12.83664 11.49601 11.25033 0
8 8 17
0 8.2 11.3 14.1 16 42.9 51.9 87.9
0.64621501 0 11.4 14.3 15.1 42.9 52.1 88.5
0.92981154 0.94106569 0 14.9 16.3 43.6 53.3 86.4
1.2041664 1.2303531 1.2866455 0 15.4 43.2 54.4 87.7
1.3947572 1.3076309 1.429276 1.3391182 0 40.4 52.4 86
5.711596 5.7000525 5.8718388 5.7727527 5.1686255 0 52.4 77.7
7.8103036 7.860911 8.1671127 8.4540232 7.8464589 7.9922913 0 72.8
23.321093 23.555811 22.4005 23.233942 21.838526 17.701207 15.399824 0
8 8 18
0 8.5 14.5 17.6 18 34.9 38 67.1
0.4224305 0 13.2 17.3 16.5 36.5 39.7 68.8
0.77931564 0.70065522 0 17.2 17.8 36.1 39.1 71.2
0.98481637 0.9633452 0.95877104 0 16.3 36.5 39.9 68.6
1.0128343 0.91343472 1.001765 0.89590377 0 35.3 39.8 71.5
2.5819935 2.7585059 2.7046491 2.7363937 2.6068871 0 37.7 70.7
2.9098988 3.1062764 3.0477386 3.1253207 3.1205871 2.8858041 0 67
8.1945357 8.6271961 9.2165137 8.5129525 9.2862072 9.0670901 8.0193227 0
8 8 19
0 7.5 13.8 14.1 17.1 45.1 41.9 63
1.3399645 0 13 15.6 16 43.4 39.5 60.5
2.6405724 2.4539025 0 15.1 16.2 43 40.6 62.9
2.7269104 3.0600284 2.9325697 0 14.6 40.7 40.6 61.7
3.4428356 3.1571283 3.1917857 2.8428213 0 37.1 38.9 62.2
13.812664 12.92165 12.758862 11.670514 10.258205 0 53.5 67.5
11.63736 10.608826 11.13677 11.068659 10.367326 17.851688 0 72.9
25.745967 23.800326 25.46101 24.807962 25.099872 29.797003 32.426975 0
8 8 20
0 7.3 10.7 14.1 15.3 36.3 41.1 76.4
0.32939201 0 9.7 13.3 14.3 37 41.2 76.7
0.50121225 0.4477883 0 12.6 14.5 37.1 41.1 75.5
0.68810226 0.64359778 0.60478203 0 14.1 36.8 40.4 75.5
0.75859077 0.70113038 0.71298018 0.68654843 0 37 41.8 77.2
2.4834221 2.5560554 2.5723017 2.5337021 2.5538273 0 44.1 82.1
2.9922734 2.9970537 2.9955019 2.9118361 3.0599011 3.3764726 0 74
9.8594676 9.9601342 9.6449947 9.6402875 10.012946 11.385405 8.9947047 0
8 8 21
0 9.2 15.9 18 21 41.7 43.1 71.8
0.65061767 0 15.3 17.2 21.4 41.8 42 70.8
1.2213748 1.1725059 0 17.7 20.3 39.6 41.5 70.1
1.4167392 1.3424945 1.3888099 0 18.4 40.5 41.2 71.6
1.7296659 1.7747689 1.6686543 1.4644598 0 37.5 41.7 70.9
4.7204568 4.7629502 4.382212 4.512017 4.029279 0 42.6 72
4.9838667 4.8079517 4.703806 4.6484185 4.7253939 4.8765574 0 65.2
13.018805 12.561697 12.416629 12.894586 12.587172 13.146926 10.625979 0
8 8 22
0 8.7 12.8 15.9 21.4 42.5 45.5 60.3
0.82623967 0 12.2 15.7 22 42.4 47.1 62.7
1.2787561 1.2080106 0 14.3 19.4 40.5 47.1 59.2
1.6447217 1.6113596 1.4466018 0 16.4 42.3 47.8 62.3
2.3810826 2.4682821 2.1225328 1.704584 0 44.5 45.2 63.9
6.686867 6.6967805 6.2504523 6.6576601 7.0924259 0 42.6 58.8
7.438056 7.8371 7.8815105 8.0230523 7.27133 6.6543771 0 59.9
12.63933 13.539602 12.210459 13.31775 13.915588 12.240071 12.431057 0
8 8 23
0 7.2 12.9 14.8 18.8 35.3 41.2 64.6
0.76988209 0 12.3 13.4 16.7 35.3 43.1 60.6
1.4769086 1.3936954 0 14.1 17.3 36.3 41.7 64.9
1.7358555 1.5428643 1.6371163 0 18.2 37.6 39.4 65.2
2.342117 2.0258292 2.1126531 2.2302995 0 37.3 41.4 64.2
5.7513084 5.7554051 5.9262299 6.2577671 6.1507353 0 44.5 63.2
7.1753945 7.701585 7.2517634 6.6751773 7.2872103 8.1754512 0 62.4
16.691078 14.762861 16.569802 16.923254 16.343641 15.977241 15.597426 0
